trace,request_id,timestamp,source_ip,method,path,protocol,proc_ms,tls_version,negotiated_proto,cipher_suite,sni,sni_present,ja3,ja4_raw,alpn_offered_str,alpn_first,alpn_count,alpn_has_h2,alpn_has_http11,alpn_h2_position,alpn_preference,supported_ver_str,supported_ver_names,supported_ver_count,supported_ver_has_grease,supported_ver_has_tls13,supported_ver_has_tls12,supported_ver_has_tls11,supported_ver_grease_pos,supported_ver_profile,supported_ver_13_before_12,cipher_count,cipher_has_grease,cipher_grease_pos,cipher_seq_str,cipher_no_grease_str,curve_count,curve_has_grease,curve_grease_pos,curve_seq_str,curve_no_grease_str,sig_count,sig_has_grease,sig_grease_pos,sig_seq_str,sig_no_grease_str,has_pq_crypto,ja4_a,ja4_b,ja4_c,ja4_protocol,ja4_version,ja4_sni,ja4_cipher_count,ja4_ext_count,ja4_alpn_code,ak_raw,ak_settings_str,ak_window_update,ak_priority_str,ak_pseudo_order,ak_stream_count,ak_header_table,ak_enable_push,ak_max_concurrent,ak_init_window,ak_max_frame,ak_max_header_list,h2_pseudo_order
trial-001,ba126175-61f3-4bdc-b15b-b29a23046abb,2026-04-19 06:17:15.604622824+00:00,205.172.168.145,GET,/subscribe-v1.html,HTTP/2.0,0.291,TLS 1.3,h2,TLS_AES_128_GCM_SHA256,uxbehaviorsuite.com,True,e351dc303c39394cbecbbbc9f254c623,t13d1516h2_8daaf6152771_02713d6af862,"h2,http/1.1",h2,2,True,True,0.0,h2_first,"2570,772,771","TLS 1.3,TLS 1.2",2,True,True,True,False,0.0,TLS1.3+TLS1.2,True,15,True,0.0,"2570,4865,4866,4867,49195,49199,49196,49200,52393,52392,49171,49172,156,157,47,53",TLS_AES_128_GCM_SHA256_TLS_AES_256_GCM_SHA384_TLS_CHACHA20_POLY1305_SHA256_ECDHE-ECDSA-AES128-GCM_ECDHE-RSA-AES128-GCM_ECDHE-ECDSA-AES256-GCM_ECDHE-RSA-AES256-GCM_ECDHE-ECDSA-CHACHA20_ECDHE-RSA-CHACHA20_ECDHE-RSA-AES128-CBC_ECDHE-RSA-AES256-CBC_RSA-AES128-GCM_RSA-AES256-GCM_RSA-AES128-CBC_RSA-AES256-CBC,4,True,0.0,"2570,25497,29,23,24",x25519Kyber768_x25519_secp256r1_secp384r1,8,False,,"1027,2052,1025,1283,2053,1281,2054,1537",ecdsa_secp256r1_sha256_rsa_pss_rsae_sha256_rsa_pkcs1_sha256_ecdsa_secp384r1_sha384_rsa_pss_rsae_sha384_rsa_pkcs1_sha384_rsa_pss_rsae_sha512_rsa_pkcs1_sha512,True,t13d1516h2,8daaf6152771,02713d6af862,t,13,d,15,16,h2,"1:65536;2:0;4:6291456;6:262144|15663105|1:1:0:256|m,a,s,p",1:65536;2:0;4:6291456;6:262144,15663105.0,1:1:0:256,"m,a,s,p",1.0,65536.0,0.0,,6291456.0,,262144.0,":method,:authority,:scheme,:path"
trial-001,eb7a9564-4ebf-4c83-9e95-136366516d34,2026-04-19 06:17:15.642021845+00:00,205.172.168.145,GET,/logger.js,HTTP/2.0,0.312,TLS 1.3,h2,TLS_AES_128_GCM_SHA256,uxbehaviorsuite.com,True,e351dc303c39394cbecbbbc9f254c623,t13d1516h2_8daaf6152771_02713d6af862,"h2,http/1.1",h2,2,True,True,0.0,h2_first,"2570,772,771","TLS 1.3,TLS 1.2",2,True,True,True,False,0.0,TLS1.3+TLS1.2,True,15,True,0.0,"2570,4865,4866,4867,49195,49199,49196,49200,52393,52392,49171,49172,156,157,47,53",TLS_AES_128_GCM_SHA256_TLS_AES_256_GCM_SHA384_TLS_CHACHA20_POLY1305_SHA256_ECDHE-ECDSA-AES128-GCM_ECDHE-RSA-AES128-GCM_ECDHE-ECDSA-AES256-GCM_ECDHE-RSA-AES256-GCM_ECDHE-ECDSA-CHACHA20_ECDHE-RSA-CHACHA20_ECDHE-RSA-AES128-CBC_ECDHE-RSA-AES256-CBC_RSA-AES128-GCM_RSA-AES256-GCM_RSA-AES128-CBC_RSA-AES256-CBC,4,True,0.0,"2570,25497,29,23,24",x25519Kyber768_x25519_secp256r1_secp384r1,8,False,,"1027,2052,1025,1283,2053,1281,2054,1537",ecdsa_secp256r1_sha256_rsa_pss_rsae_sha256_rsa_pkcs1_sha256_ecdsa_secp384r1_sha384_rsa_pss_rsae_sha384_rsa_pkcs1_sha384_rsa_pss_rsae_sha512_rsa_pkcs1_sha512,True,t13d1516h2,8daaf6152771,02713d6af862,t,13,d,15,16,h2,"1:65536;2:0;4:6291456;6:262144|15663105|1:1:0:256,3:1:0:220|m,a,s,p",1:65536;2:0;4:6291456;6:262144,15663105.0,"1:1:0:256,3:1:0:220","m,a,s,p",2.0,65536.0,0.0,,6291456.0,,262144.0,":method,:authority,:scheme,:path"
trial-001,1fcf0eb9-58b8-496f-ad3f-1541fe22755d,2026-04-19 06:18:06.910366260+00:00,205.172.168.145,GET,/subscribe-v2.html,HTTP/2.0,0.271,TLS 1.3,h2,TLS_AES_128_GCM_SHA256,uxbehaviorsuite.com,True,e351dc303c39394cbecbbbc9f254c623,t13d1516h2_8daaf6152771_02713d6af862,"h2,http/1.1",h2,2,True,True,0.0,h2_first,"2570,772,771","TLS 1.3,TLS 1.2",2,True,True,True,False,0.0,TLS1.3+TLS1.2,True,15,True,0.0,"2570,4865,4866,4867,49195,49199,49196,49200,52393,52392,49171,49172,156,157,47,53",TLS_AES_128_GCM_SHA256_TLS_AES_256_GCM_SHA384_TLS_CHACHA20_POLY1305_SHA256_ECDHE-ECDSA-AES128-GCM_ECDHE-RSA-AES128-GCM_ECDHE-ECDSA-AES256-GCM_ECDHE-RSA-AES256-GCM_ECDHE-ECDSA-CHACHA20_ECDHE-RSA-CHACHA20_ECDHE-RSA-AES128-CBC_ECDHE-RSA-AES256-CBC_RSA-AES128-GCM_RSA-AES256-GCM_RSA-AES128-CBC_RSA-AES256-CBC,4,True,0.0,"2570,25497,29,23,24",x25519Kyber768_x25519_secp256r1_secp384r1,8,False,,"1027,2052,1025,1283,2053,1281,2054,1537",ecdsa_secp256r1_sha256_rsa_pss_rsae_sha256_rsa_pkcs1_sha256_ecdsa_secp384r1_sha384_rsa_pss_rsae_sha384_rsa_pkcs1_sha384_rsa_pss_rsae_sha512_rsa_pkcs1_sha512,True,t13d1516h2,8daaf6152771,02713d6af862,t,13,d,15,16,h2,"1:65536;2:0;4:6291456;6:262144|15663105|1:1:0:256,3:1:0:220,5:1:0:110,7:1:0:256|m,a,s,p",1:65536;2:0;4:6291456;6:262144,15663105.0,"1:1:0:256,3:1:0:220,5:1:0:110,7:1:0:256","m,a,s,p",4.0,65536.0,0.0,,6291456.0,,262144.0,":method,:authority,:scheme,:path"
trial-001,6a0ca350-7b84-4424-8491-e9db68ed0cf1,2026-04-19 06:18:06.938554592+00:00,205.172.168.145,POST,/collect,HTTP/2.0,0.238,TLS 1.3,h2,TLS_AES_128_GCM_SHA256,uxbehaviorsuite.com,True,e351dc303c39394cbecbbbc9f254c623,t13d1516h2_8daaf6152771_02713d6af862,"h2,http/1.1",h2,2,True,True,0.0,h2_first,"2570,772,771","TLS 1.3,TLS 1.2",2,True,True,True,False,0.0,TLS1.3+TLS1.2,True,15,True,0.0,"2570,4865,4866,4867,49195,49199,49196,49200,52393,52392,49171,49172,156,157,47,53",TLS_AES_128_GCM_SHA256_TLS_AES_256_GCM_SHA384_TLS_CHACHA20_POLY1305_SHA256_ECDHE-ECDSA-AES128-GCM_ECDHE-RSA-AES128-GCM_ECDHE-ECDSA-AES256-GCM_ECDHE-RSA-AES256-GCM_ECDHE-ECDSA-CHACHA20_ECDHE-RSA-CHACHA20_ECDHE-RSA-AES128-CBC_ECDHE-RSA-AES256-CBC_RSA-AES128-GCM_RSA-AES256-GCM_RSA-AES128-CBC_RSA-AES256-CBC,4,True,0.0,"2570,25497,29,23,24",x25519Kyber768_x25519_secp256r1_secp384r1,8,False,,"1027,2052,1025,1283,2053,1281,2054,1537",ecdsa_secp256r1_sha256_rsa_pss_rsae_sha256_rsa_pkcs1_sha256_ecdsa_secp384r1_sha384_rsa_pss_rsae_sha384_rsa_pkcs1_sha384_rsa_pss_rsae_sha512_rsa_pkcs1_sha512,True,t13d1516h2,8daaf6152771,02713d6af862,t,13,d,15,16,h2,"1:65536;2:0;4:6291456;6:262144|15663105|1:1:0:256,3:1:0:220,5:1:0:110,7:1:0:256,9:1:0:110|m,a,s,p",1:65536;2:0;4:6291456;6:262144,15663105.0,"1:1:0:256,3:1:0:220,5:1:0:110,7:1:0:256,9:1:0:110","m,a,s,p",5.0,65536.0,0.0,,6291456.0,,262144.0,":method,:authority,:scheme,:path"
trial-001,12c2a57f-e01a-49fb-abc2-20d9eb98da6a,2026-04-19 06:18:06.938878011+00:00,205.172.168.145,POST,/collect,HTTP/2.0,0.171,TLS 1.3,h2,TLS_AES_128_GCM_SHA256,uxbehaviorsuite.com,True,e351dc303c39394cbecbbbc9f254c623,t13d1516h2_8daaf6152771_02713d6af862,"h2,http/1.1",h2,2,True,True,0.0,h2_first,"2570,772,771","TLS 1.3,TLS 1.2",2,True,True,True,False,0.0,TLS1.3+TLS1.2,True,15,True,0.0,"2570,4865,4866,4867,49195,49199,49196,49200,52393,52392,49171,49172,156,157,47,53",TLS_AES_128_GCM_SHA256_TLS_AES_256_GCM_SHA384_TLS_CHACHA20_POLY1305_SHA256_ECDHE-ECDSA-AES128-GCM_ECDHE-RSA-AES128-GCM_ECDHE-ECDSA-AES256-GCM_ECDHE-RSA-AES256-GCM_ECDHE-ECDSA-CHACHA20_ECDHE-RSA-CHACHA20_ECDHE-RSA-AES128-CBC_ECDHE-RSA-AES256-CBC_RSA-AES128-GCM_RSA-AES256-GCM_RSA-AES128-CBC_RSA-AES256-CBC,4,True,0.0,"2570,25497,29,23,24",x25519Kyber768_x25519_secp256r1_secp384r1,8,False,,"1027,2052,1025,1283,2053,1281,2054,1537",ecdsa_secp256r1_sha256_rsa_pss_rsae_sha256_rsa_pkcs1_sha256_ecdsa_secp384r1_sha384_rsa_pss_rsae_sha384_rsa_pkcs1_sha384_rsa_pss_rsae_sha512_rsa_pkcs1_sha512,True,t13d1516h2,8daaf6152771,02713d6af862,t,13,d,15,16,h2,"1:65536;2:0;4:6291456;6:262144|15663105|1:1:0:256,3:1:0:220,5:1:0:110,7:1:0:256,9:1:0:110,11:1:9:110|m,a,s,p",1:65536;2:0;4:6291456;6:262144,15663105.0,"1:1:0:256,3:1:0:220,5:1:0:110,7:1:0:256,9:1:0:110,11:1:9:110","m,a,s,p",6.0,65536.0,0.0,,6291456.0,,262144.0,":method,:authority,:scheme,:path"
trial-001,2a1d4dea-a884-4740-bc05-1edcd2019984,2026-04-19 06:19:16.065732609+00:00,205.172.168.145,GET,/subscribe-v3.html,HTTP/2.0,0.547,TLS 1.3,h2,TLS_AES_128_GCM_SHA256,uxbehaviorsuite.com,True,e351dc303c39394cbecbbbc9f254c623,t13d1516h2_8daaf6152771_02713d6af862,"h2,http/1.1",h2,2,True,True,0.0,h2_first,"2570,772,771","TLS 1.3,TLS 1.2",2,True,True,True,False,0.0,TLS1.3+TLS1.2,True,15,True,0.0,"2570,4865,4866,4867,49195,49199,49196,49200,52393,52392,49171,49172,156,157,47,53",TLS_AES_128_GCM_SHA256_TLS_AES_256_GCM_SHA384_TLS_CHACHA20_POLY1305_SHA256_ECDHE-ECDSA-AES128-GCM_ECDHE-RSA-AES128-GCM_ECDHE-ECDSA-AES256-GCM_ECDHE-RSA-AES256-GCM_ECDHE-ECDSA-CHACHA20_ECDHE-RSA-CHACHA20_ECDHE-RSA-AES128-CBC_ECDHE-RSA-AES256-CBC_RSA-AES128-GCM_RSA-AES256-GCM_RSA-AES128-CBC_RSA-AES256-CBC,4,True,0.0,"2570,25497,29,23,24",x25519Kyber768_x25519_secp256r1_secp384r1,8,False,,"1027,2052,1025,1283,2053,1281,2054,1537",ecdsa_secp256r1_sha256_rsa_pss_rsae_sha256_rsa_pkcs1_sha256_ecdsa_secp384r1_sha384_rsa_pss_rsae_sha384_rsa_pkcs1_sha384_rsa_pss_rsae_sha512_rsa_pkcs1_sha512,True,t13d1516h2,8daaf6152771,02713d6af862,t,13,d,15,16,h2,"1:65536;2:0;4:6291456;6:262144|15663105|1:1:0:256,3:1:0:220,5:1:0:110,7:1:0:256,9:1:0:110,11:1:9:110,13:1:0:256,15:1:13:110|m,a,s,p",1:65536;2:0;4:6291456;6:262144,15663105.0,"1:1:0:256,3:1:0:220,5:1:0:110,7:1:0:256,9:1:0:110,11:1:9:110,13:1:0:256,15:1:13:110","m,a,s,p",8.0,65536.0,0.0,,6291456.0,,262144.0,":method,:authority,:scheme,:path"
trial-001,415d57af-acc5-4c65-9eba-abfb84e15ea1,2026-04-19 06:19:16.065852305+00:00,205.172.168.145,POST,/collect,HTTP/2.0,0.467,TLS 1.3,h2,TLS_AES_128_GCM_SHA256,uxbehaviorsuite.com,True,e351dc303c39394cbecbbbc9f254c623,t13d1516h2_8daaf6152771_02713d6af862,"h2,http/1.1",h2,2,True,True,0.0,h2_first,"2570,772,771","TLS 1.3,TLS 1.2",2,True,True,True,False,0.0,TLS1.3+TLS1.2,True,15,True,0.0,"2570,4865,4866,4867,49195,49199,49196,49200,52393,52392,49171,49172,156,157,47,53",TLS_AES_128_GCM_SHA256_TLS_AES_256_GCM_SHA384_TLS_CHACHA20_POLY1305_SHA256_ECDHE-ECDSA-AES128-GCM_ECDHE-RSA-AES128-GCM_ECDHE-ECDSA-AES256-GCM_ECDHE-RSA-AES256-GCM_ECDHE-ECDSA-CHACHA20_ECDHE-RSA-CHACHA20_ECDHE-RSA-AES128-CBC_ECDHE-RSA-AES256-CBC_RSA-AES128-GCM_RSA-AES256-GCM_RSA-AES128-CBC_RSA-AES256-CBC,4,True,0.0,"2570,25497,29,23,24",x25519Kyber768_x25519_secp256r1_secp384r1,8,False,,"1027,2052,1025,1283,2053,1281,2054,1537",ecdsa_secp256r1_sha256_rsa_pss_rsae_sha256_rsa_pkcs1_sha256_ecdsa_secp384r1_sha384_rsa_pss_rsae_sha384_rsa_pkcs1_sha384_rsa_pss_rsae_sha512_rsa_pkcs1_sha512,True,t13d1516h2,8daaf6152771,02713d6af862,t,13,d,15,16,h2,"1:65536;2:0;4:6291456;6:262144|15663105|1:1:0:256,3:1:0:220,5:1:0:110,7:1:0:256,9:1:0:110,11:1:9:110,13:1:0:256,15:1:13:110|m,a,s,p",1:65536;2:0;4:6291456;6:262144,15663105.0,"1:1:0:256,3:1:0:220,5:1:0:110,7:1:0:256,9:1:0:110,11:1:9:110,13:1:0:256,15:1:13:110","m,a,s,p",8.0,65536.0,0.0,,6291456.0,,262144.0,":method,:authority,:scheme,:path"
trial-001,9c9fa9ca-2cb5-423d-8c4b-28407b3678fa,2026-04-19 06:19:16.091433395+00:00,205.172.168.145,POST,/collect,HTTP/2.0,0.26,TLS 1.3,h2,TLS_AES_128_GCM_SHA256,uxbehaviorsuite.com,True,e351dc303c39394cbecbbbc9f254c623,t13d1516h2_8daaf6152771_02713d6af862,"h2,http/1.1",h2,2,True,True,0.0,h2_first,"2570,772,771","TLS 1.3,TLS 1.2",2,True,True,True,False,0.0,TLS1.3+TLS1.2,True,15,True,0.0,"2570,4865,4866,4867,49195,49199,49196,49200,52393,52392,49171,49172,156,157,47,53",TLS_AES_128_GCM_SHA256_TLS_AES_256_GCM_SHA384_TLS_CHACHA20_POLY1305_SHA256_ECDHE-ECDSA-AES128-GCM_ECDHE-RSA-AES128-GCM_ECDHE-ECDSA-AES256-GCM_ECDHE-RSA-AES256-GCM_ECDHE-ECDSA-CHACHA20_ECDHE-RSA-CHACHA20_ECDHE-RSA-AES128-CBC_ECDHE-RSA-AES256-CBC_RSA-AES128-GCM_RSA-AES256-GCM_RSA-AES128-CBC_RSA-AES256-CBC,4,True,0.0,"2570,25497,29,23,24",x25519Kyber768_x25519_secp256r1_secp384r1,8,False,,"1027,2052,1025,1283,2053,1281,2054,1537",ecdsa_secp256r1_sha256_rsa_pss_rsae_sha256_rsa_pkcs1_sha256_ecdsa_secp384r1_sha384_rsa_pss_rsae_sha384_rsa_pkcs1_sha384_rsa_pss_rsae_sha512_rsa_pkcs1_sha512,True,t13d1516h2,8daaf6152771,02713d6af862,t,13,d,15,16,h2,"1:65536;2:0;4:6291456;6:262144|15663105|1:1:0:256,3:1:0:220,5:1:0:110,7:1:0:256,9:1:0:110,11:1:9:110,13:1:0:256,15:1:13:110,17:1:15:110|m,a,s,p",1:65536;2:0;4:6291456;6:262144,15663105.0,"1:1:0:256,3:1:0:220,5:1:0:110,7:1:0:256,9:1:0:110,11:1:9:110,13:1:0:256,15:1:13:110,17:1:15:110","m,a,s,p",9.0,65536.0,0.0,,6291456.0,,262144.0,":method,:authority,:scheme,:path"
trial-001,f24d7b46-9dc5-440f-817f-ea19072b3220,2026-04-19 06:19:16.093310284+00:00,205.172.168.145,POST,/collect,HTTP/2.0,0.185,TLS 1.3,h2,TLS_AES_128_GCM_SHA256,uxbehaviorsuite.com,True,e351dc303c39394cbecbbbc9f254c623,t13d1516h2_8daaf6152771_02713d6af862,"h2,http/1.1",h2,2,True,True,0.0,h2_first,"2570,772,771","TLS 1.3,TLS 1.2",2,True,True,True,False,0.0,TLS1.3+TLS1.2,True,15,True,0.0,"2570,4865,4866,4867,49195,49199,49196,49200,52393,52392,49171,49172,156,157,47,53",TLS_AES_128_GCM_SHA256_TLS_AES_256_GCM_SHA384_TLS_CHACHA20_POLY1305_SHA256_ECDHE-ECDSA-AES128-GCM_ECDHE-RSA-AES128-GCM_ECDHE-ECDSA-AES256-GCM_ECDHE-RSA-AES256-GCM_ECDHE-ECDSA-CHACHA20_ECDHE-RSA-CHACHA20_ECDHE-RSA-AES128-CBC_ECDHE-RSA-AES256-CBC_RSA-AES128-GCM_RSA-AES256-GCM_RSA-AES128-CBC_RSA-AES256-CBC,4,True,0.0,"2570,25497,29,23,24",x25519Kyber768_x25519_secp256r1_secp384r1,8,False,,"1027,2052,1025,1283,2053,1281,2054,1537",ecdsa_secp256r1_sha256_rsa_pss_rsae_sha256_rsa_pkcs1_sha256_ecdsa_secp384r1_sha384_rsa_pss_rsae_sha384_rsa_pkcs1_sha384_rsa_pss_rsae_sha512_rsa_pkcs1_sha512,True,t13d1516h2,8daaf6152771,02713d6af862,t,13,d,15,16,h2,"1:65536;2:0;4:6291456;6:262144|15663105|1:1:0:256,3:1:0:220,5:1:0:110,7:1:0:256,9:1:0:110,11:1:9:110,13:1:0:256,15:1:13:110,17:1:15:110,19:1:17:110|m,a,s,p",1:65536;2:0;4:6291456;6:262144,15663105.0,"1:1:0:256,3:1:0:220,5:1:0:110,7:1:0:256,9:1:0:110,11:1:9:110,13:1:0:256,15:1:13:110,17:1:15:110,19:1:17:110","m,a,s,p",10.0,65536.0,0.0,,6291456.0,,262144.0,":method,:authority,:scheme,:path"
trial-001,3624ec32-edf8-41d3-8113-6e9d5c5c41a9,2026-04-19 06:20:15.296109862+00:00,205.172.168.145,GET,/s2-scroll-gate.html,HTTP/2.0,2.248,TLS 1.3,h2,TLS_AES_128_GCM_SHA256,uxbehaviorsuite.com,True,e351dc303c39394cbecbbbc9f254c623,t13d1516h2_8daaf6152771_02713d6af862,"h2,http/1.1",h2,2,True,True,0.0,h2_first,"2570,772,771","TLS 1.3,TLS 1.2",2,True,True,True,False,0.0,TLS1.3+TLS1.2,True,15,True,0.0,"2570,4865,4866,4867,49195,49199,49196,49200,52393,52392,49171,49172,156,157,47,53",TLS_AES_128_GCM_SHA256_TLS_AES_256_GCM_SHA384_TLS_CHACHA20_POLY1305_SHA256_ECDHE-ECDSA-AES128-GCM_ECDHE-RSA-AES128-GCM_ECDHE-ECDSA-AES256-GCM_ECDHE-RSA-AES256-GCM_ECDHE-ECDSA-CHACHA20_ECDHE-RSA-CHACHA20_ECDHE-RSA-AES128-CBC_ECDHE-RSA-AES256-CBC_RSA-AES128-GCM_RSA-AES256-GCM_RSA-AES128-CBC_RSA-AES256-CBC,4,True,0.0,"2570,25497,29,23,24",x25519Kyber768_x25519_secp256r1_secp384r1,8,False,,"1027,2052,1025,1283,2053,1281,2054,1537",ecdsa_secp256r1_sha256_rsa_pss_rsae_sha256_rsa_pkcs1_sha256_ecdsa_secp384r1_sha384_rsa_pss_rsae_sha384_rsa_pkcs1_sha384_rsa_pss_rsae_sha512_rsa_pkcs1_sha512,True,t13d1516h2,8daaf6152771,02713d6af862,t,13,d,15,16,h2,"1:65536;2:0;4:6291456;6:262144|15663105|1:1:0:256,3:1:0:220,5:1:0:110,7:1:0:256,9:1:0:110,11:1:9:110,13:1:0:256,15:1:13:110,17:1:15:110,19:1:17:110,21:1:0:256,23:1:21:110|m,a,s,p",1:65536;2:0;4:6291456;6:262144,15663105.0,"1:1:0:256,3:1:0:220,5:1:0:110,7:1:0:256,9:1:0:110,11:1:9:110,13:1:0:256,15:1:13:110,17:1:15:110,19:1:17:110,21:1:0:256,23:1:21:110","m,a,s,p",12.0,65536.0,0.0,,6291456.0,,262144.0,":method,:authority,:scheme,:path"
trial-001,a51f0d81-a87b-43c8-bd98-e3fb5486b278,2026-04-19 06:20:15.296627209+00:00,205.172.168.145,POST,/collect,HTTP/2.0,0.388,TLS 1.3,h2,TLS_AES_128_GCM_SHA256,uxbehaviorsuite.com,True,e351dc303c39394cbecbbbc9f254c623,t13d1516h2_8daaf6152771_02713d6af862,"h2,http/1.1",h2,2,True,True,0.0,h2_first,"2570,772,771","TLS 1.3,TLS 1.2",2,True,True,True,False,0.0,TLS1.3+TLS1.2,True,15,True,0.0,"2570,4865,4866,4867,49195,49199,49196,49200,52393,52392,49171,49172,156,157,47,53",TLS_AES_128_GCM_SHA256_TLS_AES_256_GCM_SHA384_TLS_CHACHA20_POLY1305_SHA256_ECDHE-ECDSA-AES128-GCM_ECDHE-RSA-AES128-GCM_ECDHE-ECDSA-AES256-GCM_ECDHE-RSA-AES256-GCM_ECDHE-ECDSA-CHACHA20_ECDHE-RSA-CHACHA20_ECDHE-RSA-AES128-CBC_ECDHE-RSA-AES256-CBC_RSA-AES128-GCM_RSA-AES256-GCM_RSA-AES128-CBC_RSA-AES256-CBC,4,True,0.0,"2570,25497,29,23,24",x25519Kyber768_x25519_secp256r1_secp384r1,8,False,,"1027,2052,1025,1283,2053,1281,2054,1537",ecdsa_secp256r1_sha256_rsa_pss_rsae_sha256_rsa_pkcs1_sha256_ecdsa_secp384r1_sha384_rsa_pss_rsae_sha384_rsa_pkcs1_sha384_rsa_pss_rsae_sha512_rsa_pkcs1_sha512,True,t13d1516h2,8daaf6152771,02713d6af862,t,13,d,15,16,h2,"1:65536;2:0;4:6291456;6:262144|15663105|1:1:0:256,3:1:0:220,5:1:0:110,7:1:0:256,9:1:0:110,11:1:9:110,13:1:0:256,15:1:13:110,17:1:15:110,19:1:17:110,21:1:0:256,23:1:21:110|m,a,s,p",1:65536;2:0;4:6291456;6:262144,15663105.0,"1:1:0:256,3:1:0:220,5:1:0:110,7:1:0:256,9:1:0:110,11:1:9:110,13:1:0:256,15:1:13:110,17:1:15:110,19:1:17:110,21:1:0:256,23:1:21:110","m,a,s,p",12.0,65536.0,0.0,,6291456.0,,262144.0,":method,:authority,:scheme,:path"
trial-001,601a66a8-b3d0-4889-b6ff-4beaafe4654a,2026-04-19 06:20:15.319404560+00:00,205.172.168.145,POST,/collect,HTTP/2.0,1.064,TLS 1.3,h2,TLS_AES_128_GCM_SHA256,uxbehaviorsuite.com,True,e351dc303c39394cbecbbbc9f254c623,t13d1516h2_8daaf6152771_02713d6af862,"h2,http/1.1",h2,2,True,True,0.0,h2_first,"2570,772,771","TLS 1.3,TLS 1.2",2,True,True,True,False,0.0,TLS1.3+TLS1.2,True,15,True,0.0,"2570,4865,4866,4867,49195,49199,49196,49200,52393,52392,49171,49172,156,157,47,53",TLS_AES_128_GCM_SHA256_TLS_AES_256_GCM_SHA384_TLS_CHACHA20_POLY1305_SHA256_ECDHE-ECDSA-AES128-GCM_ECDHE-RSA-AES128-GCM_ECDHE-ECDSA-AES256-GCM_ECDHE-RSA-AES256-GCM_ECDHE-ECDSA-CHACHA20_ECDHE-RSA-CHACHA20_ECDHE-RSA-AES128-CBC_ECDHE-RSA-AES256-CBC_RSA-AES128-GCM_RSA-AES256-GCM_RSA-AES128-CBC_RSA-AES256-CBC,4,True,0.0,"2570,25497,29,23,24",x25519Kyber768_x25519_secp256r1_secp384r1,8,False,,"1027,2052,1025,1283,2053,1281,2054,1537",ecdsa_secp256r1_sha256_rsa_pss_rsae_sha256_rsa_pkcs1_sha256_ecdsa_secp384r1_sha384_rsa_pss_rsae_sha384_rsa_pkcs1_sha384_rsa_pss_rsae_sha512_rsa_pkcs1_sha512,True,t13d1516h2,8daaf6152771,02713d6af862,t,13,d,15,16,h2,"1:65536;2:0;4:6291456;6:262144|15663105|1:1:0:256,3:1:0:220,5:1:0:110,7:1:0:256,9:1:0:110,11:1:9:110,13:1:0:256,15:1:13:110,17:1:15:110,19:1:17:110,21:1:0:256,23:1:21:110,25:1:21:110|m,a,s,p",1:65536;2:0;4:6291456;6:262144,15663105.0,"1:1:0:256,3:1:0:220,5:1:0:110,7:1:0:256,9:1:0:110,11:1:9:110,13:1:0:256,15:1:13:110,17:1:15:110,19:1:17:110,21:1:0:256,23:1:21:110,25:1:21:110","m,a,s,p",13.0,65536.0,0.0,,6291456.0,,262144.0,":method,:authority,:scheme,:path"
trial-001,ed1bb71f-ac8f-4018-8811-c838558a50bd,2026-04-19 06:20:15.321217490+00:00,205.172.168.145,POST,/collect,HTTP/2.0,0.227,TLS 1.3,h2,TLS_AES_128_GCM_SHA256,uxbehaviorsuite.com,True,e351dc303c39394cbecbbbc9f254c623,t13d1516h2_8daaf6152771_02713d6af862,"h2,http/1.1",h2,2,True,True,0.0,h2_first,"2570,772,771","TLS 1.3,TLS 1.2",2,True,True,True,False,0.0,TLS1.3+TLS1.2,True,15,True,0.0,"2570,4865,4866,4867,49195,49199,49196,49200,52393,52392,49171,49172,156,157,47,53",TLS_AES_128_GCM_SHA256_TLS_AES_256_GCM_SHA384_TLS_CHACHA20_POLY1305_SHA256_ECDHE-ECDSA-AES128-GCM_ECDHE-RSA-AES128-GCM_ECDHE-ECDSA-AES256-GCM_ECDHE-RSA-AES256-GCM_ECDHE-ECDSA-CHACHA20_ECDHE-RSA-CHACHA20_ECDHE-RSA-AES128-CBC_ECDHE-RSA-AES256-CBC_RSA-AES128-GCM_RSA-AES256-GCM_RSA-AES128-CBC_RSA-AES256-CBC,4,True,0.0,"2570,25497,29,23,24",x25519Kyber768_x25519_secp256r1_secp384r1,8,False,,"1027,2052,1025,1283,2053,1281,2054,1537",ecdsa_secp256r1_sha256_rsa_pss_rsae_sha256_rsa_pkcs1_sha256_ecdsa_secp384r1_sha384_rsa_pss_rsae_sha384_rsa_pkcs1_sha384_rsa_pss_rsae_sha512_rsa_pkcs1_sha512,True,t13d1516h2,8daaf6152771,02713d6af862,t,13,d,15,16,h2,"1:65536;2:0;4:6291456;6:262144|15663105|1:1:0:256,3:1:0:220,5:1:0:110,7:1:0:256,9:1:0:110,11:1:9:110,13:1:0:256,15:1:13:110,17:1:15:110,19:1:17:110,21:1:0:256,23:1:21:110,25:1:21:110,27:1:25:110|m,a,s,p",1:65536;2:0;4:6291456;6:262144,15663105.0,"1:1:0:256,3:1:0:220,5:1:0:110,7:1:0:256,9:1:0:110,11:1:9:110,13:1:0:256,15:1:13:110,17:1:15:110,19:1:17:110,21:1:0:256,23:1:21:110,25:1:21:110,27:1:25:110","m,a,s,p",14.0,65536.0,0.0,,6291456.0,,262144.0,":method,:authority,:scheme,:path"
trial-001,40684ac5-5405-4374-a198-49845164544b,2026-04-19 06:21:44.265053251+00:00,205.172.168.145,GET,/s3-hover-reveal.html,HTTP/2.0,0.275,TLS 1.3,h2,TLS_AES_128_GCM_SHA256,uxbehaviorsuite.com,True,e351dc303c39394cbecbbbc9f254c623,t13d1516h2_8daaf6152771_02713d6af862,"h2,http/1.1",h2,2,True,True,0.0,h2_first,"2570,772,771","TLS 1.3,TLS 1.2",2,True,True,True,False,0.0,TLS1.3+TLS1.2,True,15,True,0.0,"2570,4865,4866,4867,49195,49199,49196,49200,52393,52392,49171,49172,156,157,47,53",TLS_AES_128_GCM_SHA256_TLS_AES_256_GCM_SHA384_TLS_CHACHA20_POLY1305_SHA256_ECDHE-ECDSA-AES128-GCM_ECDHE-RSA-AES128-GCM_ECDHE-ECDSA-AES256-GCM_ECDHE-RSA-AES256-GCM_ECDHE-ECDSA-CHACHA20_ECDHE-RSA-CHACHA20_ECDHE-RSA-AES128-CBC_ECDHE-RSA-AES256-CBC_RSA-AES128-GCM_RSA-AES256-GCM_RSA-AES128-CBC_RSA-AES256-CBC,4,True,0.0,"2570,25497,29,23,24",x25519Kyber768_x25519_secp256r1_secp384r1,8,False,,"1027,2052,1025,1283,2053,1281,2054,1537",ecdsa_secp256r1_sha256_rsa_pss_rsae_sha256_rsa_pkcs1_sha256_ecdsa_secp384r1_sha384_rsa_pss_rsae_sha384_rsa_pkcs1_sha384_rsa_pss_rsae_sha512_rsa_pkcs1_sha512,True,t13d1516h2,8daaf6152771,02713d6af862,t,13,d,15,16,h2,"1:65536;2:0;4:6291456;6:262144|15663105|1:1:0:256,3:1:0:220,5:1:0:110,7:1:0:256,9:1:0:110,11:1:9:110,13:1:0:256,15:1:13:110,17:1:15:110,19:1:17:110,21:1:0:256,23:1:21:110,25:1:21:110,27:1:25:110,29:1:0:110,31:1:0:256|m,a,s,p",1:65536;2:0;4:6291456;6:262144,15663105.0,"1:1:0:256,3:1:0:220,5:1:0:110,7:1:0:256,9:1:0:110,11:1:9:110,13:1:0:256,15:1:13:110,17:1:15:110,19:1:17:110,21:1:0:256,23:1:21:110,25:1:21:110,27:1:25:110,29:1:0:110,31:1:0:256","m,a,s,p",16.0,65536.0,0.0,,6291456.0,,262144.0,":method,:authority,:scheme,:path"
trial-001,c7d4d6be-9b53-4520-a686-3615d559d519,2026-04-19 06:21:44.288799318+00:00,205.172.168.145,POST,/collect,HTTP/2.0,0.225,TLS 1.3,h2,TLS_AES_128_GCM_SHA256,uxbehaviorsuite.com,True,e351dc303c39394cbecbbbc9f254c623,t13d1516h2_8daaf6152771_02713d6af862,"h2,http/1.1",h2,2,True,True,0.0,h2_first,"2570,772,771","TLS 1.3,TLS 1.2",2,True,True,True,False,0.0,TLS1.3+TLS1.2,True,15,True,0.0,"2570,4865,4866,4867,49195,49199,49196,49200,52393,52392,49171,49172,156,157,47,53",TLS_AES_128_GCM_SHA256_TLS_AES_256_GCM_SHA384_TLS_CHACHA20_POLY1305_SHA256_ECDHE-ECDSA-AES128-GCM_ECDHE-RSA-AES128-GCM_ECDHE-ECDSA-AES256-GCM_ECDHE-RSA-AES256-GCM_ECDHE-ECDSA-CHACHA20_ECDHE-RSA-CHACHA20_ECDHE-RSA-AES128-CBC_ECDHE-RSA-AES256-CBC_RSA-AES128-GCM_RSA-AES256-GCM_RSA-AES128-CBC_RSA-AES256-CBC,4,True,0.0,"2570,25497,29,23,24",x25519Kyber768_x25519_secp256r1_secp384r1,8,False,,"1027,2052,1025,1283,2053,1281,2054,1537",ecdsa_secp256r1_sha256_rsa_pss_rsae_sha256_rsa_pkcs1_sha256_ecdsa_secp384r1_sha384_rsa_pss_rsae_sha384_rsa_pkcs1_sha384_rsa_pss_rsae_sha512_rsa_pkcs1_sha512,True,t13d1516h2,8daaf6152771,02713d6af862,t,13,d,15,16,h2,"1:65536;2:0;4:6291456;6:262144|15663105|1:1:0:256,3:1:0:220,5:1:0:110,7:1:0:256,9:1:0:110,11:1:9:110,13:1:0:256,15:1:13:110,17:1:15:110,19:1:17:110,21:1:0:256,23:1:21:110,25:1:21:110,27:1:25:110,29:1:0:110,31:1:0:256,33:1:31:110|m,a,s,p",1:65536;2:0;4:6291456;6:262144,15663105.0,"1:1:0:256,3:1:0:220,5:1:0:110,7:1:0:256,9:1:0:110,11:1:9:110,13:1:0:256,15:1:13:110,17:1:15:110,19:1:17:110,21:1:0:256,23:1:21:110,25:1:21:110,27:1:25:110,29:1:0:110,31:1:0:256,33:1:31:110","m,a,s,p",17.0,65536.0,0.0,,6291456.0,,262144.0,":method,:authority,:scheme,:path"
trial-001,423e22eb-fbeb-4f9f-8db9-da9587ccdb9d,2026-04-19 06:21:44.292288484+00:00,205.172.168.145,POST,/collect,HTTP/2.0,0.236,TLS 1.3,h2,TLS_AES_128_GCM_SHA256,uxbehaviorsuite.com,True,e351dc303c39394cbecbbbc9f254c623,t13d1516h2_8daaf6152771_02713d6af862,"h2,http/1.1",h2,2,True,True,0.0,h2_first,"2570,772,771","TLS 1.3,TLS 1.2",2,True,True,True,False,0.0,TLS1.3+TLS1.2,True,15,True,0.0,"2570,4865,4866,4867,49195,49199,49196,49200,52393,52392,49171,49172,156,157,47,53",TLS_AES_128_GCM_SHA256_TLS_AES_256_GCM_SHA384_TLS_CHACHA20_POLY1305_SHA256_ECDHE-ECDSA-AES128-GCM_ECDHE-RSA-AES128-GCM_ECDHE-ECDSA-AES256-GCM_ECDHE-RSA-AES256-GCM_ECDHE-ECDSA-CHACHA20_ECDHE-RSA-CHACHA20_ECDHE-RSA-AES128-CBC_ECDHE-RSA-AES256-CBC_RSA-AES128-GCM_RSA-AES256-GCM_RSA-AES128-CBC_RSA-AES256-CBC,4,True,0.0,"2570,25497,29,23,24",x25519Kyber768_x25519_secp256r1_secp384r1,8,False,,"1027,2052,1025,1283,2053,1281,2054,1537",ecdsa_secp256r1_sha256_rsa_pss_rsae_sha256_rsa_pkcs1_sha256_ecdsa_secp384r1_sha384_rsa_pss_rsae_sha384_rsa_pkcs1_sha384_rsa_pss_rsae_sha512_rsa_pkcs1_sha512,True,t13d1516h2,8daaf6152771,02713d6af862,t,13,d,15,16,h2,"1:65536;2:0;4:6291456;6:262144|15663105|1:1:0:256,3:1:0:220,5:1:0:110,7:1:0:256,9:1:0:110,11:1:9:110,13:1:0:256,15:1:13:110,17:1:15:110,19:1:17:110,21:1:0:256,23:1:21:110,25:1:21:110,27:1:25:110,29:1:0:110,31:1:0:256,33:1:31:110,35:1:33:110|m,a,s,p",1:65536;2:0;4:6291456;6:262144,15663105.0,"1:1:0:256,3:1:0:220,5:1:0:110,7:1:0:256,9:1:0:110,11:1:9:110,13:1:0:256,15:1:13:110,17:1:15:110,19:1:17:110,21:1:0:256,23:1:21:110,25:1:21:110,27:1:25:110,29:1:0:110,31:1:0:256,33:1:31:110,35:1:33:110","m,a,s,p",18.0,65536.0,0.0,,6291456.0,,262144.0,":method,:authority,:scheme,:path"
trial-001,40a713dc-b763-465f-a8dc-f835399a0c23,2026-04-19 06:23:09.585793146+00:00,205.172.168.145,GET,/s4-dom-mismatch.html,HTTP/2.0,0.383,TLS 1.3,h2,TLS_AES_128_GCM_SHA256,uxbehaviorsuite.com,True,e351dc303c39394cbecbbbc9f254c623,t13d1516h2_8daaf6152771_02713d6af862,"h2,http/1.1",h2,2,True,True,0.0,h2_first,"2570,772,771","TLS 1.3,TLS 1.2",2,True,True,True,False,0.0,TLS1.3+TLS1.2,True,15,True,0.0,"2570,4865,4866,4867,49195,49199,49196,49200,52393,52392,49171,49172,156,157,47,53",TLS_AES_128_GCM_SHA256_TLS_AES_256_GCM_SHA384_TLS_CHACHA20_POLY1305_SHA256_ECDHE-ECDSA-AES128-GCM_ECDHE-RSA-AES128-GCM_ECDHE-ECDSA-AES256-GCM_ECDHE-RSA-AES256-GCM_ECDHE-ECDSA-CHACHA20_ECDHE-RSA-CHACHA20_ECDHE-RSA-AES128-CBC_ECDHE-RSA-AES256-CBC_RSA-AES128-GCM_RSA-AES256-GCM_RSA-AES128-CBC_RSA-AES256-CBC,4,True,0.0,"2570,25497,29,23,24",x25519Kyber768_x25519_secp256r1_secp384r1,8,False,,"1027,2052,1025,1283,2053,1281,2054,1537",ecdsa_secp256r1_sha256_rsa_pss_rsae_sha256_rsa_pkcs1_sha256_ecdsa_secp384r1_sha384_rsa_pss_rsae_sha384_rsa_pkcs1_sha384_rsa_pss_rsae_sha512_rsa_pkcs1_sha512,True,t13d1516h2,8daaf6152771,02713d6af862,t,13,d,15,16,h2,"1:65536;2:0;4:6291456;6:262144|15663105|1:1:0:256,3:1:0:220,5:1:0:110,7:1:0:256,9:1:0:110,11:1:9:110,13:1:0:256,15:1:13:110,17:1:15:110,19:1:17:110,21:1:0:256,23:1:21:110,25:1:21:110,27:1:25:110,29:1:0:110,31:1:0:256,33:1:31:110,35:1:33:110,37:1:0:110,39:1:0:256|m,a,s,p",1:65536;2:0;4:6291456;6:262144,15663105.0,"1:1:0:256,3:1:0:220,5:1:0:110,7:1:0:256,9:1:0:110,11:1:9:110,13:1:0:256,15:1:13:110,17:1:15:110,19:1:17:110,21:1:0:256,23:1:21:110,25:1:21:110,27:1:25:110,29:1:0:110,31:1:0:256,33:1:31:110,35:1:33:110,37:1:0:110,39:1:0:256","m,a,s,p",20.0,65536.0,0.0,,6291456.0,,262144.0,":method,:authority,:scheme,:path"
trial-001,8842866d-6547-4942-84ac-158e787eaca1,2026-04-19 06:23:09.616758046+00:00,205.172.168.145,POST,/collect,HTTP/2.0,0.226,TLS 1.3,h2,TLS_AES_128_GCM_SHA256,uxbehaviorsuite.com,True,e351dc303c39394cbecbbbc9f254c623,t13d1516h2_8daaf6152771_02713d6af862,"h2,http/1.1",h2,2,True,True,0.0,h2_first,"2570,772,771","TLS 1.3,TLS 1.2",2,True,True,True,False,0.0,TLS1.3+TLS1.2,True,15,True,0.0,"2570,4865,4866,4867,49195,49199,49196,49200,52393,52392,49171,49172,156,157,47,53",TLS_AES_128_GCM_SHA256_TLS_AES_256_GCM_SHA384_TLS_CHACHA20_POLY1305_SHA256_ECDHE-ECDSA-AES128-GCM_ECDHE-RSA-AES128-GCM_ECDHE-ECDSA-AES256-GCM_ECDHE-RSA-AES256-GCM_ECDHE-ECDSA-CHACHA20_ECDHE-RSA-CHACHA20_ECDHE-RSA-AES128-CBC_ECDHE-RSA-AES256-CBC_RSA-AES128-GCM_RSA-AES256-GCM_RSA-AES128-CBC_RSA-AES256-CBC,4,True,0.0,"2570,25497,29,23,24",x25519Kyber768_x25519_secp256r1_secp384r1,8,False,,"1027,2052,1025,1283,2053,1281,2054,1537",ecdsa_secp256r1_sha256_rsa_pss_rsae_sha256_rsa_pkcs1_sha256_ecdsa_secp384r1_sha384_rsa_pss_rsae_sha384_rsa_pkcs1_sha384_rsa_pss_rsae_sha512_rsa_pkcs1_sha512,True,t13d1516h2,8daaf6152771,02713d6af862,t,13,d,15,16,h2,"1:65536;2:0;4:6291456;6:262144|15663105|1:1:0:256,3:1:0:220,5:1:0:110,7:1:0:256,9:1:0:110,11:1:9:110,13:1:0:256,15:1:13:110,17:1:15:110,19:1:17:110,21:1:0:256,23:1:21:110,25:1:21:110,27:1:25:110,29:1:0:110,31:1:0:256,33:1:31:110,35:1:33:110,37:1:0:110,39:1:0:256,41:1:0:110|m,a,s,p",1:65536;2:0;4:6291456;6:262144,15663105.0,"1:1:0:256,3:1:0:220,5:1:0:110,7:1:0:256,9:1:0:110,11:1:9:110,13:1:0:256,15:1:13:110,17:1:15:110,19:1:17:110,21:1:0:256,23:1:21:110,25:1:21:110,27:1:25:110,29:1:0:110,31:1:0:256,33:1:31:110,35:1:33:110,37:1:0:110,39:1:0:256,41:1:0:110","m,a,s,p",21.0,65536.0,0.0,,6291456.0,,262144.0,":method,:authority,:scheme,:path"
trial-001,4ab2b1fe-2ef6-4684-a211-c959e6dc8551,2026-04-19 06:23:09.619503750+00:00,205.172.168.145,POST,/collect,HTTP/2.0,0.197,TLS 1.3,h2,TLS_AES_128_GCM_SHA256,uxbehaviorsuite.com,True,e351dc303c39394cbecbbbc9f254c623,t13d1516h2_8daaf6152771_02713d6af862,"h2,http/1.1",h2,2,True,True,0.0,h2_first,"2570,772,771","TLS 1.3,TLS 1.2",2,True,True,True,False,0.0,TLS1.3+TLS1.2,True,15,True,0.0,"2570,4865,4866,4867,49195,49199,49196,49200,52393,52392,49171,49172,156,157,47,53",TLS_AES_128_GCM_SHA256_TLS_AES_256_GCM_SHA384_TLS_CHACHA20_POLY1305_SHA256_ECDHE-ECDSA-AES128-GCM_ECDHE-RSA-AES128-GCM_ECDHE-ECDSA-AES256-GCM_ECDHE-RSA-AES256-GCM_ECDHE-ECDSA-CHACHA20_ECDHE-RSA-CHACHA20_ECDHE-RSA-AES128-CBC_ECDHE-RSA-AES256-CBC_RSA-AES128-GCM_RSA-AES256-GCM_RSA-AES128-CBC_RSA-AES256-CBC,4,True,0.0,"2570,25497,29,23,24",x25519Kyber768_x25519_secp256r1_secp384r1,8,False,,"1027,2052,1025,1283,2053,1281,2054,1537",ecdsa_secp256r1_sha256_rsa_pss_rsae_sha256_rsa_pkcs1_sha256_ecdsa_secp384r1_sha384_rsa_pss_rsae_sha384_rsa_pkcs1_sha384_rsa_pss_rsae_sha512_rsa_pkcs1_sha512,True,t13d1516h2,8daaf6152771,02713d6af862,t,13,d,15,16,h2,"1:65536;2:0;4:6291456;6:262144|15663105|1:1:0:256,3:1:0:220,5:1:0:110,7:1:0:256,9:1:0:110,11:1:9:110,13:1:0:256,15:1:13:110,17:1:15:110,19:1:17:110,21:1:0:256,23:1:21:110,25:1:21:110,27:1:25:110,29:1:0:110,31:1:0:256,33:1:31:110,35:1:33:110,37:1:0:110,39:1:0:256,41:1:0:110,43:1:41:110|m,a,s,p",1:65536;2:0;4:6291456;6:262144,15663105.0,"1:1:0:256,3:1:0:220,5:1:0:110,7:1:0:256,9:1:0:110,11:1:9:110,13:1:0:256,15:1:13:110,17:1:15:110,19:1:17:110,21:1:0:256,23:1:21:110,25:1:21:110,27:1:25:110,29:1:0:110,31:1:0:256,33:1:31:110,35:1:33:110,37:1:0:110,39:1:0:256,41:1:0:110,43:1:41:110","m,a,s,p",22.0,65536.0,0.0,,6291456.0,,262144.0,":method,:authority,:scheme,:path"
trial-001,44d9f777-8766-4a72-b4e6-7f3d55ad7af5,2026-04-19 06:24:04.099775459+00:00,205.172.168.145,GET,/s5-delayed-feedback.html,HTTP/2.0,0.355,TLS 1.3,h2,TLS_AES_128_GCM_SHA256,uxbehaviorsuite.com,True,e351dc303c39394cbecbbbc9f254c623,t13d1516h2_8daaf6152771_02713d6af862,"h2,http/1.1",h2,2,True,True,0.0,h2_first,"2570,772,771","TLS 1.3,TLS 1.2",2,True,True,True,False,0.0,TLS1.3+TLS1.2,True,15,True,0.0,"2570,4865,4866,4867,49195,49199,49196,49200,52393,52392,49171,49172,156,157,47,53",TLS_AES_128_GCM_SHA256_TLS_AES_256_GCM_SHA384_TLS_CHACHA20_POLY1305_SHA256_ECDHE-ECDSA-AES128-GCM_ECDHE-RSA-AES128-GCM_ECDHE-ECDSA-AES256-GCM_ECDHE-RSA-AES256-GCM_ECDHE-ECDSA-CHACHA20_ECDHE-RSA-CHACHA20_ECDHE-RSA-AES128-CBC_ECDHE-RSA-AES256-CBC_RSA-AES128-GCM_RSA-AES256-GCM_RSA-AES128-CBC_RSA-AES256-CBC,4,True,0.0,"2570,25497,29,23,24",x25519Kyber768_x25519_secp256r1_secp384r1,8,False,,"1027,2052,1025,1283,2053,1281,2054,1537",ecdsa_secp256r1_sha256_rsa_pss_rsae_sha256_rsa_pkcs1_sha256_ecdsa_secp384r1_sha384_rsa_pss_rsae_sha384_rsa_pkcs1_sha384_rsa_pss_rsae_sha512_rsa_pkcs1_sha512,True,t13d1516h2,8daaf6152771,02713d6af862,t,13,d,15,16,h2,"1:65536;2:0;4:6291456;6:262144|15663105|1:1:0:256,3:1:0:220,5:1:0:110,7:1:0:256,9:1:0:110,11:1:9:110,13:1:0:256,15:1:13:110,17:1:15:110,19:1:17:110,21:1:0:256,23:1:21:110,25:1:21:110,27:1:25:110,29:1:0:110,31:1:0:256,33:1:31:110,35:1:33:110,37:1:0:110,39:1:0:256,41:1:0:110,43:1:41:110,45:1:0:110,47:1:0:256|m,a,s,p",1:65536;2:0;4:6291456;6:262144,15663105.0,"1:1:0:256,3:1:0:220,5:1:0:110,7:1:0:256,9:1:0:110,11:1:9:110,13:1:0:256,15:1:13:110,17:1:15:110,19:1:17:110,21:1:0:256,23:1:21:110,25:1:21:110,27:1:25:110,29:1:0:110,31:1:0:256,33:1:31:110,35:1:33:110,37:1:0:110,39:1:0:256,41:1:0:110,43:1:41:110,45:1:0:110,47:1:0:256","m,a,s,p",24.0,65536.0,0.0,,6291456.0,,262144.0,":method,:authority,:scheme,:path"
trial-001,c610802c-1b11-4b89-82d1-c50f5e03ae59,2026-04-19 06:24:04.128186599+00:00,205.172.168.145,POST,/collect,HTTP/2.0,0.326,TLS 1.3,h2,TLS_AES_128_GCM_SHA256,uxbehaviorsuite.com,True,e351dc303c39394cbecbbbc9f254c623,t13d1516h2_8daaf6152771_02713d6af862,"h2,http/1.1",h2,2,True,True,0.0,h2_first,"2570,772,771","TLS 1.3,TLS 1.2",2,True,True,True,False,0.0,TLS1.3+TLS1.2,True,15,True,0.0,"2570,4865,4866,4867,49195,49199,49196,49200,52393,52392,49171,49172,156,157,47,53",TLS_AES_128_GCM_SHA256_TLS_AES_256_GCM_SHA384_TLS_CHACHA20_POLY1305_SHA256_ECDHE-ECDSA-AES128-GCM_ECDHE-RSA-AES128-GCM_ECDHE-ECDSA-AES256-GCM_ECDHE-RSA-AES256-GCM_ECDHE-ECDSA-CHACHA20_ECDHE-RSA-CHACHA20_ECDHE-RSA-AES128-CBC_ECDHE-RSA-AES256-CBC_RSA-AES128-GCM_RSA-AES256-GCM_RSA-AES128-CBC_RSA-AES256-CBC,4,True,0.0,"2570,25497,29,23,24",x25519Kyber768_x25519_secp256r1_secp384r1,8,False,,"1027,2052,1025,1283,2053,1281,2054,1537",ecdsa_secp256r1_sha256_rsa_pss_rsae_sha256_rsa_pkcs1_sha256_ecdsa_secp384r1_sha384_rsa_pss_rsae_sha384_rsa_pkcs1_sha384_rsa_pss_rsae_sha512_rsa_pkcs1_sha512,True,t13d1516h2,8daaf6152771,02713d6af862,t,13,d,15,16,h2,"1:65536;2:0;4:6291456;6:262144|15663105|1:1:0:256,3:1:0:220,5:1:0:110,7:1:0:256,9:1:0:110,11:1:9:110,13:1:0:256,15:1:13:110,17:1:15:110,19:1:17:110,21:1:0:256,23:1:21:110,25:1:21:110,27:1:25:110,29:1:0:110,31:1:0:256,33:1:31:110,35:1:33:110,37:1:0:110,39:1:0:256,41:1:0:110,43:1:41:110,45:1:0:110,47:1:0:256,49:1:47:110|m,a,s,p",1:65536;2:0;4:6291456;6:262144,15663105.0,"1:1:0:256,3:1:0:220,5:1:0:110,7:1:0:256,9:1:0:110,11:1:9:110,13:1:0:256,15:1:13:110,17:1:15:110,19:1:17:110,21:1:0:256,23:1:21:110,25:1:21:110,27:1:25:110,29:1:0:110,31:1:0:256,33:1:31:110,35:1:33:110,37:1:0:110,39:1:0:256,41:1:0:110,43:1:41:110,45:1:0:110,47:1:0:256,49:1:47:110","m,a,s,p",25.0,65536.0,0.0,,6291456.0,,262144.0,":method,:authority,:scheme,:path"
trial-001,f2ab895b-8ad5-4a62-a68a-127b005d4a1f,2026-04-19 06:24:04.131492798+00:00,205.172.168.145,POST,/collect,HTTP/2.0,0.221,TLS 1.3,h2,TLS_AES_128_GCM_SHA256,uxbehaviorsuite.com,True,e351dc303c39394cbecbbbc9f254c623,t13d1516h2_8daaf6152771_02713d6af862,"h2,http/1.1",h2,2,True,True,0.0,h2_first,"2570,772,771","TLS 1.3,TLS 1.2",2,True,True,True,False,0.0,TLS1.3+TLS1.2,True,15,True,0.0,"2570,4865,4866,4867,49195,49199,49196,49200,52393,52392,49171,49172,156,157,47,53",TLS_AES_128_GCM_SHA256_TLS_AES_256_GCM_SHA384_TLS_CHACHA20_POLY1305_SHA256_ECDHE-ECDSA-AES128-GCM_ECDHE-RSA-AES128-GCM_ECDHE-ECDSA-AES256-GCM_ECDHE-RSA-AES256-GCM_ECDHE-ECDSA-CHACHA20_ECDHE-RSA-CHACHA20_ECDHE-RSA-AES128-CBC_ECDHE-RSA-AES256-CBC_RSA-AES128-GCM_RSA-AES256-GCM_RSA-AES128-CBC_RSA-AES256-CBC,4,True,0.0,"2570,25497,29,23,24",x25519Kyber768_x25519_secp256r1_secp384r1,8,False,,"1027,2052,1025,1283,2053,1281,2054,1537",ecdsa_secp256r1_sha256_rsa_pss_rsae_sha256_rsa_pkcs1_sha256_ecdsa_secp384r1_sha384_rsa_pss_rsae_sha384_rsa_pkcs1_sha384_rsa_pss_rsae_sha512_rsa_pkcs1_sha512,True,t13d1516h2,8daaf6152771,02713d6af862,t,13,d,15,16,h2,"1:65536;2:0;4:6291456;6:262144|15663105|1:1:0:256,3:1:0:220,5:1:0:110,7:1:0:256,9:1:0:110,11:1:9:110,13:1:0:256,15:1:13:110,17:1:15:110,19:1:17:110,21:1:0:256,23:1:21:110,25:1:21:110,27:1:25:110,29:1:0:110,31:1:0:256,33:1:31:110,35:1:33:110,37:1:0:110,39:1:0:256,41:1:0:110,43:1:41:110,45:1:0:110,47:1:0:256,49:1:47:110,51:1:49:110|m,a,s,p",1:65536;2:0;4:6291456;6:262144,15663105.0,"1:1:0:256,3:1:0:220,5:1:0:110,7:1:0:256,9:1:0:110,11:1:9:110,13:1:0:256,15:1:13:110,17:1:15:110,19:1:17:110,21:1:0:256,23:1:21:110,25:1:21:110,27:1:25:110,29:1:0:110,31:1:0:256,33:1:31:110,35:1:33:110,37:1:0:110,39:1:0:256,41:1:0:110,43:1:41:110,45:1:0:110,47:1:0:256,49:1:47:110,51:1:49:110","m,a,s,p",26.0,65536.0,0.0,,6291456.0,,262144.0,":method,:authority,:scheme,:path"
trial-002,dd821b28-7b90-4f5e-ba2b-41652ac5552f,2026-04-19 16:07:56.284889430+00:00,205.172.168.145,GET,/subscribe-v1.html,HTTP/2.0,0.373,TLS 1.3,h2,TLS_AES_128_GCM_SHA256,uxbehaviorsuite.com,True,a3c19ae6ba933f12e98c010ec8ed6576,t13d1516h2_8daaf6152771_02713d6af862,"h2,http/1.1",h2,2,True,True,0.0,h2_first,"2570,772,771","TLS 1.3,TLS 1.2",2,True,True,True,False,0.0,TLS1.3+TLS1.2,True,15,True,0.0,"2570,4865,4866,4867,49195,49199,49196,49200,52393,52392,49171,49172,156,157,47,53",TLS_AES_128_GCM_SHA256_TLS_AES_256_GCM_SHA384_TLS_CHACHA20_POLY1305_SHA256_ECDHE-ECDSA-AES128-GCM_ECDHE-RSA-AES128-GCM_ECDHE-ECDSA-AES256-GCM_ECDHE-RSA-AES256-GCM_ECDHE-ECDSA-CHACHA20_ECDHE-RSA-CHACHA20_ECDHE-RSA-AES128-CBC_ECDHE-RSA-AES256-CBC_RSA-AES128-GCM_RSA-AES256-GCM_RSA-AES128-CBC_RSA-AES256-CBC,4,True,0.0,"2570,25497,29,23,24",x25519Kyber768_x25519_secp256r1_secp384r1,8,False,,"1027,2052,1025,1283,2053,1281,2054,1537",ecdsa_secp256r1_sha256_rsa_pss_rsae_sha256_rsa_pkcs1_sha256_ecdsa_secp384r1_sha384_rsa_pss_rsae_sha384_rsa_pkcs1_sha384_rsa_pss_rsae_sha512_rsa_pkcs1_sha512,True,t13d1516h2,8daaf6152771,02713d6af862,t,13,d,15,16,h2,"1:65536;2:0;4:6291456;6:262144|15663105|1:1:0:256|m,a,s,p",1:65536;2:0;4:6291456;6:262144,15663105.0,1:1:0:256,"m,a,s,p",1.0,65536.0,0.0,,6291456.0,,262144.0,":method,:authority,:scheme,:path"
trial-002,575105ed-fa7a-401e-96b8-5d363024b8a2,2026-04-19 16:07:56.318819846+00:00,205.172.168.145,GET,/logger.js,HTTP/2.0,0.377,TLS 1.3,h2,TLS_AES_128_GCM_SHA256,uxbehaviorsuite.com,True,a3c19ae6ba933f12e98c010ec8ed6576,t13d1516h2_8daaf6152771_02713d6af862,"h2,http/1.1",h2,2,True,True,0.0,h2_first,"2570,772,771","TLS 1.3,TLS 1.2",2,True,True,True,False,0.0,TLS1.3+TLS1.2,True,15,True,0.0,"2570,4865,4866,4867,49195,49199,49196,49200,52393,52392,49171,49172,156,157,47,53",TLS_AES_128_GCM_SHA256_TLS_AES_256_GCM_SHA384_TLS_CHACHA20_POLY1305_SHA256_ECDHE-ECDSA-AES128-GCM_ECDHE-RSA-AES128-GCM_ECDHE-ECDSA-AES256-GCM_ECDHE-RSA-AES256-GCM_ECDHE-ECDSA-CHACHA20_ECDHE-RSA-CHACHA20_ECDHE-RSA-AES128-CBC_ECDHE-RSA-AES256-CBC_RSA-AES128-GCM_RSA-AES256-GCM_RSA-AES128-CBC_RSA-AES256-CBC,4,True,0.0,"2570,25497,29,23,24",x25519Kyber768_x25519_secp256r1_secp384r1,8,False,,"1027,2052,1025,1283,2053,1281,2054,1537",ecdsa_secp256r1_sha256_rsa_pss_rsae_sha256_rsa_pkcs1_sha256_ecdsa_secp384r1_sha384_rsa_pss_rsae_sha384_rsa_pkcs1_sha384_rsa_pss_rsae_sha512_rsa_pkcs1_sha512,True,t13d1516h2,8daaf6152771,02713d6af862,t,13,d,15,16,h2,"1:65536;2:0;4:6291456;6:262144|15663105|1:1:0:256,3:1:0:220|m,a,s,p",1:65536;2:0;4:6291456;6:262144,15663105.0,"1:1:0:256,3:1:0:220","m,a,s,p",2.0,65536.0,0.0,,6291456.0,,262144.0,":method,:authority,:scheme,:path"
trial-002,a5562eb6-1a8d-40da-b0d0-482c0e095aaa,2026-04-19 16:08:56.213030242+00:00,205.172.168.145,GET,/subscribe-v2.html,HTTP/2.0,0.585,TLS 1.3,h2,TLS_AES_128_GCM_SHA256,uxbehaviorsuite.com,True,a3c19ae6ba933f12e98c010ec8ed6576,t13d1516h2_8daaf6152771_02713d6af862,"h2,http/1.1",h2,2,True,True,0.0,h2_first,"2570,772,771","TLS 1.3,TLS 1.2",2,True,True,True,False,0.0,TLS1.3+TLS1.2,True,15,True,0.0,"2570,4865,4866,4867,49195,49199,49196,49200,52393,52392,49171,49172,156,157,47,53",TLS_AES_128_GCM_SHA256_TLS_AES_256_GCM_SHA384_TLS_CHACHA20_POLY1305_SHA256_ECDHE-ECDSA-AES128-GCM_ECDHE-RSA-AES128-GCM_ECDHE-ECDSA-AES256-GCM_ECDHE-RSA-AES256-GCM_ECDHE-ECDSA-CHACHA20_ECDHE-RSA-CHACHA20_ECDHE-RSA-AES128-CBC_ECDHE-RSA-AES256-CBC_RSA-AES128-GCM_RSA-AES256-GCM_RSA-AES128-CBC_RSA-AES256-CBC,4,True,0.0,"2570,25497,29,23,24",x25519Kyber768_x25519_secp256r1_secp384r1,8,False,,"1027,2052,1025,1283,2053,1281,2054,1537",ecdsa_secp256r1_sha256_rsa_pss_rsae_sha256_rsa_pkcs1_sha256_ecdsa_secp384r1_sha384_rsa_pss_rsae_sha384_rsa_pkcs1_sha384_rsa_pss_rsae_sha512_rsa_pkcs1_sha512,True,t13d1516h2,8daaf6152771,02713d6af862,t,13,d,15,16,h2,"1:65536;2:0;4:6291456;6:262144|15663105|1:1:0:256,3:1:0:220,5:1:0:256,7:1:5:110|m,a,s,p",1:65536;2:0;4:6291456;6:262144,15663105.0,"1:1:0:256,3:1:0:220,5:1:0:256,7:1:5:110","m,a,s,p",4.0,65536.0,0.0,,6291456.0,,262144.0,":method,:authority,:scheme,:path"
trial-002,01ae9f74-c8a1-47dd-9df2-1d410b5b24fb,2026-04-19 16:08:56.213198809+00:00,205.172.168.145,POST,/collect,HTTP/2.0,0.387,TLS 1.3,h2,TLS_AES_128_GCM_SHA256,uxbehaviorsuite.com,True,a3c19ae6ba933f12e98c010ec8ed6576,t13d1516h2_8daaf6152771_02713d6af862,"h2,http/1.1",h2,2,True,True,0.0,h2_first,"2570,772,771","TLS 1.3,TLS 1.2",2,True,True,True,False,0.0,TLS1.3+TLS1.2,True,15,True,0.0,"2570,4865,4866,4867,49195,49199,49196,49200,52393,52392,49171,49172,156,157,47,53",TLS_AES_128_GCM_SHA256_TLS_AES_256_GCM_SHA384_TLS_CHACHA20_POLY1305_SHA256_ECDHE-ECDSA-AES128-GCM_ECDHE-RSA-AES128-GCM_ECDHE-ECDSA-AES256-GCM_ECDHE-RSA-AES256-GCM_ECDHE-ECDSA-CHACHA20_ECDHE-RSA-CHACHA20_ECDHE-RSA-AES128-CBC_ECDHE-RSA-AES256-CBC_RSA-AES128-GCM_RSA-AES256-GCM_RSA-AES128-CBC_RSA-AES256-CBC,4,True,0.0,"2570,25497,29,23,24",x25519Kyber768_x25519_secp256r1_secp384r1,8,False,,"1027,2052,1025,1283,2053,1281,2054,1537",ecdsa_secp256r1_sha256_rsa_pss_rsae_sha256_rsa_pkcs1_sha256_ecdsa_secp384r1_sha384_rsa_pss_rsae_sha384_rsa_pkcs1_sha384_rsa_pss_rsae_sha512_rsa_pkcs1_sha512,True,t13d1516h2,8daaf6152771,02713d6af862,t,13,d,15,16,h2,"1:65536;2:0;4:6291456;6:262144|15663105|1:1:0:256,3:1:0:220,5:1:0:256,7:1:5:110|m,a,s,p",1:65536;2:0;4:6291456;6:262144,15663105.0,"1:1:0:256,3:1:0:220,5:1:0:256,7:1:5:110","m,a,s,p",4.0,65536.0,0.0,,6291456.0,,262144.0,":method,:authority,:scheme,:path"
trial-002,4a9c7079-fe2c-453c-83b1-c57651966146,2026-04-19 16:08:56.234844938+00:00,205.172.168.145,POST,/collect,HTTP/2.0,0.5,TLS 1.3,h2,TLS_AES_128_GCM_SHA256,uxbehaviorsuite.com,True,a3c19ae6ba933f12e98c010ec8ed6576,t13d1516h2_8daaf6152771_02713d6af862,"h2,http/1.1",h2,2,True,True,0.0,h2_first,"2570,772,771","TLS 1.3,TLS 1.2",2,True,True,True,False,0.0,TLS1.3+TLS1.2,True,15,True,0.0,"2570,4865,4866,4867,49195,49199,49196,49200,52393,52392,49171,49172,156,157,47,53",TLS_AES_128_GCM_SHA256_TLS_AES_256_GCM_SHA384_TLS_CHACHA20_POLY1305_SHA256_ECDHE-ECDSA-AES128-GCM_ECDHE-RSA-AES128-GCM_ECDHE-ECDSA-AES256-GCM_ECDHE-RSA-AES256-GCM_ECDHE-ECDSA-CHACHA20_ECDHE-RSA-CHACHA20_ECDHE-RSA-AES128-CBC_ECDHE-RSA-AES256-CBC_RSA-AES128-GCM_RSA-AES256-GCM_RSA-AES128-CBC_RSA-AES256-CBC,4,True,0.0,"2570,25497,29,23,24",x25519Kyber768_x25519_secp256r1_secp384r1,8,False,,"1027,2052,1025,1283,2053,1281,2054,1537",ecdsa_secp256r1_sha256_rsa_pss_rsae_sha256_rsa_pkcs1_sha256_ecdsa_secp384r1_sha384_rsa_pss_rsae_sha384_rsa_pkcs1_sha384_rsa_pss_rsae_sha512_rsa_pkcs1_sha512,True,t13d1516h2,8daaf6152771,02713d6af862,t,13,d,15,16,h2,"1:65536;2:0;4:6291456;6:262144|15663105|1:1:0:256,3:1:0:220,5:1:0:256,7:1:5:110,9:1:5:110|m,a,s,p",1:65536;2:0;4:6291456;6:262144,15663105.0,"1:1:0:256,3:1:0:220,5:1:0:256,7:1:5:110,9:1:5:110","m,a,s,p",5.0,65536.0,0.0,,6291456.0,,262144.0,":method,:authority,:scheme,:path"
trial-002,faf10cab-d56e-476c-8d4e-5f55af1da220,2026-04-19 16:08:56.238136434+00:00,205.172.168.145,POST,/collect,HTTP/2.0,0.188,TLS 1.3,h2,TLS_AES_128_GCM_SHA256,uxbehaviorsuite.com,True,a3c19ae6ba933f12e98c010ec8ed6576,t13d1516h2_8daaf6152771_02713d6af862,"h2,http/1.1",h2,2,True,True,0.0,h2_first,"2570,772,771","TLS 1.3,TLS 1.2",2,True,True,True,False,0.0,TLS1.3+TLS1.2,True,15,True,0.0,"2570,4865,4866,4867,49195,49199,49196,49200,52393,52392,49171,49172,156,157,47,53",TLS_AES_128_GCM_SHA256_TLS_AES_256_GCM_SHA384_TLS_CHACHA20_POLY1305_SHA256_ECDHE-ECDSA-AES128-GCM_ECDHE-RSA-AES128-GCM_ECDHE-ECDSA-AES256-GCM_ECDHE-RSA-AES256-GCM_ECDHE-ECDSA-CHACHA20_ECDHE-RSA-CHACHA20_ECDHE-RSA-AES128-CBC_ECDHE-RSA-AES256-CBC_RSA-AES128-GCM_RSA-AES256-GCM_RSA-AES128-CBC_RSA-AES256-CBC,4,True,0.0,"2570,25497,29,23,24",x25519Kyber768_x25519_secp256r1_secp384r1,8,False,,"1027,2052,1025,1283,2053,1281,2054,1537",ecdsa_secp256r1_sha256_rsa_pss_rsae_sha256_rsa_pkcs1_sha256_ecdsa_secp384r1_sha384_rsa_pss_rsae_sha384_rsa_pkcs1_sha384_rsa_pss_rsae_sha512_rsa_pkcs1_sha512,True,t13d1516h2,8daaf6152771,02713d6af862,t,13,d,15,16,h2,"1:65536;2:0;4:6291456;6:262144|15663105|1:1:0:256,3:1:0:220,5:1:0:256,7:1:5:110,9:1:5:110,11:1:9:110|m,a,s,p",1:65536;2:0;4:6291456;6:262144,15663105.0,"1:1:0:256,3:1:0:220,5:1:0:256,7:1:5:110,9:1:5:110,11:1:9:110","m,a,s,p",6.0,65536.0,0.0,,6291456.0,,262144.0,":method,:authority,:scheme,:path"
trial-002,3eab4970-f6d7-4f28-a3bc-d40b2afbcf0a,2026-04-19 16:09:58.725183906+00:00,172.70.247.52,GET,/wp-admin/setup-config.php,HTTP/2.0,0.13,TLS 1.3,h2,TLS_AES_128_GCM_SHA256,uxbehaviorsuite.com,True,1449472ba4c4ddb602762f628f080be4,t13d1412h2_e33ad33b3d25_6b314db333b6,"h2,http/1.1",h2,2,True,True,0.0,h2_first,"772,771,770,769","TLS 1.3,TLS 1.2,TLS 1.1,TLS 1.0",4,False,True,True,True,,TLS1.3+TLS1.2+TLS1.1+TLS1.0,True,14,False,,"4865,4866,4867,49195,49196,49199,49200,49171,49192,156,157,47,53,10",TLS_AES_128_GCM_SHA256_TLS_AES_256_GCM_SHA384_TLS_CHACHA20_POLY1305_SHA256_ECDHE-ECDSA-AES128-GCM_ECDHE-ECDSA-AES256-GCM_ECDHE-RSA-AES128-GCM_ECDHE-RSA-AES256-GCM_ECDHE-RSA-AES128-CBC_49192_RSA-AES128-GCM_RSA-AES256-GCM_RSA-AES128-CBC_RSA-AES256-CBC_10,7,False,,"29,23,24,25,4588,25497,65074",x25519_secp256r1_secp384r1_secp521r1_X25519MLKEM768_x25519Kyber768_65074,10,False,,"1027,2052,1025,1283,2053,1281,2054,1537,513,1539",ecdsa_secp256r1_sha256_rsa_pss_rsae_sha256_rsa_pkcs1_sha256_ecdsa_secp384r1_sha384_rsa_pss_rsae_sha384_rsa_pkcs1_sha384_rsa_pss_rsae_sha512_rsa_pkcs1_sha512_513_1539,True,t13d1412h2,e33ad33b3d25,6b314db333b6,t,13,d,14,12,h2,"2:0;3:1;4:8388608;5:65536|8323073|0|m,s,a,p",2:0;3:1;4:8388608;5:65536,8323073.0,0,"m,s,a,p",1.0,,0.0,1.0,8388608.0,65536.0,,":method,:scheme,:authority,:path"
trial-002,7fd7c38f-31d1-4138-b960-6be5ea6f7faf,2026-04-19 16:10:36.916254114+00:00,205.172.168.145,GET,/s2-scroll-gate.html,HTTP/2.0,0.332,TLS 1.3,h2,TLS_AES_128_GCM_SHA256,uxbehaviorsuite.com,True,a3c19ae6ba933f12e98c010ec8ed6576,t13d1516h2_8daaf6152771_02713d6af862,"h2,http/1.1",h2,2,True,True,0.0,h2_first,"2570,772,771","TLS 1.3,TLS 1.2",2,True,True,True,False,0.0,TLS1.3+TLS1.2,True,15,True,0.0,"2570,4865,4866,4867,49195,49199,49196,49200,52393,52392,49171,49172,156,157,47,53",TLS_AES_128_GCM_SHA256_TLS_AES_256_GCM_SHA384_TLS_CHACHA20_POLY1305_SHA256_ECDHE-ECDSA-AES128-GCM_ECDHE-RSA-AES128-GCM_ECDHE-ECDSA-AES256-GCM_ECDHE-RSA-AES256-GCM_ECDHE-ECDSA-CHACHA20_ECDHE-RSA-CHACHA20_ECDHE-RSA-AES128-CBC_ECDHE-RSA-AES256-CBC_RSA-AES128-GCM_RSA-AES256-GCM_RSA-AES128-CBC_RSA-AES256-CBC,4,True,0.0,"2570,25497,29,23,24",x25519Kyber768_x25519_secp256r1_secp384r1,8,False,,"1027,2052,1025,1283,2053,1281,2054,1537",ecdsa_secp256r1_sha256_rsa_pss_rsae_sha256_rsa_pkcs1_sha256_ecdsa_secp384r1_sha384_rsa_pss_rsae_sha384_rsa_pkcs1_sha384_rsa_pss_rsae_sha512_rsa_pkcs1_sha512,True,t13d1516h2,8daaf6152771,02713d6af862,t,13,d,15,16,h2,"1:65536;2:0;4:6291456;6:262144|15663105|1:1:0:256,3:1:0:220,5:1:0:256,7:1:5:110,9:1:5:110,11:1:9:110,13:1:0:110,15:1:0:256|m,a,s,p",1:65536;2:0;4:6291456;6:262144,15663105.0,"1:1:0:256,3:1:0:220,5:1:0:256,7:1:5:110,9:1:5:110,11:1:9:110,13:1:0:110,15:1:0:256","m,a,s,p",8.0,65536.0,0.0,,6291456.0,,262144.0,":method,:authority,:scheme,:path"
trial-002,9443a435-5287-48f5-99ee-e08b048c2464,2026-04-19 16:10:36.939766365+00:00,205.172.168.145,POST,/collect,HTTP/2.0,0.204,TLS 1.3,h2,TLS_AES_128_GCM_SHA256,uxbehaviorsuite.com,True,a3c19ae6ba933f12e98c010ec8ed6576,t13d1516h2_8daaf6152771_02713d6af862,"h2,http/1.1",h2,2,True,True,0.0,h2_first,"2570,772,771","TLS 1.3,TLS 1.2",2,True,True,True,False,0.0,TLS1.3+TLS1.2,True,15,True,0.0,"2570,4865,4866,4867,49195,49199,49196,49200,52393,52392,49171,49172,156,157,47,53",TLS_AES_128_GCM_SHA256_TLS_AES_256_GCM_SHA384_TLS_CHACHA20_POLY1305_SHA256_ECDHE-ECDSA-AES128-GCM_ECDHE-RSA-AES128-GCM_ECDHE-ECDSA-AES256-GCM_ECDHE-RSA-AES256-GCM_ECDHE-ECDSA-CHACHA20_ECDHE-RSA-CHACHA20_ECDHE-RSA-AES128-CBC_ECDHE-RSA-AES256-CBC_RSA-AES128-GCM_RSA-AES256-GCM_RSA-AES128-CBC_RSA-AES256-CBC,4,True,0.0,"2570,25497,29,23,24",x25519Kyber768_x25519_secp256r1_secp384r1,8,False,,"1027,2052,1025,1283,2053,1281,2054,1537",ecdsa_secp256r1_sha256_rsa_pss_rsae_sha256_rsa_pkcs1_sha256_ecdsa_secp384r1_sha384_rsa_pss_rsae_sha384_rsa_pkcs1_sha384_rsa_pss_rsae_sha512_rsa_pkcs1_sha512,True,t13d1516h2,8daaf6152771,02713d6af862,t,13,d,15,16,h2,"1:65536;2:0;4:6291456;6:262144|15663105|1:1:0:256,3:1:0:220,5:1:0:256,7:1:5:110,9:1:5:110,11:1:9:110,13:1:0:110,15:1:0:256,17:1:13:110|m,a,s,p",1:65536;2:0;4:6291456;6:262144,15663105.0,"1:1:0:256,3:1:0:220,5:1:0:256,7:1:5:110,9:1:5:110,11:1:9:110,13:1:0:110,15:1:0:256,17:1:13:110","m,a,s,p",9.0,65536.0,0.0,,6291456.0,,262144.0,":method,:authority,:scheme,:path"
trial-002,50148b04-5351-46e0-a22f-0818dcfa7ea3,2026-04-19 16:10:36.943116712+00:00,205.172.168.145,POST,/collect,HTTP/2.0,0.248,TLS 1.3,h2,TLS_AES_128_GCM_SHA256,uxbehaviorsuite.com,True,a3c19ae6ba933f12e98c010ec8ed6576,t13d1516h2_8daaf6152771_02713d6af862,"h2,http/1.1",h2,2,True,True,0.0,h2_first,"2570,772,771","TLS 1.3,TLS 1.2",2,True,True,True,False,0.0,TLS1.3+TLS1.2,True,15,True,0.0,"2570,4865,4866,4867,49195,49199,49196,49200,52393,52392,49171,49172,156,157,47,53",TLS_AES_128_GCM_SHA256_TLS_AES_256_GCM_SHA384_TLS_CHACHA20_POLY1305_SHA256_ECDHE-ECDSA-AES128-GCM_ECDHE-RSA-AES128-GCM_ECDHE-ECDSA-AES256-GCM_ECDHE-RSA-AES256-GCM_ECDHE-ECDSA-CHACHA20_ECDHE-RSA-CHACHA20_ECDHE-RSA-AES128-CBC_ECDHE-RSA-AES256-CBC_RSA-AES128-GCM_RSA-AES256-GCM_RSA-AES128-CBC_RSA-AES256-CBC,4,True,0.0,"2570,25497,29,23,24",x25519Kyber768_x25519_secp256r1_secp384r1,8,False,,"1027,2052,1025,1283,2053,1281,2054,1537",ecdsa_secp256r1_sha256_rsa_pss_rsae_sha256_rsa_pkcs1_sha256_ecdsa_secp384r1_sha384_rsa_pss_rsae_sha384_rsa_pkcs1_sha384_rsa_pss_rsae_sha512_rsa_pkcs1_sha512,True,t13d1516h2,8daaf6152771,02713d6af862,t,13,d,15,16,h2,"1:65536;2:0;4:6291456;6:262144|15663105|1:1:0:256,3:1:0:220,5:1:0:256,7:1:5:110,9:1:5:110,11:1:9:110,13:1:0:110,15:1:0:256,17:1:13:110,19:1:17:110|m,a,s,p",1:65536;2:0;4:6291456;6:262144,15663105.0,"1:1:0:256,3:1:0:220,5:1:0:256,7:1:5:110,9:1:5:110,11:1:9:110,13:1:0:110,15:1:0:256,17:1:13:110,19:1:17:110","m,a,s,p",10.0,65536.0,0.0,,6291456.0,,262144.0,":method,:authority,:scheme,:path"
trial-002,53c420ba-184a-4213-b09a-786e050c4689,2026-04-19 16:10:37.817859566+00:00,172.71.148.103,GET,/wp-admin/setup-config.php,HTTP/2.0,0.128,TLS 1.3,h2,TLS_AES_128_GCM_SHA256,uxbehaviorsuite.com,True,1449472ba4c4ddb602762f628f080be4,t13d1412h2_e33ad33b3d25_6b314db333b6,"h2,http/1.1",h2,2,True,True,0.0,h2_first,"772,771,770,769","TLS 1.3,TLS 1.2,TLS 1.1,TLS 1.0",4,False,True,True,True,,TLS1.3+TLS1.2+TLS1.1+TLS1.0,True,14,False,,"4865,4866,4867,49195,49196,49199,49200,49171,49192,156,157,47,53,10",TLS_AES_128_GCM_SHA256_TLS_AES_256_GCM_SHA384_TLS_CHACHA20_POLY1305_SHA256_ECDHE-ECDSA-AES128-GCM_ECDHE-ECDSA-AES256-GCM_ECDHE-RSA-AES128-GCM_ECDHE-RSA-AES256-GCM_ECDHE-RSA-AES128-CBC_49192_RSA-AES128-GCM_RSA-AES256-GCM_RSA-AES128-CBC_RSA-AES256-CBC_10,7,False,,"29,23,24,25,4588,25497,65074",x25519_secp256r1_secp384r1_secp521r1_X25519MLKEM768_x25519Kyber768_65074,10,False,,"1027,2052,1025,1283,2053,1281,2054,1537,513,1539",ecdsa_secp256r1_sha256_rsa_pss_rsae_sha256_rsa_pkcs1_sha256_ecdsa_secp384r1_sha384_rsa_pss_rsae_sha384_rsa_pkcs1_sha384_rsa_pss_rsae_sha512_rsa_pkcs1_sha512_513_1539,True,t13d1412h2,e33ad33b3d25,6b314db333b6,t,13,d,14,12,h2,"2:0;3:1;4:8388608;5:65536|8323073|0|m,s,a,p",2:0;3:1;4:8388608;5:65536,8323073.0,0,"m,s,a,p",1.0,,0.0,1.0,8388608.0,65536.0,,":method,:scheme,:authority,:path"
trial-002,22f8c9e5-2c99-402f-b794-e4ab195bee79,2026-04-19 16:11:02.044663756+00:00,172.71.172.85,GET,/wordpress/wp-admin/setup-config.php,HTTP/2.0,0.135,TLS 1.3,h2,TLS_AES_128_GCM_SHA256,uxbehaviorsuite.com,True,1449472ba4c4ddb602762f628f080be4,t13d1412h2_e33ad33b3d25_6b314db333b6,"h2,http/1.1",h2,2,True,True,0.0,h2_first,"772,771,770,769","TLS 1.3,TLS 1.2,TLS 1.1,TLS 1.0",4,False,True,True,True,,TLS1.3+TLS1.2+TLS1.1+TLS1.0,True,14,False,,"4865,4866,4867,49195,49196,49199,49200,49171,49192,156,157,47,53,10",TLS_AES_128_GCM_SHA256_TLS_AES_256_GCM_SHA384_TLS_CHACHA20_POLY1305_SHA256_ECDHE-ECDSA-AES128-GCM_ECDHE-ECDSA-AES256-GCM_ECDHE-RSA-AES128-GCM_ECDHE-RSA-AES256-GCM_ECDHE-RSA-AES128-CBC_49192_RSA-AES128-GCM_RSA-AES256-GCM_RSA-AES128-CBC_RSA-AES256-CBC_10,7,False,,"29,23,24,25,4588,25497,65074",x25519_secp256r1_secp384r1_secp521r1_X25519MLKEM768_x25519Kyber768_65074,10,False,,"1027,2052,1025,1283,2053,1281,2054,1537,513,1539",ecdsa_secp256r1_sha256_rsa_pss_rsae_sha256_rsa_pkcs1_sha256_ecdsa_secp384r1_sha384_rsa_pss_rsae_sha384_rsa_pkcs1_sha384_rsa_pss_rsae_sha512_rsa_pkcs1_sha512_513_1539,True,t13d1412h2,e33ad33b3d25,6b314db333b6,t,13,d,14,12,h2,"2:0;3:1;4:8388608;5:65536|8323073|0|m,s,a,p",2:0;3:1;4:8388608;5:65536,8323073.0,0,"m,s,a,p",1.0,,0.0,1.0,8388608.0,65536.0,,":method,:scheme,:authority,:path"
trial-002,52e17708-0e28-4e60-aa03-954792a5096b,2026-04-19 16:11:25.648291693+00:00,172.71.172.84,GET,/wordpress/wp-admin/setup-config.php,HTTP/2.0,0.174,TLS 1.3,h2,TLS_AES_128_GCM_SHA256,uxbehaviorsuite.com,True,1449472ba4c4ddb602762f628f080be4,t13d1412h2_e33ad33b3d25_6b314db333b6,"h2,http/1.1",h2,2,True,True,0.0,h2_first,"772,771,770,769","TLS 1.3,TLS 1.2,TLS 1.1,TLS 1.0",4,False,True,True,True,,TLS1.3+TLS1.2+TLS1.1+TLS1.0,True,14,False,,"4865,4866,4867,49195,49196,49199,49200,49171,49192,156,157,47,53,10",TLS_AES_128_GCM_SHA256_TLS_AES_256_GCM_SHA384_TLS_CHACHA20_POLY1305_SHA256_ECDHE-ECDSA-AES128-GCM_ECDHE-ECDSA-AES256-GCM_ECDHE-RSA-AES128-GCM_ECDHE-RSA-AES256-GCM_ECDHE-RSA-AES128-CBC_49192_RSA-AES128-GCM_RSA-AES256-GCM_RSA-AES128-CBC_RSA-AES256-CBC_10,7,False,,"29,23,24,25,4588,25497,65074",x25519_secp256r1_secp384r1_secp521r1_X25519MLKEM768_x25519Kyber768_65074,10,False,,"1027,2052,1025,1283,2053,1281,2054,1537,513,1539",ecdsa_secp256r1_sha256_rsa_pss_rsae_sha256_rsa_pkcs1_sha256_ecdsa_secp384r1_sha384_rsa_pss_rsae_sha384_rsa_pkcs1_sha384_rsa_pss_rsae_sha512_rsa_pkcs1_sha512_513_1539,True,t13d1412h2,e33ad33b3d25,6b314db333b6,t,13,d,14,12,h2,"2:0;3:1;4:8388608;5:65536|8323073|0|m,s,a,p",2:0;3:1;4:8388608;5:65536,8323073.0,0,"m,s,a,p",1.0,,0.0,1.0,8388608.0,65536.0,,":method,:scheme,:authority,:path"
trial-002,8d59b519-ab10-4a8a-995b-a9dda556b887,2026-04-19 16:11:39.430294826+00:00,205.172.168.145,GET,/s3-hover-reveal.html,HTTP/2.0,0.326,TLS 1.3,h2,TLS_AES_128_GCM_SHA256,uxbehaviorsuite.com,True,a3c19ae6ba933f12e98c010ec8ed6576,t13d1516h2_8daaf6152771_02713d6af862,"h2,http/1.1",h2,2,True,True,0.0,h2_first,"2570,772,771","TLS 1.3,TLS 1.2",2,True,True,True,False,0.0,TLS1.3+TLS1.2,True,15,True,0.0,"2570,4865,4866,4867,49195,49199,49196,49200,52393,52392,49171,49172,156,157,47,53",TLS_AES_128_GCM_SHA256_TLS_AES_256_GCM_SHA384_TLS_CHACHA20_POLY1305_SHA256_ECDHE-ECDSA-AES128-GCM_ECDHE-RSA-AES128-GCM_ECDHE-ECDSA-AES256-GCM_ECDHE-RSA-AES256-GCM_ECDHE-ECDSA-CHACHA20_ECDHE-RSA-CHACHA20_ECDHE-RSA-AES128-CBC_ECDHE-RSA-AES256-CBC_RSA-AES128-GCM_RSA-AES256-GCM_RSA-AES128-CBC_RSA-AES256-CBC,4,True,0.0,"2570,25497,29,23,24",x25519Kyber768_x25519_secp256r1_secp384r1,8,False,,"1027,2052,1025,1283,2053,1281,2054,1537",ecdsa_secp256r1_sha256_rsa_pss_rsae_sha256_rsa_pkcs1_sha256_ecdsa_secp384r1_sha384_rsa_pss_rsae_sha384_rsa_pkcs1_sha384_rsa_pss_rsae_sha512_rsa_pkcs1_sha512,True,t13d1516h2,8daaf6152771,02713d6af862,t,13,d,15,16,h2,"1:65536;2:0;4:6291456;6:262144|15663105|1:1:0:256,3:1:0:220,5:1:0:256,7:1:5:110,9:1:5:110,11:1:9:110,13:1:0:110,15:1:0:256,17:1:13:110,19:1:17:110,21:1:0:110,23:1:0:256|m,a,s,p",1:65536;2:0;4:6291456;6:262144,15663105.0,"1:1:0:256,3:1:0:220,5:1:0:256,7:1:5:110,9:1:5:110,11:1:9:110,13:1:0:110,15:1:0:256,17:1:13:110,19:1:17:110,21:1:0:110,23:1:0:256","m,a,s,p",12.0,65536.0,0.0,,6291456.0,,262144.0,":method,:authority,:scheme,:path"
trial-002,7c381bd5-bc39-46f7-879f-c6c29cb0451b,2026-04-19 16:11:39.451950002+00:00,205.172.168.145,POST,/collect,HTTP/2.0,0.249,TLS 1.3,h2,TLS_AES_128_GCM_SHA256,uxbehaviorsuite.com,True,a3c19ae6ba933f12e98c010ec8ed6576,t13d1516h2_8daaf6152771_02713d6af862,"h2,http/1.1",h2,2,True,True,0.0,h2_first,"2570,772,771","TLS 1.3,TLS 1.2",2,True,True,True,False,0.0,TLS1.3+TLS1.2,True,15,True,0.0,"2570,4865,4866,4867,49195,49199,49196,49200,52393,52392,49171,49172,156,157,47,53",TLS_AES_128_GCM_SHA256_TLS_AES_256_GCM_SHA384_TLS_CHACHA20_POLY1305_SHA256_ECDHE-ECDSA-AES128-GCM_ECDHE-RSA-AES128-GCM_ECDHE-ECDSA-AES256-GCM_ECDHE-RSA-AES256-GCM_ECDHE-ECDSA-CHACHA20_ECDHE-RSA-CHACHA20_ECDHE-RSA-AES128-CBC_ECDHE-RSA-AES256-CBC_RSA-AES128-GCM_RSA-AES256-GCM_RSA-AES128-CBC_RSA-AES256-CBC,4,True,0.0,"2570,25497,29,23,24",x25519Kyber768_x25519_secp256r1_secp384r1,8,False,,"1027,2052,1025,1283,2053,1281,2054,1537",ecdsa_secp256r1_sha256_rsa_pss_rsae_sha256_rsa_pkcs1_sha256_ecdsa_secp384r1_sha384_rsa_pss_rsae_sha384_rsa_pkcs1_sha384_rsa_pss_rsae_sha512_rsa_pkcs1_sha512,True,t13d1516h2,8daaf6152771,02713d6af862,t,13,d,15,16,h2,"1:65536;2:0;4:6291456;6:262144|15663105|1:1:0:256,3:1:0:220,5:1:0:256,7:1:5:110,9:1:5:110,11:1:9:110,13:1:0:110,15:1:0:256,17:1:13:110,19:1:17:110,21:1:0:110,23:1:0:256,25:1:23:110|m,a,s,p",1:65536;2:0;4:6291456;6:262144,15663105.0,"1:1:0:256,3:1:0:220,5:1:0:256,7:1:5:110,9:1:5:110,11:1:9:110,13:1:0:110,15:1:0:256,17:1:13:110,19:1:17:110,21:1:0:110,23:1:0:256,25:1:23:110","m,a,s,p",13.0,65536.0,0.0,,6291456.0,,262144.0,":method,:authority,:scheme,:path"
trial-002,74e98d9b-7690-49e6-a732-262fada05701,2026-04-19 16:11:39.453989638+00:00,205.172.168.145,POST,/collect,HTTP/2.0,0.219,TLS 1.3,h2,TLS_AES_128_GCM_SHA256,uxbehaviorsuite.com,True,a3c19ae6ba933f12e98c010ec8ed6576,t13d1516h2_8daaf6152771_02713d6af862,"h2,http/1.1",h2,2,True,True,0.0,h2_first,"2570,772,771","TLS 1.3,TLS 1.2",2,True,True,True,False,0.0,TLS1.3+TLS1.2,True,15,True,0.0,"2570,4865,4866,4867,49195,49199,49196,49200,52393,52392,49171,49172,156,157,47,53",TLS_AES_128_GCM_SHA256_TLS_AES_256_GCM_SHA384_TLS_CHACHA20_POLY1305_SHA256_ECDHE-ECDSA-AES128-GCM_ECDHE-RSA-AES128-GCM_ECDHE-ECDSA-AES256-GCM_ECDHE-RSA-AES256-GCM_ECDHE-ECDSA-CHACHA20_ECDHE-RSA-CHACHA20_ECDHE-RSA-AES128-CBC_ECDHE-RSA-AES256-CBC_RSA-AES128-GCM_RSA-AES256-GCM_RSA-AES128-CBC_RSA-AES256-CBC,4,True,0.0,"2570,25497,29,23,24",x25519Kyber768_x25519_secp256r1_secp384r1,8,False,,"1027,2052,1025,1283,2053,1281,2054,1537",ecdsa_secp256r1_sha256_rsa_pss_rsae_sha256_rsa_pkcs1_sha256_ecdsa_secp384r1_sha384_rsa_pss_rsae_sha384_rsa_pkcs1_sha384_rsa_pss_rsae_sha512_rsa_pkcs1_sha512,True,t13d1516h2,8daaf6152771,02713d6af862,t,13,d,15,16,h2,"1:65536;2:0;4:6291456;6:262144|15663105|1:1:0:256,3:1:0:220,5:1:0:256,7:1:5:110,9:1:5:110,11:1:9:110,13:1:0:110,15:1:0:256,17:1:13:110,19:1:17:110,21:1:0:110,23:1:0:256,25:1:23:110,27:1:25:110|m,a,s,p",1:65536;2:0;4:6291456;6:262144,15663105.0,"1:1:0:256,3:1:0:220,5:1:0:256,7:1:5:110,9:1:5:110,11:1:9:110,13:1:0:110,15:1:0:256,17:1:13:110,19:1:17:110,21:1:0:110,23:1:0:256,25:1:23:110,27:1:25:110","m,a,s,p",14.0,65536.0,0.0,,6291456.0,,262144.0,":method,:authority,:scheme,:path"
trial-002,0fd15ba0-d6f3-4ec6-a8ab-ced93acf625b,2026-04-19 16:13:02.504803129+00:00,205.172.168.145,GET,/s4-dom-mismatch.html,HTTP/2.0,0.311,TLS 1.3,h2,TLS_AES_128_GCM_SHA256,uxbehaviorsuite.com,True,a3c19ae6ba933f12e98c010ec8ed6576,t13d1516h2_8daaf6152771_02713d6af862,"h2,http/1.1",h2,2,True,True,0.0,h2_first,"2570,772,771","TLS 1.3,TLS 1.2",2,True,True,True,False,0.0,TLS1.3+TLS1.2,True,15,True,0.0,"2570,4865,4866,4867,49195,49199,49196,49200,52393,52392,49171,49172,156,157,47,53",TLS_AES_128_GCM_SHA256_TLS_AES_256_GCM_SHA384_TLS_CHACHA20_POLY1305_SHA256_ECDHE-ECDSA-AES128-GCM_ECDHE-RSA-AES128-GCM_ECDHE-ECDSA-AES256-GCM_ECDHE-RSA-AES256-GCM_ECDHE-ECDSA-CHACHA20_ECDHE-RSA-CHACHA20_ECDHE-RSA-AES128-CBC_ECDHE-RSA-AES256-CBC_RSA-AES128-GCM_RSA-AES256-GCM_RSA-AES128-CBC_RSA-AES256-CBC,4,True,0.0,"2570,25497,29,23,24",x25519Kyber768_x25519_secp256r1_secp384r1,8,False,,"1027,2052,1025,1283,2053,1281,2054,1537",ecdsa_secp256r1_sha256_rsa_pss_rsae_sha256_rsa_pkcs1_sha256_ecdsa_secp384r1_sha384_rsa_pss_rsae_sha384_rsa_pkcs1_sha384_rsa_pss_rsae_sha512_rsa_pkcs1_sha512,True,t13d1516h2,8daaf6152771,02713d6af862,t,13,d,15,16,h2,"1:65536;2:0;4:6291456;6:262144|15663105|1:1:0:256,3:1:0:220,5:1:0:256,7:1:5:110,9:1:5:110,11:1:9:110,13:1:0:110,15:1:0:256,17:1:13:110,19:1:17:110,21:1:0:110,23:1:0:256,25:1:23:110,27:1:25:110,29:1:0:110,31:1:0:256|m,a,s,p",1:65536;2:0;4:6291456;6:262144,15663105.0,"1:1:0:256,3:1:0:220,5:1:0:256,7:1:5:110,9:1:5:110,11:1:9:110,13:1:0:110,15:1:0:256,17:1:13:110,19:1:17:110,21:1:0:110,23:1:0:256,25:1:23:110,27:1:25:110,29:1:0:110,31:1:0:256","m,a,s,p",16.0,65536.0,0.0,,6291456.0,,262144.0,":method,:authority,:scheme,:path"
trial-002,1f6c6a7c-246c-45db-8b08-3b0f53bcaae5,2026-04-19 16:13:02.529680527+00:00,205.172.168.145,POST,/collect,HTTP/2.0,2.062,TLS 1.3,h2,TLS_AES_128_GCM_SHA256,uxbehaviorsuite.com,True,a3c19ae6ba933f12e98c010ec8ed6576,t13d1516h2_8daaf6152771_02713d6af862,"h2,http/1.1",h2,2,True,True,0.0,h2_first,"2570,772,771","TLS 1.3,TLS 1.2",2,True,True,True,False,0.0,TLS1.3+TLS1.2,True,15,True,0.0,"2570,4865,4866,4867,49195,49199,49196,49200,52393,52392,49171,49172,156,157,47,53",TLS_AES_128_GCM_SHA256_TLS_AES_256_GCM_SHA384_TLS_CHACHA20_POLY1305_SHA256_ECDHE-ECDSA-AES128-GCM_ECDHE-RSA-AES128-GCM_ECDHE-ECDSA-AES256-GCM_ECDHE-RSA-AES256-GCM_ECDHE-ECDSA-CHACHA20_ECDHE-RSA-CHACHA20_ECDHE-RSA-AES128-CBC_ECDHE-RSA-AES256-CBC_RSA-AES128-GCM_RSA-AES256-GCM_RSA-AES128-CBC_RSA-AES256-CBC,4,True,0.0,"2570,25497,29,23,24",x25519Kyber768_x25519_secp256r1_secp384r1,8,False,,"1027,2052,1025,1283,2053,1281,2054,1537",ecdsa_secp256r1_sha256_rsa_pss_rsae_sha256_rsa_pkcs1_sha256_ecdsa_secp384r1_sha384_rsa_pss_rsae_sha384_rsa_pkcs1_sha384_rsa_pss_rsae_sha512_rsa_pkcs1_sha512,True,t13d1516h2,8daaf6152771,02713d6af862,t,13,d,15,16,h2,"1:65536;2:0;4:6291456;6:262144|15663105|1:1:0:256,3:1:0:220,5:1:0:256,7:1:5:110,9:1:5:110,11:1:9:110,13:1:0:110,15:1:0:256,17:1:13:110,19:1:17:110,21:1:0:110,23:1:0:256,25:1:23:110,27:1:25:110,29:1:0:110,31:1:0:256,33:1:31:110,35:1:33:110|m,a,s,p",1:65536;2:0;4:6291456;6:262144,15663105.0,"1:1:0:256,3:1:0:220,5:1:0:256,7:1:5:110,9:1:5:110,11:1:9:110,13:1:0:110,15:1:0:256,17:1:13:110,19:1:17:110,21:1:0:110,23:1:0:256,25:1:23:110,27:1:25:110,29:1:0:110,31:1:0:256,33:1:31:110,35:1:33:110","m,a,s,p",18.0,65536.0,0.0,,6291456.0,,262144.0,":method,:authority,:scheme,:path"
trial-002,32483187-fbc5-4149-9e94-71ec5e154cdd,2026-04-19 16:13:02.529704879+00:00,205.172.168.145,POST,/collect,HTTP/2.0,2.221,TLS 1.3,h2,TLS_AES_128_GCM_SHA256,uxbehaviorsuite.com,True,a3c19ae6ba933f12e98c010ec8ed6576,t13d1516h2_8daaf6152771_02713d6af862,"h2,http/1.1",h2,2,True,True,0.0,h2_first,"2570,772,771","TLS 1.3,TLS 1.2",2,True,True,True,False,0.0,TLS1.3+TLS1.2,True,15,True,0.0,"2570,4865,4866,4867,49195,49199,49196,49200,52393,52392,49171,49172,156,157,47,53",TLS_AES_128_GCM_SHA256_TLS_AES_256_GCM_SHA384_TLS_CHACHA20_POLY1305_SHA256_ECDHE-ECDSA-AES128-GCM_ECDHE-RSA-AES128-GCM_ECDHE-ECDSA-AES256-GCM_ECDHE-RSA-AES256-GCM_ECDHE-ECDSA-CHACHA20_ECDHE-RSA-CHACHA20_ECDHE-RSA-AES128-CBC_ECDHE-RSA-AES256-CBC_RSA-AES128-GCM_RSA-AES256-GCM_RSA-AES128-CBC_RSA-AES256-CBC,4,True,0.0,"2570,25497,29,23,24",x25519Kyber768_x25519_secp256r1_secp384r1,8,False,,"1027,2052,1025,1283,2053,1281,2054,1537",ecdsa_secp256r1_sha256_rsa_pss_rsae_sha256_rsa_pkcs1_sha256_ecdsa_secp384r1_sha384_rsa_pss_rsae_sha384_rsa_pkcs1_sha384_rsa_pss_rsae_sha512_rsa_pkcs1_sha512,True,t13d1516h2,8daaf6152771,02713d6af862,t,13,d,15,16,h2,"1:65536;2:0;4:6291456;6:262144|15663105|1:1:0:256,3:1:0:220,5:1:0:256,7:1:5:110,9:1:5:110,11:1:9:110,13:1:0:110,15:1:0:256,17:1:13:110,19:1:17:110,21:1:0:110,23:1:0:256,25:1:23:110,27:1:25:110,29:1:0:110,31:1:0:256,33:1:31:110,35:1:33:110|m,a,s,p",1:65536;2:0;4:6291456;6:262144,15663105.0,"1:1:0:256,3:1:0:220,5:1:0:256,7:1:5:110,9:1:5:110,11:1:9:110,13:1:0:110,15:1:0:256,17:1:13:110,19:1:17:110,21:1:0:110,23:1:0:256,25:1:23:110,27:1:25:110,29:1:0:110,31:1:0:256,33:1:31:110,35:1:33:110","m,a,s,p",18.0,65536.0,0.0,,6291456.0,,262144.0,":method,:authority,:scheme,:path"
trial-003,f6d54482-e13d-4c9e-931a-7a007d4a4b66,2026-04-19 16:19:22.427617107+00:00,205.172.168.145,GET,/subscribe-v1.html,HTTP/2.0,0.324,TLS 1.3,h2,TLS_AES_128_GCM_SHA256,uxbehaviorsuite.com,True,584896a70441da74f65dc4069733231a,t13d1516h2_8daaf6152771_02713d6af862,"h2,http/1.1",h2,2,True,True,0.0,h2_first,"2570,772,771","TLS 1.3,TLS 1.2",2,True,True,True,False,0.0,TLS1.3+TLS1.2,True,15,True,0.0,"2570,4865,4866,4867,49195,49199,49196,49200,52393,52392,49171,49172,156,157,47,53",TLS_AES_128_GCM_SHA256_TLS_AES_256_GCM_SHA384_TLS_CHACHA20_POLY1305_SHA256_ECDHE-ECDSA-AES128-GCM_ECDHE-RSA-AES128-GCM_ECDHE-ECDSA-AES256-GCM_ECDHE-RSA-AES256-GCM_ECDHE-ECDSA-CHACHA20_ECDHE-RSA-CHACHA20_ECDHE-RSA-AES128-CBC_ECDHE-RSA-AES256-CBC_RSA-AES128-GCM_RSA-AES256-GCM_RSA-AES128-CBC_RSA-AES256-CBC,4,True,0.0,"2570,25497,29,23,24",x25519Kyber768_x25519_secp256r1_secp384r1,8,False,,"1027,2052,1025,1283,2053,1281,2054,1537",ecdsa_secp256r1_sha256_rsa_pss_rsae_sha256_rsa_pkcs1_sha256_ecdsa_secp384r1_sha384_rsa_pss_rsae_sha384_rsa_pkcs1_sha384_rsa_pss_rsae_sha512_rsa_pkcs1_sha512,True,t13d1516h2,8daaf6152771,02713d6af862,t,13,d,15,16,h2,"1:65536;2:0;4:6291456;6:262144|15663105|1:1:0:256|m,a,s,p",1:65536;2:0;4:6291456;6:262144,15663105.0,1:1:0:256,"m,a,s,p",1.0,65536.0,0.0,,6291456.0,,262144.0,":method,:authority,:scheme,:path"
trial-003,3173f2a7-9769-4385-976c-1b3701255918,2026-04-19 16:19:22.463677690+00:00,205.172.168.145,GET,/logger.js,HTTP/2.0,0.43,TLS 1.3,h2,TLS_AES_128_GCM_SHA256,uxbehaviorsuite.com,True,584896a70441da74f65dc4069733231a,t13d1516h2_8daaf6152771_02713d6af862,"h2,http/1.1",h2,2,True,True,0.0,h2_first,"2570,772,771","TLS 1.3,TLS 1.2",2,True,True,True,False,0.0,TLS1.3+TLS1.2,True,15,True,0.0,"2570,4865,4866,4867,49195,49199,49196,49200,52393,52392,49171,49172,156,157,47,53",TLS_AES_128_GCM_SHA256_TLS_AES_256_GCM_SHA384_TLS_CHACHA20_POLY1305_SHA256_ECDHE-ECDSA-AES128-GCM_ECDHE-RSA-AES128-GCM_ECDHE-ECDSA-AES256-GCM_ECDHE-RSA-AES256-GCM_ECDHE-ECDSA-CHACHA20_ECDHE-RSA-CHACHA20_ECDHE-RSA-AES128-CBC_ECDHE-RSA-AES256-CBC_RSA-AES128-GCM_RSA-AES256-GCM_RSA-AES128-CBC_RSA-AES256-CBC,4,True,0.0,"2570,25497,29,23,24",x25519Kyber768_x25519_secp256r1_secp384r1,8,False,,"1027,2052,1025,1283,2053,1281,2054,1537",ecdsa_secp256r1_sha256_rsa_pss_rsae_sha256_rsa_pkcs1_sha256_ecdsa_secp384r1_sha384_rsa_pss_rsae_sha384_rsa_pkcs1_sha384_rsa_pss_rsae_sha512_rsa_pkcs1_sha512,True,t13d1516h2,8daaf6152771,02713d6af862,t,13,d,15,16,h2,"1:65536;2:0;4:6291456;6:262144|15663105|1:1:0:256,3:1:0:220|m,a,s,p",1:65536;2:0;4:6291456;6:262144,15663105.0,"1:1:0:256,3:1:0:220","m,a,s,p",2.0,65536.0,0.0,,6291456.0,,262144.0,":method,:authority,:scheme,:path"
trial-003,cd3b62fe-502e-4e10-928a-ab264b44adbd,2026-04-19 16:21:11.712182577+00:00,205.172.168.145,GET,/subscribe-v2.html,HTTP/2.0,0.602,TLS 1.3,h2,TLS_AES_128_GCM_SHA256,uxbehaviorsuite.com,True,584896a70441da74f65dc4069733231a,t13d1516h2_8daaf6152771_02713d6af862,"h2,http/1.1",h2,2,True,True,0.0,h2_first,"2570,772,771","TLS 1.3,TLS 1.2",2,True,True,True,False,0.0,TLS1.3+TLS1.2,True,15,True,0.0,"2570,4865,4866,4867,49195,49199,49196,49200,52393,52392,49171,49172,156,157,47,53",TLS_AES_128_GCM_SHA256_TLS_AES_256_GCM_SHA384_TLS_CHACHA20_POLY1305_SHA256_ECDHE-ECDSA-AES128-GCM_ECDHE-RSA-AES128-GCM_ECDHE-ECDSA-AES256-GCM_ECDHE-RSA-AES256-GCM_ECDHE-ECDSA-CHACHA20_ECDHE-RSA-CHACHA20_ECDHE-RSA-AES128-CBC_ECDHE-RSA-AES256-CBC_RSA-AES128-GCM_RSA-AES256-GCM_RSA-AES128-CBC_RSA-AES256-CBC,4,True,0.0,"2570,25497,29,23,24",x25519Kyber768_x25519_secp256r1_secp384r1,8,False,,"1027,2052,1025,1283,2053,1281,2054,1537",ecdsa_secp256r1_sha256_rsa_pss_rsae_sha256_rsa_pkcs1_sha256_ecdsa_secp384r1_sha384_rsa_pss_rsae_sha384_rsa_pkcs1_sha384_rsa_pss_rsae_sha512_rsa_pkcs1_sha512,True,t13d1516h2,8daaf6152771,02713d6af862,t,13,d,15,16,h2,"1:65536;2:0;4:6291456;6:262144|15663105|1:1:0:256,3:1:0:220,5:1:0:256,7:1:5:110|m,a,s,p",1:65536;2:0;4:6291456;6:262144,15663105.0,"1:1:0:256,3:1:0:220,5:1:0:256,7:1:5:110","m,a,s,p",4.0,65536.0,0.0,,6291456.0,,262144.0,":method,:authority,:scheme,:path"
trial-003,0eaa6ab3-743d-4360-9051-0e0c41315a16,2026-04-19 16:21:11.712366349+00:00,205.172.168.145,POST,/collect,HTTP/2.0,1.017,TLS 1.3,h2,TLS_AES_128_GCM_SHA256,uxbehaviorsuite.com,True,584896a70441da74f65dc4069733231a,t13d1516h2_8daaf6152771_02713d6af862,"h2,http/1.1",h2,2,True,True,0.0,h2_first,"2570,772,771","TLS 1.3,TLS 1.2",2,True,True,True,False,0.0,TLS1.3+TLS1.2,True,15,True,0.0,"2570,4865,4866,4867,49195,49199,49196,49200,52393,52392,49171,49172,156,157,47,53",TLS_AES_128_GCM_SHA256_TLS_AES_256_GCM_SHA384_TLS_CHACHA20_POLY1305_SHA256_ECDHE-ECDSA-AES128-GCM_ECDHE-RSA-AES128-GCM_ECDHE-ECDSA-AES256-GCM_ECDHE-RSA-AES256-GCM_ECDHE-ECDSA-CHACHA20_ECDHE-RSA-CHACHA20_ECDHE-RSA-AES128-CBC_ECDHE-RSA-AES256-CBC_RSA-AES128-GCM_RSA-AES256-GCM_RSA-AES128-CBC_RSA-AES256-CBC,4,True,0.0,"2570,25497,29,23,24",x25519Kyber768_x25519_secp256r1_secp384r1,8,False,,"1027,2052,1025,1283,2053,1281,2054,1537",ecdsa_secp256r1_sha256_rsa_pss_rsae_sha256_rsa_pkcs1_sha256_ecdsa_secp384r1_sha384_rsa_pss_rsae_sha384_rsa_pkcs1_sha384_rsa_pss_rsae_sha512_rsa_pkcs1_sha512,True,t13d1516h2,8daaf6152771,02713d6af862,t,13,d,15,16,h2,"1:65536;2:0;4:6291456;6:262144|15663105|1:1:0:256,3:1:0:220,5:1:0:256,7:1:5:110|m,a,s,p",1:65536;2:0;4:6291456;6:262144,15663105.0,"1:1:0:256,3:1:0:220,5:1:0:256,7:1:5:110","m,a,s,p",4.0,65536.0,0.0,,6291456.0,,262144.0,":method,:authority,:scheme,:path"
trial-003,a1d6ad11-7812-4273-bd0b-a9361a62fa6a,2026-04-19 16:21:11.734277124+00:00,205.172.168.145,POST,/collect,HTTP/2.0,0.217,TLS 1.3,h2,TLS_AES_128_GCM_SHA256,uxbehaviorsuite.com,True,584896a70441da74f65dc4069733231a,t13d1516h2_8daaf6152771_02713d6af862,"h2,http/1.1",h2,2,True,True,0.0,h2_first,"2570,772,771","TLS 1.3,TLS 1.2",2,True,True,True,False,0.0,TLS1.3+TLS1.2,True,15,True,0.0,"2570,4865,4866,4867,49195,49199,49196,49200,52393,52392,49171,49172,156,157,47,53",TLS_AES_128_GCM_SHA256_TLS_AES_256_GCM_SHA384_TLS_CHACHA20_POLY1305_SHA256_ECDHE-ECDSA-AES128-GCM_ECDHE-RSA-AES128-GCM_ECDHE-ECDSA-AES256-GCM_ECDHE-RSA-AES256-GCM_ECDHE-ECDSA-CHACHA20_ECDHE-RSA-CHACHA20_ECDHE-RSA-AES128-CBC_ECDHE-RSA-AES256-CBC_RSA-AES128-GCM_RSA-AES256-GCM_RSA-AES128-CBC_RSA-AES256-CBC,4,True,0.0,"2570,25497,29,23,24",x25519Kyber768_x25519_secp256r1_secp384r1,8,False,,"1027,2052,1025,1283,2053,1281,2054,1537",ecdsa_secp256r1_sha256_rsa_pss_rsae_sha256_rsa_pkcs1_sha256_ecdsa_secp384r1_sha384_rsa_pss_rsae_sha384_rsa_pkcs1_sha384_rsa_pss_rsae_sha512_rsa_pkcs1_sha512,True,t13d1516h2,8daaf6152771,02713d6af862,t,13,d,15,16,h2,"1:65536;2:0;4:6291456;6:262144|15663105|1:1:0:256,3:1:0:220,5:1:0:256,7:1:5:110,9:1:7:110|m,a,s,p",1:65536;2:0;4:6291456;6:262144,15663105.0,"1:1:0:256,3:1:0:220,5:1:0:256,7:1:5:110,9:1:7:110","m,a,s,p",5.0,65536.0,0.0,,6291456.0,,262144.0,":method,:authority,:scheme,:path"
trial-003,0be712bf-4dd5-4878-8c2d-af49c21a238b,2026-04-19 16:21:11.736129942+00:00,205.172.168.145,POST,/collect,HTTP/2.0,0.188,TLS 1.3,h2,TLS_AES_128_GCM_SHA256,uxbehaviorsuite.com,True,584896a70441da74f65dc4069733231a,t13d1516h2_8daaf6152771_02713d6af862,"h2,http/1.1",h2,2,True,True,0.0,h2_first,"2570,772,771","TLS 1.3,TLS 1.2",2,True,True,True,False,0.0,TLS1.3+TLS1.2,True,15,True,0.0,"2570,4865,4866,4867,49195,49199,49196,49200,52393,52392,49171,49172,156,157,47,53",TLS_AES_128_GCM_SHA256_TLS_AES_256_GCM_SHA384_TLS_CHACHA20_POLY1305_SHA256_ECDHE-ECDSA-AES128-GCM_ECDHE-RSA-AES128-GCM_ECDHE-ECDSA-AES256-GCM_ECDHE-RSA-AES256-GCM_ECDHE-ECDSA-CHACHA20_ECDHE-RSA-CHACHA20_ECDHE-RSA-AES128-CBC_ECDHE-RSA-AES256-CBC_RSA-AES128-GCM_RSA-AES256-GCM_RSA-AES128-CBC_RSA-AES256-CBC,4,True,0.0,"2570,25497,29,23,24",x25519Kyber768_x25519_secp256r1_secp384r1,8,False,,"1027,2052,1025,1283,2053,1281,2054,1537",ecdsa_secp256r1_sha256_rsa_pss_rsae_sha256_rsa_pkcs1_sha256_ecdsa_secp384r1_sha384_rsa_pss_rsae_sha384_rsa_pkcs1_sha384_rsa_pss_rsae_sha512_rsa_pkcs1_sha512,True,t13d1516h2,8daaf6152771,02713d6af862,t,13,d,15,16,h2,"1:65536;2:0;4:6291456;6:262144|15663105|1:1:0:256,3:1:0:220,5:1:0:256,7:1:5:110,9:1:7:110,11:1:9:110|m,a,s,p",1:65536;2:0;4:6291456;6:262144,15663105.0,"1:1:0:256,3:1:0:220,5:1:0:256,7:1:5:110,9:1:7:110,11:1:9:110","m,a,s,p",6.0,65536.0,0.0,,6291456.0,,262144.0,":method,:authority,:scheme,:path"
trial-003,129bc326-b9ec-4384-aac7-64d8687dd9f7,2026-04-19 16:21:17.693244076+00:00,66.132.172.181,GET,/,HTTP/1.1,0.294,TLS 1.3,,TLS_CHACHA20_POLY1305_SHA256,devsecopstrainee.site,True,1f24dbdea9cbd448a034e5d87c14168f,t13d190900_9dc949149365_97f8aa674fd9,,,0,False,False,,none,"772,771,770,769","TLS 1.3,TLS 1.2,TLS 1.1,TLS 1.0",4,False,True,True,True,,TLS1.3+TLS1.2+TLS1.1+TLS1.0,True,19,False,,"52392,52393,49199,49200,49195,49196,49171,49161,49172,49162,156,157,47,53,49170,10,4867,4865,4866",ECDHE-RSA-CHACHA20_ECDHE-ECDSA-CHACHA20_ECDHE-RSA-AES128-GCM_ECDHE-RSA-AES256-GCM_ECDHE-ECDSA-AES128-GCM_ECDHE-ECDSA-AES256-GCM_ECDHE-RSA-AES128-CBC_49161_ECDHE-RSA-AES256-CBC_49162_RSA-AES128-GCM_RSA-AES256-GCM_RSA-AES128-CBC_RSA-AES256-CBC_49170_10_TLS_CHACHA20_POLY1305_SHA256_TLS_AES_128_GCM_SHA256_TLS_AES_256_GCM_SHA384,4,False,,"29,23,24,25",x25519_secp256r1_secp384r1_secp521r1,12,False,,"2052,1027,2055,2053,2054,1025,1281,1537,1283,1539,513,515",rsa_pss_rsae_sha256_ecdsa_secp256r1_sha256_2055_rsa_pss_rsae_sha384_rsa_pss_rsae_sha512_rsa_pkcs1_sha256_rsa_pkcs1_sha384_rsa_pkcs1_sha512_ecdsa_secp384r1_sha384_1539_513_ecdsa_sha1,False,t13d190900,9dc949149365,97f8aa674fd9,t,13,d,19,9,00,,,,,,,,,,,,,
trial-003,e1491c26-a220-43c1-88bc-bf653b07dec5,2026-04-19 16:21:23.163657972+00:00,66.132.172.181,GET,/favicon.ico,HTTP/1.1,0.131,TLS 1.3,,TLS_AES_128_GCM_SHA256,devsecopstrainee.site,True,9b7dcdf3f997f1fb7b4409c94cb7ef36,t13d131100_f57a46bbacb6_ab7e3b40a677,,,0,False,False,,none,"772,771","TLS 1.3,TLS 1.2",2,False,True,True,False,,TLS1.3+TLS1.2,True,13,False,,"49195,49199,49196,49200,52393,52392,49161,49171,49162,49172,4865,4866,4867",ECDHE-ECDSA-AES128-GCM_ECDHE-RSA-AES128-GCM_ECDHE-ECDSA-AES256-GCM_ECDHE-RSA-AES256-GCM_ECDHE-ECDSA-CHACHA20_ECDHE-RSA-CHACHA20_49161_ECDHE-RSA-AES128-CBC_49162_ECDHE-RSA-AES256-CBC_TLS_AES_128_GCM_SHA256_TLS_AES_256_GCM_SHA384_TLS_CHACHA20_POLY1305_SHA256,7,False,,"4588,4587,4589,29,23,24,25",X25519MLKEM768_4587_4589_x25519_secp256r1_secp384r1_secp521r1,10,False,,"2052,1027,2055,2053,2054,1025,1281,1537,1283,1539",rsa_pss_rsae_sha256_ecdsa_secp256r1_sha256_2055_rsa_pss_rsae_sha384_rsa_pss_rsae_sha512_rsa_pkcs1_sha256_rsa_pkcs1_sha384_rsa_pkcs1_sha512_ecdsa_secp384r1_sha384_1539,True,t13d131100,f57a46bbacb6,ab7e3b40a677,t,13,d,13,11,00,,,,,,,,,,,,,
trial-003,c51cb4ee-3246-4e4b-8c6a-2bc18e122380,2026-04-19 16:21:42.176731377+00:00,168.144.96.218,GET,/,HTTP/1.1,0.378,TLS 1.2,,TLS_ECDHE_ECDSA_WITH_AES_128_GCM_SHA256,uxbehaviorsuite.com,True,fd80fa9c6120cdeea8520510f3c644ac,t12d860600_e18388e7f3a3_a1e935682795,,,0,False,False,,none,,,0,False,False,False,False,,none,,86,False,,"49200,49196,49192,49188,49172,49162,165,163,161,159,107,106,105,104,57,56,55,54,136,135,134,133,49202,49198,49194,49190,49167,49157,157,61,53,132,49199,49195,49191,49187,49171,49161,164,162,160,158,103,64,63,62,51,50,49,48,154,153,152,151,69,68,67,66,49201,49197,49193,49189,49166,49156,156,60,47,150,65,7,49169,49159,49164,49154,5,4,49170,49160,22,19,16,13,49165,49155,10,255",ECDHE-RSA-AES256-GCM_ECDHE-ECDSA-AES256-GCM_49192_49188_ECDHE-RSA-AES256-CBC_49162_165_163_161_159_107_106_105_104_57_56_55_54_136_135_134_133_49202_49198_49194_49190_49167_49157_RSA-AES256-GCM_61_RSA-AES256-CBC_132_ECDHE-RSA-AES128-GCM_ECDHE-ECDSA-AES128-GCM_49191_49187_ECDHE-RSA-AES128-CBC_49161_164_162_160_158_103_64_63_62_51_50_49_48_154_153_152_151_69_68_67_66_49201_49197_49193_49189_49166_49156_RSA-AES128-GCM_60_RSA-AES128-CBC_150_65_7_49169_49159_49164_49154_5_4_49170_49160_22_19_16_13_49165_49155_10_EMPTY_RENEGOTIATION,13,False,,"23,25,28,27,24,26,22,14,13,11,12,9,10",secp256r1_secp521r1_28_27_secp384r1_26_22_14_13_11_12_9_10,15,False,,"1537,1538,1539,1281,1282,1283,1025,1026,1027,769,770,771,513,514,515",rsa_pkcs1_sha512_1538_1539_rsa_pkcs1_sha384_1282_ecdsa_secp384r1_sha384_rsa_pkcs1_sha256_1026_ecdsa_secp256r1_sha256_769_770_771_513_514_ecdsa_sha1,False,t12d860600,e18388e7f3a3,a1e935682795,t,12,d,86,6,00,,,,,,,,,,,,,
trial-003,0da45324-a0bc-42f8-980f-f0563100d2fd,2026-04-19 16:21:43.388538421+00:00,168.144.96.218,GET,//xmlrpc.php,HTTP/1.1,0.122,TLS 1.2,,TLS_ECDHE_ECDSA_WITH_AES_128_GCM_SHA256,uxbehaviorsuite.com,True,fd80fa9c6120cdeea8520510f3c644ac,t12d860600_e18388e7f3a3_a1e935682795,,,0,False,False,,none,,,0,False,False,False,False,,none,,86,False,,"49200,49196,49192,49188,49172,49162,165,163,161,159,107,106,105,104,57,56,55,54,136,135,134,133,49202,49198,49194,49190,49167,49157,157,61,53,132,49199,49195,49191,49187,49171,49161,164,162,160,158,103,64,63,62,51,50,49,48,154,153,152,151,69,68,67,66,49201,49197,49193,49189,49166,49156,156,60,47,150,65,7,49169,49159,49164,49154,5,4,49170,49160,22,19,16,13,49165,49155,10,255",ECDHE-RSA-AES256-GCM_ECDHE-ECDSA-AES256-GCM_49192_49188_ECDHE-RSA-AES256-CBC_49162_165_163_161_159_107_106_105_104_57_56_55_54_136_135_134_133_49202_49198_49194_49190_49167_49157_RSA-AES256-GCM_61_RSA-AES256-CBC_132_ECDHE-RSA-AES128-GCM_ECDHE-ECDSA-AES128-GCM_49191_49187_ECDHE-RSA-AES128-CBC_49161_164_162_160_158_103_64_63_62_51_50_49_48_154_153_152_151_69_68_67_66_49201_49197_49193_49189_49166_49156_RSA-AES128-GCM_60_RSA-AES128-CBC_150_65_7_49169_49159_49164_49154_5_4_49170_49160_22_19_16_13_49165_49155_10_EMPTY_RENEGOTIATION,13,False,,"23,25,28,27,24,26,22,14,13,11,12,9,10",secp256r1_secp521r1_28_27_secp384r1_26_22_14_13_11_12_9_10,15,False,,"1537,1538,1539,1281,1282,1283,1025,1026,1027,769,770,771,513,514,515",rsa_pkcs1_sha512_1538_1539_rsa_pkcs1_sha384_1282_ecdsa_secp384r1_sha384_rsa_pkcs1_sha256_1026_ecdsa_secp256r1_sha256_769_770_771_513_514_ecdsa_sha1,False,t12d860600,e18388e7f3a3,a1e935682795,t,12,d,86,6,00,,,,,,,,,,,,,
trial-003,7c32fe25-f917-4f01-a145-27fa1bdad62b,2026-04-19 16:21:44.558266812+00:00,168.144.96.218,GET,//blog/wp-includes/wlwmanifest.xml,HTTP/1.1,0.141,TLS 1.2,,TLS_ECDHE_ECDSA_WITH_AES_128_GCM_SHA256,uxbehaviorsuite.com,True,fd80fa9c6120cdeea8520510f3c644ac,t12d860600_e18388e7f3a3_a1e935682795,,,0,False,False,,none,,,0,False,False,False,False,,none,,86,False,,"49200,49196,49192,49188,49172,49162,165,163,161,159,107,106,105,104,57,56,55,54,136,135,134,133,49202,49198,49194,49190,49167,49157,157,61,53,132,49199,49195,49191,49187,49171,49161,164,162,160,158,103,64,63,62,51,50,49,48,154,153,152,151,69,68,67,66,49201,49197,49193,49189,49166,49156,156,60,47,150,65,7,49169,49159,49164,49154,5,4,49170,49160,22,19,16,13,49165,49155,10,255",ECDHE-RSA-AES256-GCM_ECDHE-ECDSA-AES256-GCM_49192_49188_ECDHE-RSA-AES256-CBC_49162_165_163_161_159_107_106_105_104_57_56_55_54_136_135_134_133_49202_49198_49194_49190_49167_49157_RSA-AES256-GCM_61_RSA-AES256-CBC_132_ECDHE-RSA-AES128-GCM_ECDHE-ECDSA-AES128-GCM_49191_49187_ECDHE-RSA-AES128-CBC_49161_164_162_160_158_103_64_63_62_51_50_49_48_154_153_152_151_69_68_67_66_49201_49197_49193_49189_49166_49156_RSA-AES128-GCM_60_RSA-AES128-CBC_150_65_7_49169_49159_49164_49154_5_4_49170_49160_22_19_16_13_49165_49155_10_EMPTY_RENEGOTIATION,13,False,,"23,25,28,27,24,26,22,14,13,11,12,9,10",secp256r1_secp521r1_28_27_secp384r1_26_22_14_13_11_12_9_10,15,False,,"1537,1538,1539,1281,1282,1283,1025,1026,1027,769,770,771,513,514,515",rsa_pkcs1_sha512_1538_1539_rsa_pkcs1_sha384_1282_ecdsa_secp384r1_sha384_rsa_pkcs1_sha256_1026_ecdsa_secp256r1_sha256_769_770_771_513_514_ecdsa_sha1,False,t12d860600,e18388e7f3a3,a1e935682795,t,12,d,86,6,00,,,,,,,,,,,,,
trial-003,c65be6f9-d1bd-40ec-b0c5-51f74871fa9a,2026-04-19 16:21:45.755097554+00:00,168.144.96.218,GET,//wordpress/wp-includes/wlwmanifest.xml,HTTP/1.1,0.144,TLS 1.2,,TLS_ECDHE_ECDSA_WITH_AES_128_GCM_SHA256,uxbehaviorsuite.com,True,fd80fa9c6120cdeea8520510f3c644ac,t12d860600_e18388e7f3a3_a1e935682795,,,0,False,False,,none,,,0,False,False,False,False,,none,,86,False,,"49200,49196,49192,49188,49172,49162,165,163,161,159,107,106,105,104,57,56,55,54,136,135,134,133,49202,49198,49194,49190,49167,49157,157,61,53,132,49199,49195,49191,49187,49171,49161,164,162,160,158,103,64,63,62,51,50,49,48,154,153,152,151,69,68,67,66,49201,49197,49193,49189,49166,49156,156,60,47,150,65,7,49169,49159,49164,49154,5,4,49170,49160,22,19,16,13,49165,49155,10,255",ECDHE-RSA-AES256-GCM_ECDHE-ECDSA-AES256-GCM_49192_49188_ECDHE-RSA-AES256-CBC_49162_165_163_161_159_107_106_105_104_57_56_55_54_136_135_134_133_49202_49198_49194_49190_49167_49157_RSA-AES256-GCM_61_RSA-AES256-CBC_132_ECDHE-RSA-AES128-GCM_ECDHE-ECDSA-AES128-GCM_49191_49187_ECDHE-RSA-AES128-CBC_49161_164_162_160_158_103_64_63_62_51_50_49_48_154_153_152_151_69_68_67_66_49201_49197_49193_49189_49166_49156_RSA-AES128-GCM_60_RSA-AES128-CBC_150_65_7_49169_49159_49164_49154_5_4_49170_49160_22_19_16_13_49165_49155_10_EMPTY_RENEGOTIATION,13,False,,"23,25,28,27,24,26,22,14,13,11,12,9,10",secp256r1_secp521r1_28_27_secp384r1_26_22_14_13_11_12_9_10,15,False,,"1537,1538,1539,1281,1282,1283,1025,1026,1027,769,770,771,513,514,515",rsa_pkcs1_sha512_1538_1539_rsa_pkcs1_sha384_1282_ecdsa_secp384r1_sha384_rsa_pkcs1_sha256_1026_ecdsa_secp256r1_sha256_769_770_771_513_514_ecdsa_sha1,False,t12d860600,e18388e7f3a3,a1e935682795,t,12,d,86,6,00,,,,,,,,,,,,,
trial-003,db105981-d89b-4d13-b268-539c8ae0f261,2026-04-19 16:21:46.936202010+00:00,168.144.96.218,GET,//wp/wp-includes/wlwmanifest.xml,HTTP/1.1,0.129,TLS 1.2,,TLS_ECDHE_ECDSA_WITH_AES_128_GCM_SHA256,uxbehaviorsuite.com,True,fd80fa9c6120cdeea8520510f3c644ac,t12d860600_e18388e7f3a3_a1e935682795,,,0,False,False,,none,,,0,False,False,False,False,,none,,86,False,,"49200,49196,49192,49188,49172,49162,165,163,161,159,107,106,105,104,57,56,55,54,136,135,134,133,49202,49198,49194,49190,49167,49157,157,61,53,132,49199,49195,49191,49187,49171,49161,164,162,160,158,103,64,63,62,51,50,49,48,154,153,152,151,69,68,67,66,49201,49197,49193,49189,49166,49156,156,60,47,150,65,7,49169,49159,49164,49154,5,4,49170,49160,22,19,16,13,49165,49155,10,255",ECDHE-RSA-AES256-GCM_ECDHE-ECDSA-AES256-GCM_49192_49188_ECDHE-RSA-AES256-CBC_49162_165_163_161_159_107_106_105_104_57_56_55_54_136_135_134_133_49202_49198_49194_49190_49167_49157_RSA-AES256-GCM_61_RSA-AES256-CBC_132_ECDHE-RSA-AES128-GCM_ECDHE-ECDSA-AES128-GCM_49191_49187_ECDHE-RSA-AES128-CBC_49161_164_162_160_158_103_64_63_62_51_50_49_48_154_153_152_151_69_68_67_66_49201_49197_49193_49189_49166_49156_RSA-AES128-GCM_60_RSA-AES128-CBC_150_65_7_49169_49159_49164_49154_5_4_49170_49160_22_19_16_13_49165_49155_10_EMPTY_RENEGOTIATION,13,False,,"23,25,28,27,24,26,22,14,13,11,12,9,10",secp256r1_secp521r1_28_27_secp384r1_26_22_14_13_11_12_9_10,15,False,,"1537,1538,1539,1281,1282,1283,1025,1026,1027,769,770,771,513,514,515",rsa_pkcs1_sha512_1538_1539_rsa_pkcs1_sha384_1282_ecdsa_secp384r1_sha384_rsa_pkcs1_sha256_1026_ecdsa_secp256r1_sha256_769_770_771_513_514_ecdsa_sha1,False,t12d860600,e18388e7f3a3,a1e935682795,t,12,d,86,6,00,,,,,,,,,,,,,
trial-003,5e554372-f4f5-4ead-80f0-c1f18071bc69,2026-04-19 16:21:48.116554803+00:00,168.144.96.218,GET,//2018/wp-includes/wlwmanifest.xml,HTTP/1.1,0.143,TLS 1.2,,TLS_ECDHE_ECDSA_WITH_AES_128_GCM_SHA256,uxbehaviorsuite.com,True,fd80fa9c6120cdeea8520510f3c644ac,t12d860600_e18388e7f3a3_a1e935682795,,,0,False,False,,none,,,0,False,False,False,False,,none,,86,False,,"49200,49196,49192,49188,49172,49162,165,163,161,159,107,106,105,104,57,56,55,54,136,135,134,133,49202,49198,49194,49190,49167,49157,157,61,53,132,49199,49195,49191,49187,49171,49161,164,162,160,158,103,64,63,62,51,50,49,48,154,153,152,151,69,68,67,66,49201,49197,49193,49189,49166,49156,156,60,47,150,65,7,49169,49159,49164,49154,5,4,49170,49160,22,19,16,13,49165,49155,10,255",ECDHE-RSA-AES256-GCM_ECDHE-ECDSA-AES256-GCM_49192_49188_ECDHE-RSA-AES256-CBC_49162_165_163_161_159_107_106_105_104_57_56_55_54_136_135_134_133_49202_49198_49194_49190_49167_49157_RSA-AES256-GCM_61_RSA-AES256-CBC_132_ECDHE-RSA-AES128-GCM_ECDHE-ECDSA-AES128-GCM_49191_49187_ECDHE-RSA-AES128-CBC_49161_164_162_160_158_103_64_63_62_51_50_49_48_154_153_152_151_69_68_67_66_49201_49197_49193_49189_49166_49156_RSA-AES128-GCM_60_RSA-AES128-CBC_150_65_7_49169_49159_49164_49154_5_4_49170_49160_22_19_16_13_49165_49155_10_EMPTY_RENEGOTIATION,13,False,,"23,25,28,27,24,26,22,14,13,11,12,9,10",secp256r1_secp521r1_28_27_secp384r1_26_22_14_13_11_12_9_10,15,False,,"1537,1538,1539,1281,1282,1283,1025,1026,1027,769,770,771,513,514,515",rsa_pkcs1_sha512_1538_1539_rsa_pkcs1_sha384_1282_ecdsa_secp384r1_sha384_rsa_pkcs1_sha256_1026_ecdsa_secp256r1_sha256_769_770_771_513_514_ecdsa_sha1,False,t12d860600,e18388e7f3a3,a1e935682795,t,12,d,86,6,00,,,,,,,,,,,,,
trial-003,052e7faa-a28d-4977-8cb4-e7548375b8fc,2026-04-19 16:21:49.272610474+00:00,168.144.96.218,GET,//shop/wp-includes/wlwmanifest.xml,HTTP/1.1,0.148,TLS 1.2,,TLS_ECDHE_ECDSA_WITH_AES_128_GCM_SHA256,uxbehaviorsuite.com,True,fd80fa9c6120cdeea8520510f3c644ac,t12d860600_e18388e7f3a3_a1e935682795,,,0,False,False,,none,,,0,False,False,False,False,,none,,86,False,,"49200,49196,49192,49188,49172,49162,165,163,161,159,107,106,105,104,57,56,55,54,136,135,134,133,49202,49198,49194,49190,49167,49157,157,61,53,132,49199,49195,49191,49187,49171,49161,164,162,160,158,103,64,63,62,51,50,49,48,154,153,152,151,69,68,67,66,49201,49197,49193,49189,49166,49156,156,60,47,150,65,7,49169,49159,49164,49154,5,4,49170,49160,22,19,16,13,49165,49155,10,255",ECDHE-RSA-AES256-GCM_ECDHE-ECDSA-AES256-GCM_49192_49188_ECDHE-RSA-AES256-CBC_49162_165_163_161_159_107_106_105_104_57_56_55_54_136_135_134_133_49202_49198_49194_49190_49167_49157_RSA-AES256-GCM_61_RSA-AES256-CBC_132_ECDHE-RSA-AES128-GCM_ECDHE-ECDSA-AES128-GCM_49191_49187_ECDHE-RSA-AES128-CBC_49161_164_162_160_158_103_64_63_62_51_50_49_48_154_153_152_151_69_68_67_66_49201_49197_49193_49189_49166_49156_RSA-AES128-GCM_60_RSA-AES128-CBC_150_65_7_49169_49159_49164_49154_5_4_49170_49160_22_19_16_13_49165_49155_10_EMPTY_RENEGOTIATION,13,False,,"23,25,28,27,24,26,22,14,13,11,12,9,10",secp256r1_secp521r1_28_27_secp384r1_26_22_14_13_11_12_9_10,15,False,,"1537,1538,1539,1281,1282,1283,1025,1026,1027,769,770,771,513,514,515",rsa_pkcs1_sha512_1538_1539_rsa_pkcs1_sha384_1282_ecdsa_secp384r1_sha384_rsa_pkcs1_sha256_1026_ecdsa_secp256r1_sha256_769_770_771_513_514_ecdsa_sha1,False,t12d860600,e18388e7f3a3,a1e935682795,t,12,d,86,6,00,,,,,,,,,,,,,
trial-003,33fcebe7-7e6b-43f1-9558-2ceefa77a7fc,2026-04-19 16:21:50.457857425+00:00,168.144.96.218,GET,//test/wp-includes/wlwmanifest.xml,HTTP/1.1,0.136,TLS 1.2,,TLS_ECDHE_ECDSA_WITH_AES_128_GCM_SHA256,uxbehaviorsuite.com,True,fd80fa9c6120cdeea8520510f3c644ac,t12d860600_e18388e7f3a3_a1e935682795,,,0,False,False,,none,,,0,False,False,False,False,,none,,86,False,,"49200,49196,49192,49188,49172,49162,165,163,161,159,107,106,105,104,57,56,55,54,136,135,134,133,49202,49198,49194,49190,49167,49157,157,61,53,132,49199,49195,49191,49187,49171,49161,164,162,160,158,103,64,63,62,51,50,49,48,154,153,152,151,69,68,67,66,49201,49197,49193,49189,49166,49156,156,60,47,150,65,7,49169,49159,49164,49154,5,4,49170,49160,22,19,16,13,49165,49155,10,255",ECDHE-RSA-AES256-GCM_ECDHE-ECDSA-AES256-GCM_49192_49188_ECDHE-RSA-AES256-CBC_49162_165_163_161_159_107_106_105_104_57_56_55_54_136_135_134_133_49202_49198_49194_49190_49167_49157_RSA-AES256-GCM_61_RSA-AES256-CBC_132_ECDHE-RSA-AES128-GCM_ECDHE-ECDSA-AES128-GCM_49191_49187_ECDHE-RSA-AES128-CBC_49161_164_162_160_158_103_64_63_62_51_50_49_48_154_153_152_151_69_68_67_66_49201_49197_49193_49189_49166_49156_RSA-AES128-GCM_60_RSA-AES128-CBC_150_65_7_49169_49159_49164_49154_5_4_49170_49160_22_19_16_13_49165_49155_10_EMPTY_RENEGOTIATION,13,False,,"23,25,28,27,24,26,22,14,13,11,12,9,10",secp256r1_secp521r1_28_27_secp384r1_26_22_14_13_11_12_9_10,15,False,,"1537,1538,1539,1281,1282,1283,1025,1026,1027,769,770,771,513,514,515",rsa_pkcs1_sha512_1538_1539_rsa_pkcs1_sha384_1282_ecdsa_secp384r1_sha384_rsa_pkcs1_sha256_1026_ecdsa_secp256r1_sha256_769_770_771_513_514_ecdsa_sha1,False,t12d860600,e18388e7f3a3,a1e935682795,t,12,d,86,6,00,,,,,,,,,,,,,
trial-003,8506ee9c-9431-4e0c-96dc-5fb21518eeef,2026-04-19 16:21:51.630186090+00:00,168.144.96.218,GET,//wp2/wp-includes/wlwmanifest.xml,HTTP/1.1,0.148,TLS 1.2,,TLS_ECDHE_ECDSA_WITH_AES_128_GCM_SHA256,uxbehaviorsuite.com,True,fd80fa9c6120cdeea8520510f3c644ac,t12d860600_e18388e7f3a3_a1e935682795,,,0,False,False,,none,,,0,False,False,False,False,,none,,86,False,,"49200,49196,49192,49188,49172,49162,165,163,161,159,107,106,105,104,57,56,55,54,136,135,134,133,49202,49198,49194,49190,49167,49157,157,61,53,132,49199,49195,49191,49187,49171,49161,164,162,160,158,103,64,63,62,51,50,49,48,154,153,152,151,69,68,67,66,49201,49197,49193,49189,49166,49156,156,60,47,150,65,7,49169,49159,49164,49154,5,4,49170,49160,22,19,16,13,49165,49155,10,255",ECDHE-RSA-AES256-GCM_ECDHE-ECDSA-AES256-GCM_49192_49188_ECDHE-RSA-AES256-CBC_49162_165_163_161_159_107_106_105_104_57_56_55_54_136_135_134_133_49202_49198_49194_49190_49167_49157_RSA-AES256-GCM_61_RSA-AES256-CBC_132_ECDHE-RSA-AES128-GCM_ECDHE-ECDSA-AES128-GCM_49191_49187_ECDHE-RSA-AES128-CBC_49161_164_162_160_158_103_64_63_62_51_50_49_48_154_153_152_151_69_68_67_66_49201_49197_49193_49189_49166_49156_RSA-AES128-GCM_60_RSA-AES128-CBC_150_65_7_49169_49159_49164_49154_5_4_49170_49160_22_19_16_13_49165_49155_10_EMPTY_RENEGOTIATION,13,False,,"23,25,28,27,24,26,22,14,13,11,12,9,10",secp256r1_secp521r1_28_27_secp384r1_26_22_14_13_11_12_9_10,15,False,,"1537,1538,1539,1281,1282,1283,1025,1026,1027,769,770,771,513,514,515",rsa_pkcs1_sha512_1538_1539_rsa_pkcs1_sha384_1282_ecdsa_secp384r1_sha384_rsa_pkcs1_sha256_1026_ecdsa_secp256r1_sha256_769_770_771_513_514_ecdsa_sha1,False,t12d860600,e18388e7f3a3,a1e935682795,t,12,d,86,6,00,,,,,,,,,,,,,
trial-003,539d8503-1562-48e9-b635-e067c7becae9,2026-04-19 16:21:52.816536766+00:00,168.144.96.218,GET,//cms/wp-includes/wlwmanifest.xml,HTTP/1.1,0.154,TLS 1.2,,TLS_ECDHE_ECDSA_WITH_AES_128_GCM_SHA256,uxbehaviorsuite.com,True,fd80fa9c6120cdeea8520510f3c644ac,t12d860600_e18388e7f3a3_a1e935682795,,,0,False,False,,none,,,0,False,False,False,False,,none,,86,False,,"49200,49196,49192,49188,49172,49162,165,163,161,159,107,106,105,104,57,56,55,54,136,135,134,133,49202,49198,49194,49190,49167,49157,157,61,53,132,49199,49195,49191,49187,49171,49161,164,162,160,158,103,64,63,62,51,50,49,48,154,153,152,151,69,68,67,66,49201,49197,49193,49189,49166,49156,156,60,47,150,65,7,49169,49159,49164,49154,5,4,49170,49160,22,19,16,13,49165,49155,10,255",ECDHE-RSA-AES256-GCM_ECDHE-ECDSA-AES256-GCM_49192_49188_ECDHE-RSA-AES256-CBC_49162_165_163_161_159_107_106_105_104_57_56_55_54_136_135_134_133_49202_49198_49194_49190_49167_49157_RSA-AES256-GCM_61_RSA-AES256-CBC_132_ECDHE-RSA-AES128-GCM_ECDHE-ECDSA-AES128-GCM_49191_49187_ECDHE-RSA-AES128-CBC_49161_164_162_160_158_103_64_63_62_51_50_49_48_154_153_152_151_69_68_67_66_49201_49197_49193_49189_49166_49156_RSA-AES128-GCM_60_RSA-AES128-CBC_150_65_7_49169_49159_49164_49154_5_4_49170_49160_22_19_16_13_49165_49155_10_EMPTY_RENEGOTIATION,13,False,,"23,25,28,27,24,26,22,14,13,11,12,9,10",secp256r1_secp521r1_28_27_secp384r1_26_22_14_13_11_12_9_10,15,False,,"1537,1538,1539,1281,1282,1283,1025,1026,1027,769,770,771,513,514,515",rsa_pkcs1_sha512_1538_1539_rsa_pkcs1_sha384_1282_ecdsa_secp384r1_sha384_rsa_pkcs1_sha256_1026_ecdsa_secp256r1_sha256_769_770_771_513_514_ecdsa_sha1,False,t12d860600,e18388e7f3a3,a1e935682795,t,12,d,86,6,00,,,,,,,,,,,,,
trial-003,21989306-4b85-4b83-95c5-9e3412dcf293,2026-04-19 16:22:02.577928214+00:00,192.46.184.100,GET,/,HTTP/1.1,0.284,TLS 1.3,,TLS_AES_128_GCM_SHA256,uxbehaviorsuite.com,True,039a83a63c9eb5abb4c270206a9faa9d,t13d301100_1d37bd780c83_4df47d6b5700,,,0,False,False,,none,"772,771","TLS 1.3,TLS 1.2",2,False,True,True,False,,TLS1.3+TLS1.2,True,30,False,,"4866,4867,4865,49196,49200,159,52393,52392,52394,49195,49199,158,49188,49192,107,49187,49191,103,49162,49172,57,49161,49171,51,157,156,61,60,53,47",TLS_AES_256_GCM_SHA384_TLS_CHACHA20_POLY1305_SHA256_TLS_AES_128_GCM_SHA256_ECDHE-ECDSA-AES256-GCM_ECDHE-RSA-AES256-GCM_159_ECDHE-ECDSA-CHACHA20_ECDHE-RSA-CHACHA20_52394_ECDHE-ECDSA-AES128-GCM_ECDHE-RSA-AES128-GCM_158_49188_49192_107_49187_49191_103_49162_ECDHE-RSA-AES256-CBC_57_49161_ECDHE-RSA-AES128-CBC_51_RSA-AES256-GCM_RSA-AES128-GCM_61_60_RSA-AES256-CBC_RSA-AES128-CBC,10,False,,"29,23,30,25,24,256,257,258,259,260",x25519_secp256r1_30_secp521r1_secp384r1_256_257_258_259_260,23,False,,"1027,1283,1539,2055,2056,2074,2075,2076,2057,2058,2059,2052,2053,2054,1025,1281,1537,771,769,770,1026,1282,1538",ecdsa_secp256r1_sha256_ecdsa_secp384r1_sha384_1539_2055_2056_2074_2075_2076_2057_2058_2059_rsa_pss_rsae_sha256_rsa_pss_rsae_sha384_rsa_pss_rsae_sha512_rsa_pkcs1_sha256_rsa_pkcs1_sha384_rsa_pkcs1_sha512_771_769_770_1026_1282_1538,False,t13d301100,1d37bd780c83,4df47d6b5700,t,13,d,30,11,00,,,,,,,,,,,,,
trial-003,daf84d77-56a7-4ac0-9ca5-4c975e07a2d9,2026-04-19 16:22:05.324149005+00:00,205.172.168.145,POST,/collect,HTTP/2.0,0.522,TLS 1.3,h2,TLS_AES_128_GCM_SHA256,uxbehaviorsuite.com,True,584896a70441da74f65dc4069733231a,t13d1516h2_8daaf6152771_02713d6af862,"h2,http/1.1",h2,2,True,True,0.0,h2_first,"2570,772,771","TLS 1.3,TLS 1.2",2,True,True,True,False,0.0,TLS1.3+TLS1.2,True,15,True,0.0,"2570,4865,4866,4867,49195,49199,49196,49200,52393,52392,49171,49172,156,157,47,53",TLS_AES_128_GCM_SHA256_TLS_AES_256_GCM_SHA384_TLS_CHACHA20_POLY1305_SHA256_ECDHE-ECDSA-AES128-GCM_ECDHE-RSA-AES128-GCM_ECDHE-ECDSA-AES256-GCM_ECDHE-RSA-AES256-GCM_ECDHE-ECDSA-CHACHA20_ECDHE-RSA-CHACHA20_ECDHE-RSA-AES128-CBC_ECDHE-RSA-AES256-CBC_RSA-AES128-GCM_RSA-AES256-GCM_RSA-AES128-CBC_RSA-AES256-CBC,4,True,0.0,"2570,25497,29,23,24",x25519Kyber768_x25519_secp256r1_secp384r1,8,False,,"1027,2052,1025,1283,2053,1281,2054,1537",ecdsa_secp256r1_sha256_rsa_pss_rsae_sha256_rsa_pkcs1_sha256_ecdsa_secp384r1_sha384_rsa_pss_rsae_sha384_rsa_pkcs1_sha384_rsa_pss_rsae_sha512_rsa_pkcs1_sha512,True,t13d1516h2,8daaf6152771,02713d6af862,t,13,d,15,16,h2,"1:65536;2:0;4:6291456;6:262144|15663105|1:1:0:256,3:1:0:220,5:1:0:256,7:1:5:110,9:1:7:110,11:1:9:110,13:1:0:110,15:1:0:256|m,a,s,p",1:65536;2:0;4:6291456;6:262144,15663105.0,"1:1:0:256,3:1:0:220,5:1:0:256,7:1:5:110,9:1:7:110,11:1:9:110,13:1:0:110,15:1:0:256","m,a,s,p",8.0,65536.0,0.0,,6291456.0,,262144.0,":method,:authority,:scheme,:path"
trial-003,b7f0e015-9840-457d-8828-caf5c02c7b92,2026-04-19 16:22:05.324245758+00:00,205.172.168.145,GET,/subscribe-v3.html,HTTP/2.0,0.476,TLS 1.3,h2,TLS_AES_128_GCM_SHA256,uxbehaviorsuite.com,True,584896a70441da74f65dc4069733231a,t13d1516h2_8daaf6152771_02713d6af862,"h2,http/1.1",h2,2,True,True,0.0,h2_first,"2570,772,771","TLS 1.3,TLS 1.2",2,True,True,True,False,0.0,TLS1.3+TLS1.2,True,15,True,0.0,"2570,4865,4866,4867,49195,49199,49196,49200,52393,52392,49171,49172,156,157,47,53",TLS_AES_128_GCM_SHA256_TLS_AES_256_GCM_SHA384_TLS_CHACHA20_POLY1305_SHA256_ECDHE-ECDSA-AES128-GCM_ECDHE-RSA-AES128-GCM_ECDHE-ECDSA-AES256-GCM_ECDHE-RSA-AES256-GCM_ECDHE-ECDSA-CHACHA20_ECDHE-RSA-CHACHA20_ECDHE-RSA-AES128-CBC_ECDHE-RSA-AES256-CBC_RSA-AES128-GCM_RSA-AES256-GCM_RSA-AES128-CBC_RSA-AES256-CBC,4,True,0.0,"2570,25497,29,23,24",x25519Kyber768_x25519_secp256r1_secp384r1,8,False,,"1027,2052,1025,1283,2053,1281,2054,1537",ecdsa_secp256r1_sha256_rsa_pss_rsae_sha256_rsa_pkcs1_sha256_ecdsa_secp384r1_sha384_rsa_pss_rsae_sha384_rsa_pkcs1_sha384_rsa_pss_rsae_sha512_rsa_pkcs1_sha512,True,t13d1516h2,8daaf6152771,02713d6af862,t,13,d,15,16,h2,"1:65536;2:0;4:6291456;6:262144|15663105|1:1:0:256,3:1:0:220,5:1:0:256,7:1:5:110,9:1:7:110,11:1:9:110,13:1:0:110,15:1:0:256|m,a,s,p",1:65536;2:0;4:6291456;6:262144,15663105.0,"1:1:0:256,3:1:0:220,5:1:0:256,7:1:5:110,9:1:7:110,11:1:9:110,13:1:0:110,15:1:0:256","m,a,s,p",8.0,65536.0,0.0,,6291456.0,,262144.0,":method,:authority,:scheme,:path"
trial-003,7c71e530-cb3a-4596-b80c-fe004af8b95c,2026-04-19 16:22:05.377458328+00:00,205.172.168.145,POST,/collect,HTTP/2.0,0.213,TLS 1.3,h2,TLS_AES_128_GCM_SHA256,uxbehaviorsuite.com,True,584896a70441da74f65dc4069733231a,t13d1516h2_8daaf6152771_02713d6af862,"h2,http/1.1",h2,2,True,True,0.0,h2_first,"2570,772,771","TLS 1.3,TLS 1.2",2,True,True,True,False,0.0,TLS1.3+TLS1.2,True,15,True,0.0,"2570,4865,4866,4867,49195,49199,49196,49200,52393,52392,49171,49172,156,157,47,53",TLS_AES_128_GCM_SHA256_TLS_AES_256_GCM_SHA384_TLS_CHACHA20_POLY1305_SHA256_ECDHE-ECDSA-AES128-GCM_ECDHE-RSA-AES128-GCM_ECDHE-ECDSA-AES256-GCM_ECDHE-RSA-AES256-GCM_ECDHE-ECDSA-CHACHA20_ECDHE-RSA-CHACHA20_ECDHE-RSA-AES128-CBC_ECDHE-RSA-AES256-CBC_RSA-AES128-GCM_RSA-AES256-GCM_RSA-AES128-CBC_RSA-AES256-CBC,4,True,0.0,"2570,25497,29,23,24",x25519Kyber768_x25519_secp256r1_secp384r1,8,False,,"1027,2052,1025,1283,2053,1281,2054,1537",ecdsa_secp256r1_sha256_rsa_pss_rsae_sha256_rsa_pkcs1_sha256_ecdsa_secp384r1_sha384_rsa_pss_rsae_sha384_rsa_pkcs1_sha384_rsa_pss_rsae_sha512_rsa_pkcs1_sha512,True,t13d1516h2,8daaf6152771,02713d6af862,t,13,d,15,16,h2,"1:65536;2:0;4:6291456;6:262144|15663105|1:1:0:256,3:1:0:220,5:1:0:256,7:1:5:110,9:1:7:110,11:1:9:110,13:1:0:110,15:1:0:256,17:1:0:110|m,a,s,p",1:65536;2:0;4:6291456;6:262144,15663105.0,"1:1:0:256,3:1:0:220,5:1:0:256,7:1:5:110,9:1:7:110,11:1:9:110,13:1:0:110,15:1:0:256,17:1:0:110","m,a,s,p",9.0,65536.0,0.0,,6291456.0,,262144.0,":method,:authority,:scheme,:path"
trial-003,8ba18ad4-c4fa-44c0-aefd-c69c2c013fea,2026-04-19 16:22:05.378021486+00:00,205.172.168.145,POST,/collect,HTTP/2.0,0.223,TLS 1.3,h2,TLS_AES_128_GCM_SHA256,uxbehaviorsuite.com,True,584896a70441da74f65dc4069733231a,t13d1516h2_8daaf6152771_02713d6af862,"h2,http/1.1",h2,2,True,True,0.0,h2_first,"2570,772,771","TLS 1.3,TLS 1.2",2,True,True,True,False,0.0,TLS1.3+TLS1.2,True,15,True,0.0,"2570,4865,4866,4867,49195,49199,49196,49200,52393,52392,49171,49172,156,157,47,53",TLS_AES_128_GCM_SHA256_TLS_AES_256_GCM_SHA384_TLS_CHACHA20_POLY1305_SHA256_ECDHE-ECDSA-AES128-GCM_ECDHE-RSA-AES128-GCM_ECDHE-ECDSA-AES256-GCM_ECDHE-RSA-AES256-GCM_ECDHE-ECDSA-CHACHA20_ECDHE-RSA-CHACHA20_ECDHE-RSA-AES128-CBC_ECDHE-RSA-AES256-CBC_RSA-AES128-GCM_RSA-AES256-GCM_RSA-AES128-CBC_RSA-AES256-CBC,4,True,0.0,"2570,25497,29,23,24",x25519Kyber768_x25519_secp256r1_secp384r1,8,False,,"1027,2052,1025,1283,2053,1281,2054,1537",ecdsa_secp256r1_sha256_rsa_pss_rsae_sha256_rsa_pkcs1_sha256_ecdsa_secp384r1_sha384_rsa_pss_rsae_sha384_rsa_pkcs1_sha384_rsa_pss_rsae_sha512_rsa_pkcs1_sha512,True,t13d1516h2,8daaf6152771,02713d6af862,t,13,d,15,16,h2,"1:65536;2:0;4:6291456;6:262144|15663105|1:1:0:256,3:1:0:220,5:1:0:256,7:1:5:110,9:1:7:110,11:1:9:110,13:1:0:110,15:1:0:256,17:1:0:110,19:1:17:110|m,a,s,p",1:65536;2:0;4:6291456;6:262144,15663105.0,"1:1:0:256,3:1:0:220,5:1:0:256,7:1:5:110,9:1:7:110,11:1:9:110,13:1:0:110,15:1:0:256,17:1:0:110,19:1:17:110","m,a,s,p",10.0,65536.0,0.0,,6291456.0,,262144.0,":method,:authority,:scheme,:path"
trial-003,8c2f1c08-31ae-459f-bab9-f1853cc4d3bf,2026-04-19 16:22:58.009513829+00:00,205.172.168.145,GET,/s2-scroll-gate.html,HTTP/2.0,0.536,TLS 1.3,h2,TLS_AES_128_GCM_SHA256,uxbehaviorsuite.com,True,584896a70441da74f65dc4069733231a,t13d1516h2_8daaf6152771_02713d6af862,"h2,http/1.1",h2,2,True,True,0.0,h2_first,"2570,772,771","TLS 1.3,TLS 1.2",2,True,True,True,False,0.0,TLS1.3+TLS1.2,True,15,True,0.0,"2570,4865,4866,4867,49195,49199,49196,49200,52393,52392,49171,49172,156,157,47,53",TLS_AES_128_GCM_SHA256_TLS_AES_256_GCM_SHA384_TLS_CHACHA20_POLY1305_SHA256_ECDHE-ECDSA-AES128-GCM_ECDHE-RSA-AES128-GCM_ECDHE-ECDSA-AES256-GCM_ECDHE-RSA-AES256-GCM_ECDHE-ECDSA-CHACHA20_ECDHE-RSA-CHACHA20_ECDHE-RSA-AES128-CBC_ECDHE-RSA-AES256-CBC_RSA-AES128-GCM_RSA-AES256-GCM_RSA-AES128-CBC_RSA-AES256-CBC,4,True,0.0,"2570,25497,29,23,24",x25519Kyber768_x25519_secp256r1_secp384r1,8,False,,"1027,2052,1025,1283,2053,1281,2054,1537",ecdsa_secp256r1_sha256_rsa_pss_rsae_sha256_rsa_pkcs1_sha256_ecdsa_secp384r1_sha384_rsa_pss_rsae_sha384_rsa_pkcs1_sha384_rsa_pss_rsae_sha512_rsa_pkcs1_sha512,True,t13d1516h2,8daaf6152771,02713d6af862,t,13,d,15,16,h2,"1:65536;2:0;4:6291456;6:262144|15663105|1:1:0:256,3:1:0:220,5:1:0:256,7:1:5:110,9:1:7:110,11:1:9:110,13:1:0:110,15:1:0:256,17:1:0:110,19:1:17:110,21:1:0:256,23:1:21:110|m,a,s,p",1:65536;2:0;4:6291456;6:262144,15663105.0,"1:1:0:256,3:1:0:220,5:1:0:256,7:1:5:110,9:1:7:110,11:1:9:110,13:1:0:110,15:1:0:256,17:1:0:110,19:1:17:110,21:1:0:256,23:1:21:110","m,a,s,p",12.0,65536.0,0.0,,6291456.0,,262144.0,":method,:authority,:scheme,:path"
trial-003,3b3ddebe-d1fb-4155-b2fc-0c33268fb18c,2026-04-19 16:22:58.009640388+00:00,205.172.168.145,POST,/collect,HTTP/2.0,0.358,TLS 1.3,h2,TLS_AES_128_GCM_SHA256,uxbehaviorsuite.com,True,584896a70441da74f65dc4069733231a,t13d1516h2_8daaf6152771_02713d6af862,"h2,http/1.1",h2,2,True,True,0.0,h2_first,"2570,772,771","TLS 1.3,TLS 1.2",2,True,True,True,False,0.0,TLS1.3+TLS1.2,True,15,True,0.0,"2570,4865,4866,4867,49195,49199,49196,49200,52393,52392,49171,49172,156,157,47,53",TLS_AES_128_GCM_SHA256_TLS_AES_256_GCM_SHA384_TLS_CHACHA20_POLY1305_SHA256_ECDHE-ECDSA-AES128-GCM_ECDHE-RSA-AES128-GCM_ECDHE-ECDSA-AES256-GCM_ECDHE-RSA-AES256-GCM_ECDHE-ECDSA-CHACHA20_ECDHE-RSA-CHACHA20_ECDHE-RSA-AES128-CBC_ECDHE-RSA-AES256-CBC_RSA-AES128-GCM_RSA-AES256-GCM_RSA-AES128-CBC_RSA-AES256-CBC,4,True,0.0,"2570,25497,29,23,24",x25519Kyber768_x25519_secp256r1_secp384r1,8,False,,"1027,2052,1025,1283,2053,1281,2054,1537",ecdsa_secp256r1_sha256_rsa_pss_rsae_sha256_rsa_pkcs1_sha256_ecdsa_secp384r1_sha384_rsa_pss_rsae_sha384_rsa_pkcs1_sha384_rsa_pss_rsae_sha512_rsa_pkcs1_sha512,True,t13d1516h2,8daaf6152771,02713d6af862,t,13,d,15,16,h2,"1:65536;2:0;4:6291456;6:262144|15663105|1:1:0:256,3:1:0:220,5:1:0:256,7:1:5:110,9:1:7:110,11:1:9:110,13:1:0:110,15:1:0:256,17:1:0:110,19:1:17:110,21:1:0:256,23:1:21:110|m,a,s,p",1:65536;2:0;4:6291456;6:262144,15663105.0,"1:1:0:256,3:1:0:220,5:1:0:256,7:1:5:110,9:1:7:110,11:1:9:110,13:1:0:110,15:1:0:256,17:1:0:110,19:1:17:110,21:1:0:256,23:1:21:110","m,a,s,p",12.0,65536.0,0.0,,6291456.0,,262144.0,":method,:authority,:scheme,:path"
trial-003,d6407748-e8d5-4210-b40a-9553c4e17a40,2026-04-19 16:22:58.039372840+00:00,205.172.168.145,POST,/collect,HTTP/2.0,0.206,TLS 1.3,h2,TLS_AES_128_GCM_SHA256,uxbehaviorsuite.com,True,584896a70441da74f65dc4069733231a,t13d1516h2_8daaf6152771_02713d6af862,"h2,http/1.1",h2,2,True,True,0.0,h2_first,"2570,772,771","TLS 1.3,TLS 1.2",2,True,True,True,False,0.0,TLS1.3+TLS1.2,True,15,True,0.0,"2570,4865,4866,4867,49195,49199,49196,49200,52393,52392,49171,49172,156,157,47,53",TLS_AES_128_GCM_SHA256_TLS_AES_256_GCM_SHA384_TLS_CHACHA20_POLY1305_SHA256_ECDHE-ECDSA-AES128-GCM_ECDHE-RSA-AES128-GCM_ECDHE-ECDSA-AES256-GCM_ECDHE-RSA-AES256-GCM_ECDHE-ECDSA-CHACHA20_ECDHE-RSA-CHACHA20_ECDHE-RSA-AES128-CBC_ECDHE-RSA-AES256-CBC_RSA-AES128-GCM_RSA-AES256-GCM_RSA-AES128-CBC_RSA-AES256-CBC,4,True,0.0,"2570,25497,29,23,24",x25519Kyber768_x25519_secp256r1_secp384r1,8,False,,"1027,2052,1025,1283,2053,1281,2054,1537",ecdsa_secp256r1_sha256_rsa_pss_rsae_sha256_rsa_pkcs1_sha256_ecdsa_secp384r1_sha384_rsa_pss_rsae_sha384_rsa_pkcs1_sha384_rsa_pss_rsae_sha512_rsa_pkcs1_sha512,True,t13d1516h2,8daaf6152771,02713d6af862,t,13,d,15,16,h2,"1:65536;2:0;4:6291456;6:262144|15663105|1:1:0:256,3:1:0:220,5:1:0:256,7:1:5:110,9:1:7:110,11:1:9:110,13:1:0:110,15:1:0:256,17:1:0:110,19:1:17:110,21:1:0:256,23:1:21:110,25:1:23:110|m,a,s,p",1:65536;2:0;4:6291456;6:262144,15663105.0,"1:1:0:256,3:1:0:220,5:1:0:256,7:1:5:110,9:1:7:110,11:1:9:110,13:1:0:110,15:1:0:256,17:1:0:110,19:1:17:110,21:1:0:256,23:1:21:110,25:1:23:110","m,a,s,p",13.0,65536.0,0.0,,6291456.0,,262144.0,":method,:authority,:scheme,:path"
trial-003,3a0ffd7b-d709-4949-992a-b5e73a7eb76e,2026-04-19 16:22:58.040560245+00:00,205.172.168.145,POST,/collect,HTTP/2.0,0.216,TLS 1.3,h2,TLS_AES_128_GCM_SHA256,uxbehaviorsuite.com,True,584896a70441da74f65dc4069733231a,t13d1516h2_8daaf6152771_02713d6af862,"h2,http/1.1",h2,2,True,True,0.0,h2_first,"2570,772,771","TLS 1.3,TLS 1.2",2,True,True,True,False,0.0,TLS1.3+TLS1.2,True,15,True,0.0,"2570,4865,4866,4867,49195,49199,49196,49200,52393,52392,49171,49172,156,157,47,53",TLS_AES_128_GCM_SHA256_TLS_AES_256_GCM_SHA384_TLS_CHACHA20_POLY1305_SHA256_ECDHE-ECDSA-AES128-GCM_ECDHE-RSA-AES128-GCM_ECDHE-ECDSA-AES256-GCM_ECDHE-RSA-AES256-GCM_ECDHE-ECDSA-CHACHA20_ECDHE-RSA-CHACHA20_ECDHE-RSA-AES128-CBC_ECDHE-RSA-AES256-CBC_RSA-AES128-GCM_RSA-AES256-GCM_RSA-AES128-CBC_RSA-AES256-CBC,4,True,0.0,"2570,25497,29,23,24",x25519Kyber768_x25519_secp256r1_secp384r1,8,False,,"1027,2052,1025,1283,2053,1281,2054,1537",ecdsa_secp256r1_sha256_rsa_pss_rsae_sha256_rsa_pkcs1_sha256_ecdsa_secp384r1_sha384_rsa_pss_rsae_sha384_rsa_pkcs1_sha384_rsa_pss_rsae_sha512_rsa_pkcs1_sha512,True,t13d1516h2,8daaf6152771,02713d6af862,t,13,d,15,16,h2,"1:65536;2:0;4:6291456;6:262144|15663105|1:1:0:256,3:1:0:220,5:1:0:256,7:1:5:110,9:1:7:110,11:1:9:110,13:1:0:110,15:1:0:256,17:1:0:110,19:1:17:110,21:1:0:256,23:1:21:110,25:1:23:110,27:1:25:110|m,a,s,p",1:65536;2:0;4:6291456;6:262144,15663105.0,"1:1:0:256,3:1:0:220,5:1:0:256,7:1:5:110,9:1:7:110,11:1:9:110,13:1:0:110,15:1:0:256,17:1:0:110,19:1:17:110,21:1:0:256,23:1:21:110,25:1:23:110,27:1:25:110","m,a,s,p",14.0,65536.0,0.0,,6291456.0,,262144.0,":method,:authority,:scheme,:path"
trial-003,19e1db9c-fd0a-4905-8780-2f4e08d2d7e4,2026-04-19 16:23:51.325715441+00:00,205.172.168.145,GET,/s3-hover-reveal.html,HTTP/2.0,0.842,TLS 1.3,h2,TLS_AES_128_GCM_SHA256,uxbehaviorsuite.com,True,584896a70441da74f65dc4069733231a,t13d1516h2_8daaf6152771_02713d6af862,"h2,http/1.1",h2,2,True,True,0.0,h2_first,"2570,772,771","TLS 1.3,TLS 1.2",2,True,True,True,False,0.0,TLS1.3+TLS1.2,True,15,True,0.0,"2570,4865,4866,4867,49195,49199,49196,49200,52393,52392,49171,49172,156,157,47,53",TLS_AES_128_GCM_SHA256_TLS_AES_256_GCM_SHA384_TLS_CHACHA20_POLY1305_SHA256_ECDHE-ECDSA-AES128-GCM_ECDHE-RSA-AES128-GCM_ECDHE-ECDSA-AES256-GCM_ECDHE-RSA-AES256-GCM_ECDHE-ECDSA-CHACHA20_ECDHE-RSA-CHACHA20_ECDHE-RSA-AES128-CBC_ECDHE-RSA-AES256-CBC_RSA-AES128-GCM_RSA-AES256-GCM_RSA-AES128-CBC_RSA-AES256-CBC,4,True,0.0,"2570,25497,29,23,24",x25519Kyber768_x25519_secp256r1_secp384r1,8,False,,"1027,2052,1025,1283,2053,1281,2054,1537",ecdsa_secp256r1_sha256_rsa_pss_rsae_sha256_rsa_pkcs1_sha256_ecdsa_secp384r1_sha384_rsa_pss_rsae_sha384_rsa_pkcs1_sha384_rsa_pss_rsae_sha512_rsa_pkcs1_sha512,True,t13d1516h2,8daaf6152771,02713d6af862,t,13,d,15,16,h2,"1:65536;2:0;4:6291456;6:262144|15663105|1:1:0:256,3:1:0:220,5:1:0:256,7:1:5:110,9:1:7:110,11:1:9:110,13:1:0:110,15:1:0:256,17:1:0:110,19:1:17:110,21:1:0:256,23:1:21:110,25:1:23:110,27:1:25:110,29:1:0:256,31:1:29:110|m,a,s,p",1:65536;2:0;4:6291456;6:262144,15663105.0,"1:1:0:256,3:1:0:220,5:1:0:256,7:1:5:110,9:1:7:110,11:1:9:110,13:1:0:110,15:1:0:256,17:1:0:110,19:1:17:110,21:1:0:256,23:1:21:110,25:1:23:110,27:1:25:110,29:1:0:256,31:1:29:110","m,a,s,p",16.0,65536.0,0.0,,6291456.0,,262144.0,":method,:authority,:scheme,:path"
trial-003,79e7ba88-085f-400b-96ad-9442d97a0643,2026-04-19 16:23:51.326030909+00:00,205.172.168.145,POST,/collect,HTTP/2.0,0.449,TLS 1.3,h2,TLS_AES_128_GCM_SHA256,uxbehaviorsuite.com,True,584896a70441da74f65dc4069733231a,t13d1516h2_8daaf6152771_02713d6af862,"h2,http/1.1",h2,2,True,True,0.0,h2_first,"2570,772,771","TLS 1.3,TLS 1.2",2,True,True,True,False,0.0,TLS1.3+TLS1.2,True,15,True,0.0,"2570,4865,4866,4867,49195,49199,49196,49200,52393,52392,49171,49172,156,157,47,53",TLS_AES_128_GCM_SHA256_TLS_AES_256_GCM_SHA384_TLS_CHACHA20_POLY1305_SHA256_ECDHE-ECDSA-AES128-GCM_ECDHE-RSA-AES128-GCM_ECDHE-ECDSA-AES256-GCM_ECDHE-RSA-AES256-GCM_ECDHE-ECDSA-CHACHA20_ECDHE-RSA-CHACHA20_ECDHE-RSA-AES128-CBC_ECDHE-RSA-AES256-CBC_RSA-AES128-GCM_RSA-AES256-GCM_RSA-AES128-CBC_RSA-AES256-CBC,4,True,0.0,"2570,25497,29,23,24",x25519Kyber768_x25519_secp256r1_secp384r1,8,False,,"1027,2052,1025,1283,2053,1281,2054,1537",ecdsa_secp256r1_sha256_rsa_pss_rsae_sha256_rsa_pkcs1_sha256_ecdsa_secp384r1_sha384_rsa_pss_rsae_sha384_rsa_pkcs1_sha384_rsa_pss_rsae_sha512_rsa_pkcs1_sha512,True,t13d1516h2,8daaf6152771,02713d6af862,t,13,d,15,16,h2,"1:65536;2:0;4:6291456;6:262144|15663105|1:1:0:256,3:1:0:220,5:1:0:256,7:1:5:110,9:1:7:110,11:1:9:110,13:1:0:110,15:1:0:256,17:1:0:110,19:1:17:110,21:1:0:256,23:1:21:110,25:1:23:110,27:1:25:110,29:1:0:256,31:1:29:110|m,a,s,p",1:65536;2:0;4:6291456;6:262144,15663105.0,"1:1:0:256,3:1:0:220,5:1:0:256,7:1:5:110,9:1:7:110,11:1:9:110,13:1:0:110,15:1:0:256,17:1:0:110,19:1:17:110,21:1:0:256,23:1:21:110,25:1:23:110,27:1:25:110,29:1:0:256,31:1:29:110","m,a,s,p",16.0,65536.0,0.0,,6291456.0,,262144.0,":method,:authority,:scheme,:path"
trial-003,bf592b75-026f-4ec3-ac4b-d3285027246c,2026-04-19 16:23:51.353661590+00:00,205.172.168.145,POST,/collect,HTTP/2.0,0.236,TLS 1.3,h2,TLS_AES_128_GCM_SHA256,uxbehaviorsuite.com,True,584896a70441da74f65dc4069733231a,t13d1516h2_8daaf6152771_02713d6af862,"h2,http/1.1",h2,2,True,True,0.0,h2_first,"2570,772,771","TLS 1.3,TLS 1.2",2,True,True,True,False,0.0,TLS1.3+TLS1.2,True,15,True,0.0,"2570,4865,4866,4867,49195,49199,49196,49200,52393,52392,49171,49172,156,157,47,53",TLS_AES_128_GCM_SHA256_TLS_AES_256_GCM_SHA384_TLS_CHACHA20_POLY1305_SHA256_ECDHE-ECDSA-AES128-GCM_ECDHE-RSA-AES128-GCM_ECDHE-ECDSA-AES256-GCM_ECDHE-RSA-AES256-GCM_ECDHE-ECDSA-CHACHA20_ECDHE-RSA-CHACHA20_ECDHE-RSA-AES128-CBC_ECDHE-RSA-AES256-CBC_RSA-AES128-GCM_RSA-AES256-GCM_RSA-AES128-CBC_RSA-AES256-CBC,4,True,0.0,"2570,25497,29,23,24",x25519Kyber768_x25519_secp256r1_secp384r1,8,False,,"1027,2052,1025,1283,2053,1281,2054,1537",ecdsa_secp256r1_sha256_rsa_pss_rsae_sha256_rsa_pkcs1_sha256_ecdsa_secp384r1_sha384_rsa_pss_rsae_sha384_rsa_pkcs1_sha384_rsa_pss_rsae_sha512_rsa_pkcs1_sha512,True,t13d1516h2,8daaf6152771,02713d6af862,t,13,d,15,16,h2,"1:65536;2:0;4:6291456;6:262144|15663105|1:1:0:256,3:1:0:220,5:1:0:256,7:1:5:110,9:1:7:110,11:1:9:110,13:1:0:110,15:1:0:256,17:1:0:110,19:1:17:110,21:1:0:256,23:1:21:110,25:1:23:110,27:1:25:110,29:1:0:256,31:1:29:110,33:1:31:110|m,a,s,p",1:65536;2:0;4:6291456;6:262144,15663105.0,"1:1:0:256,3:1:0:220,5:1:0:256,7:1:5:110,9:1:7:110,11:1:9:110,13:1:0:110,15:1:0:256,17:1:0:110,19:1:17:110,21:1:0:256,23:1:21:110,25:1:23:110,27:1:25:110,29:1:0:256,31:1:29:110,33:1:31:110","m,a,s,p",17.0,65536.0,0.0,,6291456.0,,262144.0,":method,:authority,:scheme,:path"
trial-003,5cf95565-c230-43ab-93a0-92c98209177c,2026-04-19 16:23:51.356694650+00:00,205.172.168.145,POST,/collect,HTTP/2.0,0.709,TLS 1.3,h2,TLS_AES_128_GCM_SHA256,uxbehaviorsuite.com,True,584896a70441da74f65dc4069733231a,t13d1516h2_8daaf6152771_02713d6af862,"h2,http/1.1",h2,2,True,True,0.0,h2_first,"2570,772,771","TLS 1.3,TLS 1.2",2,True,True,True,False,0.0,TLS1.3+TLS1.2,True,15,True,0.0,"2570,4865,4866,4867,49195,49199,49196,49200,52393,52392,49171,49172,156,157,47,53",TLS_AES_128_GCM_SHA256_TLS_AES_256_GCM_SHA384_TLS_CHACHA20_POLY1305_SHA256_ECDHE-ECDSA-AES128-GCM_ECDHE-RSA-AES128-GCM_ECDHE-ECDSA-AES256-GCM_ECDHE-RSA-AES256-GCM_ECDHE-ECDSA-CHACHA20_ECDHE-RSA-CHACHA20_ECDHE-RSA-AES128-CBC_ECDHE-RSA-AES256-CBC_RSA-AES128-GCM_RSA-AES256-GCM_RSA-AES128-CBC_RSA-AES256-CBC,4,True,0.0,"2570,25497,29,23,24",x25519Kyber768_x25519_secp256r1_secp384r1,8,False,,"1027,2052,1025,1283,2053,1281,2054,1537",ecdsa_secp256r1_sha256_rsa_pss_rsae_sha256_rsa_pkcs1_sha256_ecdsa_secp384r1_sha384_rsa_pss_rsae_sha384_rsa_pkcs1_sha384_rsa_pss_rsae_sha512_rsa_pkcs1_sha512,True,t13d1516h2,8daaf6152771,02713d6af862,t,13,d,15,16,h2,"1:65536;2:0;4:6291456;6:262144|15663105|1:1:0:256,3:1:0:220,5:1:0:256,7:1:5:110,9:1:7:110,11:1:9:110,13:1:0:110,15:1:0:256,17:1:0:110,19:1:17:110,21:1:0:256,23:1:21:110,25:1:23:110,27:1:25:110,29:1:0:256,31:1:29:110,33:1:31:110,35:1:33:110|m,a,s,p",1:65536;2:0;4:6291456;6:262144,15663105.0,"1:1:0:256,3:1:0:220,5:1:0:256,7:1:5:110,9:1:7:110,11:1:9:110,13:1:0:110,15:1:0:256,17:1:0:110,19:1:17:110,21:1:0:256,23:1:21:110,25:1:23:110,27:1:25:110,29:1:0:256,31:1:29:110,33:1:31:110,35:1:33:110","m,a,s,p",18.0,65536.0,0.0,,6291456.0,,262144.0,":method,:authority,:scheme,:path"
trial-003,07f7348c-1f02-4e8e-9330-e0170daa8bc2,2026-04-19 16:25:09.880457756+00:00,165.22.242.3,GET,/,HTTP/1.1,0.316,TLS 1.2,,TLS_ECDHE_ECDSA_WITH_AES_128_GCM_SHA256,uxbehaviorsuite.com,True,fd80fa9c6120cdeea8520510f3c644ac,t12d860600_e18388e7f3a3_a1e935682795,,,0,False,False,,none,,,0,False,False,False,False,,none,,86,False,,"49200,49196,49192,49188,49172,49162,165,163,161,159,107,106,105,104,57,56,55,54,136,135,134,133,49202,49198,49194,49190,49167,49157,157,61,53,132,49199,49195,49191,49187,49171,49161,164,162,160,158,103,64,63,62,51,50,49,48,154,153,152,151,69,68,67,66,49201,49197,49193,49189,49166,49156,156,60,47,150,65,7,49169,49159,49164,49154,5,4,49170,49160,22,19,16,13,49165,49155,10,255",ECDHE-RSA-AES256-GCM_ECDHE-ECDSA-AES256-GCM_49192_49188_ECDHE-RSA-AES256-CBC_49162_165_163_161_159_107_106_105_104_57_56_55_54_136_135_134_133_49202_49198_49194_49190_49167_49157_RSA-AES256-GCM_61_RSA-AES256-CBC_132_ECDHE-RSA-AES128-GCM_ECDHE-ECDSA-AES128-GCM_49191_49187_ECDHE-RSA-AES128-CBC_49161_164_162_160_158_103_64_63_62_51_50_49_48_154_153_152_151_69_68_67_66_49201_49197_49193_49189_49166_49156_RSA-AES128-GCM_60_RSA-AES128-CBC_150_65_7_49169_49159_49164_49154_5_4_49170_49160_22_19_16_13_49165_49155_10_EMPTY_RENEGOTIATION,13,False,,"23,25,28,27,24,26,22,14,13,11,12,9,10",secp256r1_secp521r1_28_27_secp384r1_26_22_14_13_11_12_9_10,15,False,,"1537,1538,1539,1281,1282,1283,1025,1026,1027,769,770,771,513,514,515",rsa_pkcs1_sha512_1538_1539_rsa_pkcs1_sha384_1282_ecdsa_secp384r1_sha384_rsa_pkcs1_sha256_1026_ecdsa_secp256r1_sha256_769_770_771_513_514_ecdsa_sha1,False,t12d860600,e18388e7f3a3,a1e935682795,t,12,d,86,6,00,,,,,,,,,,,,,
trial-003,df6f9d04-8fa5-4c57-800f-080805196c7b,2026-04-19 16:25:11.191220446+00:00,165.22.242.3,GET,//xmlrpc.php,HTTP/1.1,0.122,TLS 1.2,,TLS_ECDHE_ECDSA_WITH_AES_128_GCM_SHA256,uxbehaviorsuite.com,True,fd80fa9c6120cdeea8520510f3c644ac,t12d860600_e18388e7f3a3_a1e935682795,,,0,False,False,,none,,,0,False,False,False,False,,none,,86,False,,"49200,49196,49192,49188,49172,49162,165,163,161,159,107,106,105,104,57,56,55,54,136,135,134,133,49202,49198,49194,49190,49167,49157,157,61,53,132,49199,49195,49191,49187,49171,49161,164,162,160,158,103,64,63,62,51,50,49,48,154,153,152,151,69,68,67,66,49201,49197,49193,49189,49166,49156,156,60,47,150,65,7,49169,49159,49164,49154,5,4,49170,49160,22,19,16,13,49165,49155,10,255",ECDHE-RSA-AES256-GCM_ECDHE-ECDSA-AES256-GCM_49192_49188_ECDHE-RSA-AES256-CBC_49162_165_163_161_159_107_106_105_104_57_56_55_54_136_135_134_133_49202_49198_49194_49190_49167_49157_RSA-AES256-GCM_61_RSA-AES256-CBC_132_ECDHE-RSA-AES128-GCM_ECDHE-ECDSA-AES128-GCM_49191_49187_ECDHE-RSA-AES128-CBC_49161_164_162_160_158_103_64_63_62_51_50_49_48_154_153_152_151_69_68_67_66_49201_49197_49193_49189_49166_49156_RSA-AES128-GCM_60_RSA-AES128-CBC_150_65_7_49169_49159_49164_49154_5_4_49170_49160_22_19_16_13_49165_49155_10_EMPTY_RENEGOTIATION,13,False,,"23,25,28,27,24,26,22,14,13,11,12,9,10",secp256r1_secp521r1_28_27_secp384r1_26_22_14_13_11_12_9_10,15,False,,"1537,1538,1539,1281,1282,1283,1025,1026,1027,769,770,771,513,514,515",rsa_pkcs1_sha512_1538_1539_rsa_pkcs1_sha384_1282_ecdsa_secp384r1_sha384_rsa_pkcs1_sha256_1026_ecdsa_secp256r1_sha256_769_770_771_513_514_ecdsa_sha1,False,t12d860600,e18388e7f3a3,a1e935682795,t,12,d,86,6,00,,,,,,,,,,,,,
trial-003,e69b37a8-6314-44c9-b9d5-baee84203c4d,2026-04-19 16:25:12.455720282+00:00,165.22.242.3,GET,//blog/wp-includes/wlwmanifest.xml,HTTP/1.1,0.148,TLS 1.2,,TLS_ECDHE_ECDSA_WITH_AES_128_GCM_SHA256,uxbehaviorsuite.com,True,fd80fa9c6120cdeea8520510f3c644ac,t12d860600_e18388e7f3a3_a1e935682795,,,0,False,False,,none,,,0,False,False,False,False,,none,,86,False,,"49200,49196,49192,49188,49172,49162,165,163,161,159,107,106,105,104,57,56,55,54,136,135,134,133,49202,49198,49194,49190,49167,49157,157,61,53,132,49199,49195,49191,49187,49171,49161,164,162,160,158,103,64,63,62,51,50,49,48,154,153,152,151,69,68,67,66,49201,49197,49193,49189,49166,49156,156,60,47,150,65,7,49169,49159,49164,49154,5,4,49170,49160,22,19,16,13,49165,49155,10,255",ECDHE-RSA-AES256-GCM_ECDHE-ECDSA-AES256-GCM_49192_49188_ECDHE-RSA-AES256-CBC_49162_165_163_161_159_107_106_105_104_57_56_55_54_136_135_134_133_49202_49198_49194_49190_49167_49157_RSA-AES256-GCM_61_RSA-AES256-CBC_132_ECDHE-RSA-AES128-GCM_ECDHE-ECDSA-AES128-GCM_49191_49187_ECDHE-RSA-AES128-CBC_49161_164_162_160_158_103_64_63_62_51_50_49_48_154_153_152_151_69_68_67_66_49201_49197_49193_49189_49166_49156_RSA-AES128-GCM_60_RSA-AES128-CBC_150_65_7_49169_49159_49164_49154_5_4_49170_49160_22_19_16_13_49165_49155_10_EMPTY_RENEGOTIATION,13,False,,"23,25,28,27,24,26,22,14,13,11,12,9,10",secp256r1_secp521r1_28_27_secp384r1_26_22_14_13_11_12_9_10,15,False,,"1537,1538,1539,1281,1282,1283,1025,1026,1027,769,770,771,513,514,515",rsa_pkcs1_sha512_1538_1539_rsa_pkcs1_sha384_1282_ecdsa_secp384r1_sha384_rsa_pkcs1_sha256_1026_ecdsa_secp256r1_sha256_769_770_771_513_514_ecdsa_sha1,False,t12d860600,e18388e7f3a3,a1e935682795,t,12,d,86,6,00,,,,,,,,,,,,,
trial-003,dd6fab4f-e6c6-4da4-bf03-6bf8704bcf9a,2026-04-19 16:25:13.624603947+00:00,165.22.242.3,GET,//wordpress/wp-includes/wlwmanifest.xml,HTTP/1.1,0.126,TLS 1.2,,TLS_ECDHE_ECDSA_WITH_AES_128_GCM_SHA256,uxbehaviorsuite.com,True,fd80fa9c6120cdeea8520510f3c644ac,t12d860600_e18388e7f3a3_a1e935682795,,,0,False,False,,none,,,0,False,False,False,False,,none,,86,False,,"49200,49196,49192,49188,49172,49162,165,163,161,159,107,106,105,104,57,56,55,54,136,135,134,133,49202,49198,49194,49190,49167,49157,157,61,53,132,49199,49195,49191,49187,49171,49161,164,162,160,158,103,64,63,62,51,50,49,48,154,153,152,151,69,68,67,66,49201,49197,49193,49189,49166,49156,156,60,47,150,65,7,49169,49159,49164,49154,5,4,49170,49160,22,19,16,13,49165,49155,10,255",ECDHE-RSA-AES256-GCM_ECDHE-ECDSA-AES256-GCM_49192_49188_ECDHE-RSA-AES256-CBC_49162_165_163_161_159_107_106_105_104_57_56_55_54_136_135_134_133_49202_49198_49194_49190_49167_49157_RSA-AES256-GCM_61_RSA-AES256-CBC_132_ECDHE-RSA-AES128-GCM_ECDHE-ECDSA-AES128-GCM_49191_49187_ECDHE-RSA-AES128-CBC_49161_164_162_160_158_103_64_63_62_51_50_49_48_154_153_152_151_69_68_67_66_49201_49197_49193_49189_49166_49156_RSA-AES128-GCM_60_RSA-AES128-CBC_150_65_7_49169_49159_49164_49154_5_4_49170_49160_22_19_16_13_49165_49155_10_EMPTY_RENEGOTIATION,13,False,,"23,25,28,27,24,26,22,14,13,11,12,9,10",secp256r1_secp521r1_28_27_secp384r1_26_22_14_13_11_12_9_10,15,False,,"1537,1538,1539,1281,1282,1283,1025,1026,1027,769,770,771,513,514,515",rsa_pkcs1_sha512_1538_1539_rsa_pkcs1_sha384_1282_ecdsa_secp384r1_sha384_rsa_pkcs1_sha256_1026_ecdsa_secp256r1_sha256_769_770_771_513_514_ecdsa_sha1,False,t12d860600,e18388e7f3a3,a1e935682795,t,12,d,86,6,00,,,,,,,,,,,,,
trial-003,a7edf173-db50-4c4b-b3c0-954a059dd9fc,2026-04-19 16:25:14.767523844+00:00,205.172.168.145,GET,/s4-dom-mismatch.html,HTTP/2.0,0.496,TLS 1.3,h2,TLS_AES_128_GCM_SHA256,uxbehaviorsuite.com,True,584896a70441da74f65dc4069733231a,t13d1516h2_8daaf6152771_02713d6af862,"h2,http/1.1",h2,2,True,True,0.0,h2_first,"2570,772,771","TLS 1.3,TLS 1.2",2,True,True,True,False,0.0,TLS1.3+TLS1.2,True,15,True,0.0,"2570,4865,4866,4867,49195,49199,49196,49200,52393,52392,49171,49172,156,157,47,53",TLS_AES_128_GCM_SHA256_TLS_AES_256_GCM_SHA384_TLS_CHACHA20_POLY1305_SHA256_ECDHE-ECDSA-AES128-GCM_ECDHE-RSA-AES128-GCM_ECDHE-ECDSA-AES256-GCM_ECDHE-RSA-AES256-GCM_ECDHE-ECDSA-CHACHA20_ECDHE-RSA-CHACHA20_ECDHE-RSA-AES128-CBC_ECDHE-RSA-AES256-CBC_RSA-AES128-GCM_RSA-AES256-GCM_RSA-AES128-CBC_RSA-AES256-CBC,4,True,0.0,"2570,25497,29,23,24",x25519Kyber768_x25519_secp256r1_secp384r1,8,False,,"1027,2052,1025,1283,2053,1281,2054,1537",ecdsa_secp256r1_sha256_rsa_pss_rsae_sha256_rsa_pkcs1_sha256_ecdsa_secp384r1_sha384_rsa_pss_rsae_sha384_rsa_pkcs1_sha384_rsa_pss_rsae_sha512_rsa_pkcs1_sha512,True,t13d1516h2,8daaf6152771,02713d6af862,t,13,d,15,16,h2,"1:65536;2:0;4:6291456;6:262144|15663105|1:1:0:256,3:1:0:220,5:1:0:256,7:1:5:110,9:1:7:110,11:1:9:110,13:1:0:110,15:1:0:256,17:1:0:110,19:1:17:110,21:1:0:256,23:1:21:110,25:1:23:110,27:1:25:110,29:1:0:256,31:1:29:110,33:1:31:110,35:1:33:110,37:1:0:256,39:1:37:110|m,a,s,p",1:65536;2:0;4:6291456;6:262144,15663105.0,"1:1:0:256,3:1:0:220,5:1:0:256,7:1:5:110,9:1:7:110,11:1:9:110,13:1:0:110,15:1:0:256,17:1:0:110,19:1:17:110,21:1:0:256,23:1:21:110,25:1:23:110,27:1:25:110,29:1:0:256,31:1:29:110,33:1:31:110,35:1:33:110,37:1:0:256,39:1:37:110","m,a,s,p",20.0,65536.0,0.0,,6291456.0,,262144.0,":method,:authority,:scheme,:path"
trial-003,52b9f7f8-5583-41e1-aec8-22caab4c32f0,2026-04-19 16:25:14.767640653+00:00,205.172.168.145,POST,/collect,HTTP/2.0,0.342,TLS 1.3,h2,TLS_AES_128_GCM_SHA256,uxbehaviorsuite.com,True,584896a70441da74f65dc4069733231a,t13d1516h2_8daaf6152771_02713d6af862,"h2,http/1.1",h2,2,True,True,0.0,h2_first,"2570,772,771","TLS 1.3,TLS 1.2",2,True,True,True,False,0.0,TLS1.3+TLS1.2,True,15,True,0.0,"2570,4865,4866,4867,49195,49199,49196,49200,52393,52392,49171,49172,156,157,47,53",TLS_AES_128_GCM_SHA256_TLS_AES_256_GCM_SHA384_TLS_CHACHA20_POLY1305_SHA256_ECDHE-ECDSA-AES128-GCM_ECDHE-RSA-AES128-GCM_ECDHE-ECDSA-AES256-GCM_ECDHE-RSA-AES256-GCM_ECDHE-ECDSA-CHACHA20_ECDHE-RSA-CHACHA20_ECDHE-RSA-AES128-CBC_ECDHE-RSA-AES256-CBC_RSA-AES128-GCM_RSA-AES256-GCM_RSA-AES128-CBC_RSA-AES256-CBC,4,True,0.0,"2570,25497,29,23,24",x25519Kyber768_x25519_secp256r1_secp384r1,8,False,,"1027,2052,1025,1283,2053,1281,2054,1537",ecdsa_secp256r1_sha256_rsa_pss_rsae_sha256_rsa_pkcs1_sha256_ecdsa_secp384r1_sha384_rsa_pss_rsae_sha384_rsa_pkcs1_sha384_rsa_pss_rsae_sha512_rsa_pkcs1_sha512,True,t13d1516h2,8daaf6152771,02713d6af862,t,13,d,15,16,h2,"1:65536;2:0;4:6291456;6:262144|15663105|1:1:0:256,3:1:0:220,5:1:0:256,7:1:5:110,9:1:7:110,11:1:9:110,13:1:0:110,15:1:0:256,17:1:0:110,19:1:17:110,21:1:0:256,23:1:21:110,25:1:23:110,27:1:25:110,29:1:0:256,31:1:29:110,33:1:31:110,35:1:33:110,37:1:0:256,39:1:37:110|m,a,s,p",1:65536;2:0;4:6291456;6:262144,15663105.0,"1:1:0:256,3:1:0:220,5:1:0:256,7:1:5:110,9:1:7:110,11:1:9:110,13:1:0:110,15:1:0:256,17:1:0:110,19:1:17:110,21:1:0:256,23:1:21:110,25:1:23:110,27:1:25:110,29:1:0:256,31:1:29:110,33:1:31:110,35:1:33:110,37:1:0:256,39:1:37:110","m,a,s,p",20.0,65536.0,0.0,,6291456.0,,262144.0,":method,:authority,:scheme,:path"
trial-003,5a817b40-c876-49f2-80f3-7b6ab897fe33,2026-04-19 16:25:14.797918947+00:00,205.172.168.145,POST,/collect,HTTP/2.0,0.317,TLS 1.3,h2,TLS_AES_128_GCM_SHA256,uxbehaviorsuite.com,True,584896a70441da74f65dc4069733231a,t13d1516h2_8daaf6152771_02713d6af862,"h2,http/1.1",h2,2,True,True,0.0,h2_first,"2570,772,771","TLS 1.3,TLS 1.2",2,True,True,True,False,0.0,TLS1.3+TLS1.2,True,15,True,0.0,"2570,4865,4866,4867,49195,49199,49196,49200,52393,52392,49171,49172,156,157,47,53",TLS_AES_128_GCM_SHA256_TLS_AES_256_GCM_SHA384_TLS_CHACHA20_POLY1305_SHA256_ECDHE-ECDSA-AES128-GCM_ECDHE-RSA-AES128-GCM_ECDHE-ECDSA-AES256-GCM_ECDHE-RSA-AES256-GCM_ECDHE-ECDSA-CHACHA20_ECDHE-RSA-CHACHA20_ECDHE-RSA-AES128-CBC_ECDHE-RSA-AES256-CBC_RSA-AES128-GCM_RSA-AES256-GCM_RSA-AES128-CBC_RSA-AES256-CBC,4,True,0.0,"2570,25497,29,23,24",x25519Kyber768_x25519_secp256r1_secp384r1,8,False,,"1027,2052,1025,1283,2053,1281,2054,1537",ecdsa_secp256r1_sha256_rsa_pss_rsae_sha256_rsa_pkcs1_sha256_ecdsa_secp384r1_sha384_rsa_pss_rsae_sha384_rsa_pkcs1_sha384_rsa_pss_rsae_sha512_rsa_pkcs1_sha512,True,t13d1516h2,8daaf6152771,02713d6af862,t,13,d,15,16,h2,"1:65536;2:0;4:6291456;6:262144|15663105|1:1:0:256,3:1:0:220,5:1:0:256,7:1:5:110,9:1:7:110,11:1:9:110,13:1:0:110,15:1:0:256,17:1:0:110,19:1:17:110,21:1:0:256,23:1:21:110,25:1:23:110,27:1:25:110,29:1:0:256,31:1:29:110,33:1:31:110,35:1:33:110,37:1:0:256,39:1:37:110,41:1:39:110|m,a,s,p",1:65536;2:0;4:6291456;6:262144,15663105.0,"1:1:0:256,3:1:0:220,5:1:0:256,7:1:5:110,9:1:7:110,11:1:9:110,13:1:0:110,15:1:0:256,17:1:0:110,19:1:17:110,21:1:0:256,23:1:21:110,25:1:23:110,27:1:25:110,29:1:0:256,31:1:29:110,33:1:31:110,35:1:33:110,37:1:0:256,39:1:37:110,41:1:39:110","m,a,s,p",21.0,65536.0,0.0,,6291456.0,,262144.0,":method,:authority,:scheme,:path"
trial-003,f1daca90-177c-4400-814f-6450dced65dc,2026-04-19 16:25:14.800155771+00:00,205.172.168.145,POST,/collect,HTTP/2.0,0.215,TLS 1.3,h2,TLS_AES_128_GCM_SHA256,uxbehaviorsuite.com,True,584896a70441da74f65dc4069733231a,t13d1516h2_8daaf6152771_02713d6af862,"h2,http/1.1",h2,2,True,True,0.0,h2_first,"2570,772,771","TLS 1.3,TLS 1.2",2,True,True,True,False,0.0,TLS1.3+TLS1.2,True,15,True,0.0,"2570,4865,4866,4867,49195,49199,49196,49200,52393,52392,49171,49172,156,157,47,53",TLS_AES_128_GCM_SHA256_TLS_AES_256_GCM_SHA384_TLS_CHACHA20_POLY1305_SHA256_ECDHE-ECDSA-AES128-GCM_ECDHE-RSA-AES128-GCM_ECDHE-ECDSA-AES256-GCM_ECDHE-RSA-AES256-GCM_ECDHE-ECDSA-CHACHA20_ECDHE-RSA-CHACHA20_ECDHE-RSA-AES128-CBC_ECDHE-RSA-AES256-CBC_RSA-AES128-GCM_RSA-AES256-GCM_RSA-AES128-CBC_RSA-AES256-CBC,4,True,0.0,"2570,25497,29,23,24",x25519Kyber768_x25519_secp256r1_secp384r1,8,False,,"1027,2052,1025,1283,2053,1281,2054,1537",ecdsa_secp256r1_sha256_rsa_pss_rsae_sha256_rsa_pkcs1_sha256_ecdsa_secp384r1_sha384_rsa_pss_rsae_sha384_rsa_pkcs1_sha384_rsa_pss_rsae_sha512_rsa_pkcs1_sha512,True,t13d1516h2,8daaf6152771,02713d6af862,t,13,d,15,16,h2,"1:65536;2:0;4:6291456;6:262144|15663105|1:1:0:256,3:1:0:220,5:1:0:256,7:1:5:110,9:1:7:110,11:1:9:110,13:1:0:110,15:1:0:256,17:1:0:110,19:1:17:110,21:1:0:256,23:1:21:110,25:1:23:110,27:1:25:110,29:1:0:256,31:1:29:110,33:1:31:110,35:1:33:110,37:1:0:256,39:1:37:110,41:1:39:110,43:1:41:110|m,a,s,p",1:65536;2:0;4:6291456;6:262144,15663105.0,"1:1:0:256,3:1:0:220,5:1:0:256,7:1:5:110,9:1:7:110,11:1:9:110,13:1:0:110,15:1:0:256,17:1:0:110,19:1:17:110,21:1:0:256,23:1:21:110,25:1:23:110,27:1:25:110,29:1:0:256,31:1:29:110,33:1:31:110,35:1:33:110,37:1:0:256,39:1:37:110,41:1:39:110,43:1:41:110","m,a,s,p",22.0,65536.0,0.0,,6291456.0,,262144.0,":method,:authority,:scheme,:path"
trial-003,5d8866dd-5c96-4b82-99dd-b915d55ac5bf,2026-04-19 16:25:14.836322198+00:00,165.22.242.3,GET,//wp/wp-includes/wlwmanifest.xml,HTTP/1.1,0.103,TLS 1.2,,TLS_ECDHE_ECDSA_WITH_AES_128_GCM_SHA256,uxbehaviorsuite.com,True,fd80fa9c6120cdeea8520510f3c644ac,t12d860600_e18388e7f3a3_a1e935682795,,,0,False,False,,none,,,0,False,False,False,False,,none,,86,False,,"49200,49196,49192,49188,49172,49162,165,163,161,159,107,106,105,104,57,56,55,54,136,135,134,133,49202,49198,49194,49190,49167,49157,157,61,53,132,49199,49195,49191,49187,49171,49161,164,162,160,158,103,64,63,62,51,50,49,48,154,153,152,151,69,68,67,66,49201,49197,49193,49189,49166,49156,156,60,47,150,65,7,49169,49159,49164,49154,5,4,49170,49160,22,19,16,13,49165,49155,10,255",ECDHE-RSA-AES256-GCM_ECDHE-ECDSA-AES256-GCM_49192_49188_ECDHE-RSA-AES256-CBC_49162_165_163_161_159_107_106_105_104_57_56_55_54_136_135_134_133_49202_49198_49194_49190_49167_49157_RSA-AES256-GCM_61_RSA-AES256-CBC_132_ECDHE-RSA-AES128-GCM_ECDHE-ECDSA-AES128-GCM_49191_49187_ECDHE-RSA-AES128-CBC_49161_164_162_160_158_103_64_63_62_51_50_49_48_154_153_152_151_69_68_67_66_49201_49197_49193_49189_49166_49156_RSA-AES128-GCM_60_RSA-AES128-CBC_150_65_7_49169_49159_49164_49154_5_4_49170_49160_22_19_16_13_49165_49155_10_EMPTY_RENEGOTIATION,13,False,,"23,25,28,27,24,26,22,14,13,11,12,9,10",secp256r1_secp521r1_28_27_secp384r1_26_22_14_13_11_12_9_10,15,False,,"1537,1538,1539,1281,1282,1283,1025,1026,1027,769,770,771,513,514,515",rsa_pkcs1_sha512_1538_1539_rsa_pkcs1_sha384_1282_ecdsa_secp384r1_sha384_rsa_pkcs1_sha256_1026_ecdsa_secp256r1_sha256_769_770_771_513_514_ecdsa_sha1,False,t12d860600,e18388e7f3a3,a1e935682795,t,12,d,86,6,00,,,,,,,,,,,,,
trial-003,f3ffe1bc-a75d-41fe-81ff-a10c86a1a1e7,2026-04-19 16:25:16.072023110+00:00,165.22.242.3,GET,//2020/wp-includes/wlwmanifest.xml,HTTP/1.1,0.173,TLS 1.2,,TLS_ECDHE_ECDSA_WITH_AES_128_GCM_SHA256,uxbehaviorsuite.com,True,fd80fa9c6120cdeea8520510f3c644ac,t12d860600_e18388e7f3a3_a1e935682795,,,0,False,False,,none,,,0,False,False,False,False,,none,,86,False,,"49200,49196,49192,49188,49172,49162,165,163,161,159,107,106,105,104,57,56,55,54,136,135,134,133,49202,49198,49194,49190,49167,49157,157,61,53,132,49199,49195,49191,49187,49171,49161,164,162,160,158,103,64,63,62,51,50,49,48,154,153,152,151,69,68,67,66,49201,49197,49193,49189,49166,49156,156,60,47,150,65,7,49169,49159,49164,49154,5,4,49170,49160,22,19,16,13,49165,49155,10,255",ECDHE-RSA-AES256-GCM_ECDHE-ECDSA-AES256-GCM_49192_49188_ECDHE-RSA-AES256-CBC_49162_165_163_161_159_107_106_105_104_57_56_55_54_136_135_134_133_49202_49198_49194_49190_49167_49157_RSA-AES256-GCM_61_RSA-AES256-CBC_132_ECDHE-RSA-AES128-GCM_ECDHE-ECDSA-AES128-GCM_49191_49187_ECDHE-RSA-AES128-CBC_49161_164_162_160_158_103_64_63_62_51_50_49_48_154_153_152_151_69_68_67_66_49201_49197_49193_49189_49166_49156_RSA-AES128-GCM_60_RSA-AES128-CBC_150_65_7_49169_49159_49164_49154_5_4_49170_49160_22_19_16_13_49165_49155_10_EMPTY_RENEGOTIATION,13,False,,"23,25,28,27,24,26,22,14,13,11,12,9,10",secp256r1_secp521r1_28_27_secp384r1_26_22_14_13_11_12_9_10,15,False,,"1537,1538,1539,1281,1282,1283,1025,1026,1027,769,770,771,513,514,515",rsa_pkcs1_sha512_1538_1539_rsa_pkcs1_sha384_1282_ecdsa_secp384r1_sha384_rsa_pkcs1_sha256_1026_ecdsa_secp256r1_sha256_769_770_771_513_514_ecdsa_sha1,False,t12d860600,e18388e7f3a3,a1e935682795,t,12,d,86,6,00,,,,,,,,,,,,,
trial-003,c63ad964-e591-40a0-9bbc-314079594285,2026-04-19 16:25:17.291425701+00:00,165.22.242.3,GET,//shop/wp-includes/wlwmanifest.xml,HTTP/1.1,0.17,TLS 1.2,,TLS_ECDHE_ECDSA_WITH_AES_128_GCM_SHA256,uxbehaviorsuite.com,True,fd80fa9c6120cdeea8520510f3c644ac,t12d860600_e18388e7f3a3_a1e935682795,,,0,False,False,,none,,,0,False,False,False,False,,none,,86,False,,"49200,49196,49192,49188,49172,49162,165,163,161,159,107,106,105,104,57,56,55,54,136,135,134,133,49202,49198,49194,49190,49167,49157,157,61,53,132,49199,49195,49191,49187,49171,49161,164,162,160,158,103,64,63,62,51,50,49,48,154,153,152,151,69,68,67,66,49201,49197,49193,49189,49166,49156,156,60,47,150,65,7,49169,49159,49164,49154,5,4,49170,49160,22,19,16,13,49165,49155,10,255",ECDHE-RSA-AES256-GCM_ECDHE-ECDSA-AES256-GCM_49192_49188_ECDHE-RSA-AES256-CBC_49162_165_163_161_159_107_106_105_104_57_56_55_54_136_135_134_133_49202_49198_49194_49190_49167_49157_RSA-AES256-GCM_61_RSA-AES256-CBC_132_ECDHE-RSA-AES128-GCM_ECDHE-ECDSA-AES128-GCM_49191_49187_ECDHE-RSA-AES128-CBC_49161_164_162_160_158_103_64_63_62_51_50_49_48_154_153_152_151_69_68_67_66_49201_49197_49193_49189_49166_49156_RSA-AES128-GCM_60_RSA-AES128-CBC_150_65_7_49169_49159_49164_49154_5_4_49170_49160_22_19_16_13_49165_49155_10_EMPTY_RENEGOTIATION,13,False,,"23,25,28,27,24,26,22,14,13,11,12,9,10",secp256r1_secp521r1_28_27_secp384r1_26_22_14_13_11_12_9_10,15,False,,"1537,1538,1539,1281,1282,1283,1025,1026,1027,769,770,771,513,514,515",rsa_pkcs1_sha512_1538_1539_rsa_pkcs1_sha384_1282_ecdsa_secp384r1_sha384_rsa_pkcs1_sha256_1026_ecdsa_secp256r1_sha256_769_770_771_513_514_ecdsa_sha1,False,t12d860600,e18388e7f3a3,a1e935682795,t,12,d,86,6,00,,,,,,,,,,,,,
trial-003,ac975b09-05cb-4d66-b81e-12f4cf481214,2026-04-19 16:25:18.475524122+00:00,165.22.242.3,GET,//test/wp-includes/wlwmanifest.xml,HTTP/1.1,0.131,TLS 1.2,,TLS_ECDHE_ECDSA_WITH_AES_128_GCM_SHA256,uxbehaviorsuite.com,True,fd80fa9c6120cdeea8520510f3c644ac,t12d860600_e18388e7f3a3_a1e935682795,,,0,False,False,,none,,,0,False,False,False,False,,none,,86,False,,"49200,49196,49192,49188,49172,49162,165,163,161,159,107,106,105,104,57,56,55,54,136,135,134,133,49202,49198,49194,49190,49167,49157,157,61,53,132,49199,49195,49191,49187,49171,49161,164,162,160,158,103,64,63,62,51,50,49,48,154,153,152,151,69,68,67,66,49201,49197,49193,49189,49166,49156,156,60,47,150,65,7,49169,49159,49164,49154,5,4,49170,49160,22,19,16,13,49165,49155,10,255",ECDHE-RSA-AES256-GCM_ECDHE-ECDSA-AES256-GCM_49192_49188_ECDHE-RSA-AES256-CBC_49162_165_163_161_159_107_106_105_104_57_56_55_54_136_135_134_133_49202_49198_49194_49190_49167_49157_RSA-AES256-GCM_61_RSA-AES256-CBC_132_ECDHE-RSA-AES128-GCM_ECDHE-ECDSA-AES128-GCM_49191_49187_ECDHE-RSA-AES128-CBC_49161_164_162_160_158_103_64_63_62_51_50_49_48_154_153_152_151_69_68_67_66_49201_49197_49193_49189_49166_49156_RSA-AES128-GCM_60_RSA-AES128-CBC_150_65_7_49169_49159_49164_49154_5_4_49170_49160_22_19_16_13_49165_49155_10_EMPTY_RENEGOTIATION,13,False,,"23,25,28,27,24,26,22,14,13,11,12,9,10",secp256r1_secp521r1_28_27_secp384r1_26_22_14_13_11_12_9_10,15,False,,"1537,1538,1539,1281,1282,1283,1025,1026,1027,769,770,771,513,514,515",rsa_pkcs1_sha512_1538_1539_rsa_pkcs1_sha384_1282_ecdsa_secp384r1_sha384_rsa_pkcs1_sha256_1026_ecdsa_secp256r1_sha256_769_770_771_513_514_ecdsa_sha1,False,t12d860600,e18388e7f3a3,a1e935682795,t,12,d,86,6,00,,,,,,,,,,,,,
trial-003,d1dd32a6-de6c-4329-a446-e026bf8a7bc0,2026-04-19 16:25:19.719798751+00:00,165.22.242.3,GET,//site/wp-includes/wlwmanifest.xml,HTTP/1.1,0.138,TLS 1.2,,TLS_ECDHE_ECDSA_WITH_AES_128_GCM_SHA256,uxbehaviorsuite.com,True,fd80fa9c6120cdeea8520510f3c644ac,t12d860600_e18388e7f3a3_a1e935682795,,,0,False,False,,none,,,0,False,False,False,False,,none,,86,False,,"49200,49196,49192,49188,49172,49162,165,163,161,159,107,106,105,104,57,56,55,54,136,135,134,133,49202,49198,49194,49190,49167,49157,157,61,53,132,49199,49195,49191,49187,49171,49161,164,162,160,158,103,64,63,62,51,50,49,48,154,153,152,151,69,68,67,66,49201,49197,49193,49189,49166,49156,156,60,47,150,65,7,49169,49159,49164,49154,5,4,49170,49160,22,19,16,13,49165,49155,10,255",ECDHE-RSA-AES256-GCM_ECDHE-ECDSA-AES256-GCM_49192_49188_ECDHE-RSA-AES256-CBC_49162_165_163_161_159_107_106_105_104_57_56_55_54_136_135_134_133_49202_49198_49194_49190_49167_49157_RSA-AES256-GCM_61_RSA-AES256-CBC_132_ECDHE-RSA-AES128-GCM_ECDHE-ECDSA-AES128-GCM_49191_49187_ECDHE-RSA-AES128-CBC_49161_164_162_160_158_103_64_63_62_51_50_49_48_154_153_152_151_69_68_67_66_49201_49197_49193_49189_49166_49156_RSA-AES128-GCM_60_RSA-AES128-CBC_150_65_7_49169_49159_49164_49154_5_4_49170_49160_22_19_16_13_49165_49155_10_EMPTY_RENEGOTIATION,13,False,,"23,25,28,27,24,26,22,14,13,11,12,9,10",secp256r1_secp521r1_28_27_secp384r1_26_22_14_13_11_12_9_10,15,False,,"1537,1538,1539,1281,1282,1283,1025,1026,1027,769,770,771,513,514,515",rsa_pkcs1_sha512_1538_1539_rsa_pkcs1_sha384_1282_ecdsa_secp384r1_sha384_rsa_pkcs1_sha256_1026_ecdsa_secp256r1_sha256_769_770_771_513_514_ecdsa_sha1,False,t12d860600,e18388e7f3a3,a1e935682795,t,12,d,86,6,00,,,,,,,,,,,,,
trial-003,16ba8943-0c02-47ca-bd55-8e74f5e0e2a6,2026-04-19 16:25:20.944867751+00:00,165.22.242.3,GET,//sito/wp-includes/wlwmanifest.xml,HTTP/1.1,0.143,TLS 1.2,,TLS_ECDHE_ECDSA_WITH_AES_128_GCM_SHA256,uxbehaviorsuite.com,True,fd80fa9c6120cdeea8520510f3c644ac,t12d860600_e18388e7f3a3_a1e935682795,,,0,False,False,,none,,,0,False,False,False,False,,none,,86,False,,"49200,49196,49192,49188,49172,49162,165,163,161,159,107,106,105,104,57,56,55,54,136,135,134,133,49202,49198,49194,49190,49167,49157,157,61,53,132,49199,49195,49191,49187,49171,49161,164,162,160,158,103,64,63,62,51,50,49,48,154,153,152,151,69,68,67,66,49201,49197,49193,49189,49166,49156,156,60,47,150,65,7,49169,49159,49164,49154,5,4,49170,49160,22,19,16,13,49165,49155,10,255",ECDHE-RSA-AES256-GCM_ECDHE-ECDSA-AES256-GCM_49192_49188_ECDHE-RSA-AES256-CBC_49162_165_163_161_159_107_106_105_104_57_56_55_54_136_135_134_133_49202_49198_49194_49190_49167_49157_RSA-AES256-GCM_61_RSA-AES256-CBC_132_ECDHE-RSA-AES128-GCM_ECDHE-ECDSA-AES128-GCM_49191_49187_ECDHE-RSA-AES128-CBC_49161_164_162_160_158_103_64_63_62_51_50_49_48_154_153_152_151_69_68_67_66_49201_49197_49193_49189_49166_49156_RSA-AES128-GCM_60_RSA-AES128-CBC_150_65_7_49169_49159_49164_49154_5_4_49170_49160_22_19_16_13_49165_49155_10_EMPTY_RENEGOTIATION,13,False,,"23,25,28,27,24,26,22,14,13,11,12,9,10",secp256r1_secp521r1_28_27_secp384r1_26_22_14_13_11_12_9_10,15,False,,"1537,1538,1539,1281,1282,1283,1025,1026,1027,769,770,771,513,514,515",rsa_pkcs1_sha512_1538_1539_rsa_pkcs1_sha384_1282_ecdsa_secp384r1_sha384_rsa_pkcs1_sha256_1026_ecdsa_secp256r1_sha256_769_770_771_513_514_ecdsa_sha1,False,t12d860600,e18388e7f3a3,a1e935682795,t,12,d,86,6,00,,,,,,,,,,,,,
trial-003,42ba50a4-7105-4868-a2ee-1ebaed7d401a,2026-04-19 16:26:19.391381869+00:00,205.172.168.145,GET,/s5-delayed-feedback.html,HTTP/2.0,0.561,TLS 1.3,h2,TLS_AES_128_GCM_SHA256,uxbehaviorsuite.com,True,584896a70441da74f65dc4069733231a,t13d1516h2_8daaf6152771_02713d6af862,"h2,http/1.1",h2,2,True,True,0.0,h2_first,"2570,772,771","TLS 1.3,TLS 1.2",2,True,True,True,False,0.0,TLS1.3+TLS1.2,True,15,True,0.0,"2570,4865,4866,4867,49195,49199,49196,49200,52393,52392,49171,49172,156,157,47,53",TLS_AES_128_GCM_SHA256_TLS_AES_256_GCM_SHA384_TLS_CHACHA20_POLY1305_SHA256_ECDHE-ECDSA-AES128-GCM_ECDHE-RSA-AES128-GCM_ECDHE-ECDSA-AES256-GCM_ECDHE-RSA-AES256-GCM_ECDHE-ECDSA-CHACHA20_ECDHE-RSA-CHACHA20_ECDHE-RSA-AES128-CBC_ECDHE-RSA-AES256-CBC_RSA-AES128-GCM_RSA-AES256-GCM_RSA-AES128-CBC_RSA-AES256-CBC,4,True,0.0,"2570,25497,29,23,24",x25519Kyber768_x25519_secp256r1_secp384r1,8,False,,"1027,2052,1025,1283,2053,1281,2054,1537",ecdsa_secp256r1_sha256_rsa_pss_rsae_sha256_rsa_pkcs1_sha256_ecdsa_secp384r1_sha384_rsa_pss_rsae_sha384_rsa_pkcs1_sha384_rsa_pss_rsae_sha512_rsa_pkcs1_sha512,True,t13d1516h2,8daaf6152771,02713d6af862,t,13,d,15,16,h2,"1:65536;2:0;4:6291456;6:262144|15663105|1:1:0:256,3:1:0:220,5:1:0:256,7:1:5:110,9:1:7:110,11:1:9:110,13:1:0:110,15:1:0:256,17:1:0:110,19:1:17:110,21:1:0:256,23:1:21:110,25:1:23:110,27:1:25:110,29:1:0:256,31:1:29:110,33:1:31:110,35:1:33:110,37:1:0:256,39:1:37:110,41:1:39:110,43:1:41:110,45:1:0:256,47:1:45:110|m,a,s,p",1:65536;2:0;4:6291456;6:262144,15663105.0,"1:1:0:256,3:1:0:220,5:1:0:256,7:1:5:110,9:1:7:110,11:1:9:110,13:1:0:110,15:1:0:256,17:1:0:110,19:1:17:110,21:1:0:256,23:1:21:110,25:1:23:110,27:1:25:110,29:1:0:256,31:1:29:110,33:1:31:110,35:1:33:110,37:1:0:256,39:1:37:110,41:1:39:110,43:1:41:110,45:1:0:256,47:1:45:110","m,a,s,p",24.0,65536.0,0.0,,6291456.0,,262144.0,":method,:authority,:scheme,:path"
trial-003,b1a84c05-9768-48e0-a32c-9e65342edde6,2026-04-19 16:26:19.391480335+00:00,205.172.168.145,POST,/collect,HTTP/2.0,0.349,TLS 1.3,h2,TLS_AES_128_GCM_SHA256,uxbehaviorsuite.com,True,584896a70441da74f65dc4069733231a,t13d1516h2_8daaf6152771_02713d6af862,"h2,http/1.1",h2,2,True,True,0.0,h2_first,"2570,772,771","TLS 1.3,TLS 1.2",2,True,True,True,False,0.0,TLS1.3+TLS1.2,True,15,True,0.0,"2570,4865,4866,4867,49195,49199,49196,49200,52393,52392,49171,49172,156,157,47,53",TLS_AES_128_GCM_SHA256_TLS_AES_256_GCM_SHA384_TLS_CHACHA20_POLY1305_SHA256_ECDHE-ECDSA-AES128-GCM_ECDHE-RSA-AES128-GCM_ECDHE-ECDSA-AES256-GCM_ECDHE-RSA-AES256-GCM_ECDHE-ECDSA-CHACHA20_ECDHE-RSA-CHACHA20_ECDHE-RSA-AES128-CBC_ECDHE-RSA-AES256-CBC_RSA-AES128-GCM_RSA-AES256-GCM_RSA-AES128-CBC_RSA-AES256-CBC,4,True,0.0,"2570,25497,29,23,24",x25519Kyber768_x25519_secp256r1_secp384r1,8,False,,"1027,2052,1025,1283,2053,1281,2054,1537",ecdsa_secp256r1_sha256_rsa_pss_rsae_sha256_rsa_pkcs1_sha256_ecdsa_secp384r1_sha384_rsa_pss_rsae_sha384_rsa_pkcs1_sha384_rsa_pss_rsae_sha512_rsa_pkcs1_sha512,True,t13d1516h2,8daaf6152771,02713d6af862,t,13,d,15,16,h2,"1:65536;2:0;4:6291456;6:262144|15663105|1:1:0:256,3:1:0:220,5:1:0:256,7:1:5:110,9:1:7:110,11:1:9:110,13:1:0:110,15:1:0:256,17:1:0:110,19:1:17:110,21:1:0:256,23:1:21:110,25:1:23:110,27:1:25:110,29:1:0:256,31:1:29:110,33:1:31:110,35:1:33:110,37:1:0:256,39:1:37:110,41:1:39:110,43:1:41:110,45:1:0:256,47:1:45:110|m,a,s,p",1:65536;2:0;4:6291456;6:262144,15663105.0,"1:1:0:256,3:1:0:220,5:1:0:256,7:1:5:110,9:1:7:110,11:1:9:110,13:1:0:110,15:1:0:256,17:1:0:110,19:1:17:110,21:1:0:256,23:1:21:110,25:1:23:110,27:1:25:110,29:1:0:256,31:1:29:110,33:1:31:110,35:1:33:110,37:1:0:256,39:1:37:110,41:1:39:110,43:1:41:110,45:1:0:256,47:1:45:110","m,a,s,p",24.0,65536.0,0.0,,6291456.0,,262144.0,":method,:authority,:scheme,:path"
trial-003,033d16bb-fea2-4936-a73f-1379cf4c4a81,2026-04-19 16:26:19.414711129+00:00,205.172.168.145,POST,/collect,HTTP/2.0,0.903,TLS 1.3,h2,TLS_AES_128_GCM_SHA256,uxbehaviorsuite.com,True,584896a70441da74f65dc4069733231a,t13d1516h2_8daaf6152771_02713d6af862,"h2,http/1.1",h2,2,True,True,0.0,h2_first,"2570,772,771","TLS 1.3,TLS 1.2",2,True,True,True,False,0.0,TLS1.3+TLS1.2,True,15,True,0.0,"2570,4865,4866,4867,49195,49199,49196,49200,52393,52392,49171,49172,156,157,47,53",TLS_AES_128_GCM_SHA256_TLS_AES_256_GCM_SHA384_TLS_CHACHA20_POLY1305_SHA256_ECDHE-ECDSA-AES128-GCM_ECDHE-RSA-AES128-GCM_ECDHE-ECDSA-AES256-GCM_ECDHE-RSA-AES256-GCM_ECDHE-ECDSA-CHACHA20_ECDHE-RSA-CHACHA20_ECDHE-RSA-AES128-CBC_ECDHE-RSA-AES256-CBC_RSA-AES128-GCM_RSA-AES256-GCM_RSA-AES128-CBC_RSA-AES256-CBC,4,True,0.0,"2570,25497,29,23,24",x25519Kyber768_x25519_secp256r1_secp384r1,8,False,,"1027,2052,1025,1283,2053,1281,2054,1537",ecdsa_secp256r1_sha256_rsa_pss_rsae_sha256_rsa_pkcs1_sha256_ecdsa_secp384r1_sha384_rsa_pss_rsae_sha384_rsa_pkcs1_sha384_rsa_pss_rsae_sha512_rsa_pkcs1_sha512,True,t13d1516h2,8daaf6152771,02713d6af862,t,13,d,15,16,h2,"1:65536;2:0;4:6291456;6:262144|15663105|1:1:0:256,3:1:0:220,5:1:0:256,7:1:5:110,9:1:7:110,11:1:9:110,13:1:0:110,15:1:0:256,17:1:0:110,19:1:17:110,21:1:0:256,23:1:21:110,25:1:23:110,27:1:25:110,29:1:0:256,31:1:29:110,33:1:31:110,35:1:33:110,37:1:0:256,39:1:37:110,41:1:39:110,43:1:41:110,45:1:0:256,47:1:45:110,49:1:47:110|m,a,s,p",1:65536;2:0;4:6291456;6:262144,15663105.0,"1:1:0:256,3:1:0:220,5:1:0:256,7:1:5:110,9:1:7:110,11:1:9:110,13:1:0:110,15:1:0:256,17:1:0:110,19:1:17:110,21:1:0:256,23:1:21:110,25:1:23:110,27:1:25:110,29:1:0:256,31:1:29:110,33:1:31:110,35:1:33:110,37:1:0:256,39:1:37:110,41:1:39:110,43:1:41:110,45:1:0:256,47:1:45:110,49:1:47:110","m,a,s,p",25.0,65536.0,0.0,,6291456.0,,262144.0,":method,:authority,:scheme,:path"
trial-003,ca953e1b-1ead-4be0-9847-b88a6a1a7b6f,2026-04-19 16:26:19.416772195+00:00,205.172.168.145,POST,/collect,HTTP/2.0,0.229,TLS 1.3,h2,TLS_AES_128_GCM_SHA256,uxbehaviorsuite.com,True,584896a70441da74f65dc4069733231a,t13d1516h2_8daaf6152771_02713d6af862,"h2,http/1.1",h2,2,True,True,0.0,h2_first,"2570,772,771","TLS 1.3,TLS 1.2",2,True,True,True,False,0.0,TLS1.3+TLS1.2,True,15,True,0.0,"2570,4865,4866,4867,49195,49199,49196,49200,52393,52392,49171,49172,156,157,47,53",TLS_AES_128_GCM_SHA256_TLS_AES_256_GCM_SHA384_TLS_CHACHA20_POLY1305_SHA256_ECDHE-ECDSA-AES128-GCM_ECDHE-RSA-AES128-GCM_ECDHE-ECDSA-AES256-GCM_ECDHE-RSA-AES256-GCM_ECDHE-ECDSA-CHACHA20_ECDHE-RSA-CHACHA20_ECDHE-RSA-AES128-CBC_ECDHE-RSA-AES256-CBC_RSA-AES128-GCM_RSA-AES256-GCM_RSA-AES128-CBC_RSA-AES256-CBC,4,True,0.0,"2570,25497,29,23,24",x25519Kyber768_x25519_secp256r1_secp384r1,8,False,,"1027,2052,1025,1283,2053,1281,2054,1537",ecdsa_secp256r1_sha256_rsa_pss_rsae_sha256_rsa_pkcs1_sha256_ecdsa_secp384r1_sha384_rsa_pss_rsae_sha384_rsa_pkcs1_sha384_rsa_pss_rsae_sha512_rsa_pkcs1_sha512,True,t13d1516h2,8daaf6152771,02713d6af862,t,13,d,15,16,h2,"1:65536;2:0;4:6291456;6:262144|15663105|1:1:0:256,3:1:0:220,5:1:0:256,7:1:5:110,9:1:7:110,11:1:9:110,13:1:0:110,15:1:0:256,17:1:0:110,19:1:17:110,21:1:0:256,23:1:21:110,25:1:23:110,27:1:25:110,29:1:0:256,31:1:29:110,33:1:31:110,35:1:33:110,37:1:0:256,39:1:37:110,41:1:39:110,43:1:41:110,45:1:0:256,47:1:45:110,49:1:47:110,51:1:49:110|m,a,s,p",1:65536;2:0;4:6291456;6:262144,15663105.0,"1:1:0:256,3:1:0:220,5:1:0:256,7:1:5:110,9:1:7:110,11:1:9:110,13:1:0:110,15:1:0:256,17:1:0:110,19:1:17:110,21:1:0:256,23:1:21:110,25:1:23:110,27:1:25:110,29:1:0:256,31:1:29:110,33:1:31:110,35:1:33:110,37:1:0:256,39:1:37:110,41:1:39:110,43:1:41:110,45:1:0:256,47:1:45:110,49:1:47:110,51:1:49:110","m,a,s,p",26.0,65536.0,0.0,,6291456.0,,262144.0,":method,:authority,:scheme,:path"
trial-004,e9333313-0082-467d-9591-f79166f06ab5,2026-04-19 16:32:16.997530165+00:00,205.172.168.145,GET,/subscribe-v1.html,HTTP/2.0,0.363,TLS 1.3,h2,TLS_AES_128_GCM_SHA256,uxbehaviorsuite.com,True,c0f3df622bf8bb6bb507db98b3943fd5,t13d1516h2_8daaf6152771_02713d6af862,"h2,http/1.1",h2,2,True,True,0.0,h2_first,"2570,772,771","TLS 1.3,TLS 1.2",2,True,True,True,False,0.0,TLS1.3+TLS1.2,True,15,True,0.0,"2570,4865,4866,4867,49195,49199,49196,49200,52393,52392,49171,49172,156,157,47,53",TLS_AES_128_GCM_SHA256_TLS_AES_256_GCM_SHA384_TLS_CHACHA20_POLY1305_SHA256_ECDHE-ECDSA-AES128-GCM_ECDHE-RSA-AES128-GCM_ECDHE-ECDSA-AES256-GCM_ECDHE-RSA-AES256-GCM_ECDHE-ECDSA-CHACHA20_ECDHE-RSA-CHACHA20_ECDHE-RSA-AES128-CBC_ECDHE-RSA-AES256-CBC_RSA-AES128-GCM_RSA-AES256-GCM_RSA-AES128-CBC_RSA-AES256-CBC,4,True,0.0,"2570,25497,29,23,24",x25519Kyber768_x25519_secp256r1_secp384r1,8,False,,"1027,2052,1025,1283,2053,1281,2054,1537",ecdsa_secp256r1_sha256_rsa_pss_rsae_sha256_rsa_pkcs1_sha256_ecdsa_secp384r1_sha384_rsa_pss_rsae_sha384_rsa_pkcs1_sha384_rsa_pss_rsae_sha512_rsa_pkcs1_sha512,True,t13d1516h2,8daaf6152771,02713d6af862,t,13,d,15,16,h2,"1:65536;2:0;4:6291456;6:262144|15663105|1:1:0:256|m,a,s,p",1:65536;2:0;4:6291456;6:262144,15663105.0,1:1:0:256,"m,a,s,p",1.0,65536.0,0.0,,6291456.0,,262144.0,":method,:authority,:scheme,:path"
trial-004,04a1d133-c4b8-4c39-88c8-419b726869ec,2026-04-19 16:32:17.036264390+00:00,205.172.168.145,GET,/logger.js,HTTP/2.0,0.43,TLS 1.3,h2,TLS_AES_128_GCM_SHA256,uxbehaviorsuite.com,True,c0f3df622bf8bb6bb507db98b3943fd5,t13d1516h2_8daaf6152771_02713d6af862,"h2,http/1.1",h2,2,True,True,0.0,h2_first,"2570,772,771","TLS 1.3,TLS 1.2",2,True,True,True,False,0.0,TLS1.3+TLS1.2,True,15,True,0.0,"2570,4865,4866,4867,49195,49199,49196,49200,52393,52392,49171,49172,156,157,47,53",TLS_AES_128_GCM_SHA256_TLS_AES_256_GCM_SHA384_TLS_CHACHA20_POLY1305_SHA256_ECDHE-ECDSA-AES128-GCM_ECDHE-RSA-AES128-GCM_ECDHE-ECDSA-AES256-GCM_ECDHE-RSA-AES256-GCM_ECDHE-ECDSA-CHACHA20_ECDHE-RSA-CHACHA20_ECDHE-RSA-AES128-CBC_ECDHE-RSA-AES256-CBC_RSA-AES128-GCM_RSA-AES256-GCM_RSA-AES128-CBC_RSA-AES256-CBC,4,True,0.0,"2570,25497,29,23,24",x25519Kyber768_x25519_secp256r1_secp384r1,8,False,,"1027,2052,1025,1283,2053,1281,2054,1537",ecdsa_secp256r1_sha256_rsa_pss_rsae_sha256_rsa_pkcs1_sha256_ecdsa_secp384r1_sha384_rsa_pss_rsae_sha384_rsa_pkcs1_sha384_rsa_pss_rsae_sha512_rsa_pkcs1_sha512,True,t13d1516h2,8daaf6152771,02713d6af862,t,13,d,15,16,h2,"1:65536;2:0;4:6291456;6:262144|15663105|1:1:0:256,3:1:0:220|m,a,s,p",1:65536;2:0;4:6291456;6:262144,15663105.0,"1:1:0:256,3:1:0:220","m,a,s,p",2.0,65536.0,0.0,,6291456.0,,262144.0,":method,:authority,:scheme,:path"
trial-004,1e5346b9-0989-486a-95c1-772199debe63,2026-04-19 16:33:17.939221080+00:00,205.172.168.145,GET,/subscribe-v2.html,HTTP/2.0,0.418,TLS 1.3,h2,TLS_AES_128_GCM_SHA256,uxbehaviorsuite.com,True,c0f3df622bf8bb6bb507db98b3943fd5,t13d1516h2_8daaf6152771_02713d6af862,"h2,http/1.1",h2,2,True,True,0.0,h2_first,"2570,772,771","TLS 1.3,TLS 1.2",2,True,True,True,False,0.0,TLS1.3+TLS1.2,True,15,True,0.0,"2570,4865,4866,4867,49195,49199,49196,49200,52393,52392,49171,49172,156,157,47,53",TLS_AES_128_GCM_SHA256_TLS_AES_256_GCM_SHA384_TLS_CHACHA20_POLY1305_SHA256_ECDHE-ECDSA-AES128-GCM_ECDHE-RSA-AES128-GCM_ECDHE-ECDSA-AES256-GCM_ECDHE-RSA-AES256-GCM_ECDHE-ECDSA-CHACHA20_ECDHE-RSA-CHACHA20_ECDHE-RSA-AES128-CBC_ECDHE-RSA-AES256-CBC_RSA-AES128-GCM_RSA-AES256-GCM_RSA-AES128-CBC_RSA-AES256-CBC,4,True,0.0,"2570,25497,29,23,24",x25519Kyber768_x25519_secp256r1_secp384r1,8,False,,"1027,2052,1025,1283,2053,1281,2054,1537",ecdsa_secp256r1_sha256_rsa_pss_rsae_sha256_rsa_pkcs1_sha256_ecdsa_secp384r1_sha384_rsa_pss_rsae_sha384_rsa_pkcs1_sha384_rsa_pss_rsae_sha512_rsa_pkcs1_sha512,True,t13d1516h2,8daaf6152771,02713d6af862,t,13,d,15,16,h2,"1:65536;2:0;4:6291456;6:262144|15663105|1:1:0:256,3:1:0:220,5:1:0:256,7:1:5:110|m,a,s,p",1:65536;2:0;4:6291456;6:262144,15663105.0,"1:1:0:256,3:1:0:220,5:1:0:256,7:1:5:110","m,a,s,p",4.0,65536.0,0.0,,6291456.0,,262144.0,":method,:authority,:scheme,:path"
trial-004,6e2d75c3-ba85-4453-83a6-d410873641c8,2026-04-19 16:33:17.939363770+00:00,205.172.168.145,POST,/collect,HTTP/2.0,0.888,TLS 1.3,h2,TLS_AES_128_GCM_SHA256,uxbehaviorsuite.com,True,c0f3df622bf8bb6bb507db98b3943fd5,t13d1516h2_8daaf6152771_02713d6af862,"h2,http/1.1",h2,2,True,True,0.0,h2_first,"2570,772,771","TLS 1.3,TLS 1.2",2,True,True,True,False,0.0,TLS1.3+TLS1.2,True,15,True,0.0,"2570,4865,4866,4867,49195,49199,49196,49200,52393,52392,49171,49172,156,157,47,53",TLS_AES_128_GCM_SHA256_TLS_AES_256_GCM_SHA384_TLS_CHACHA20_POLY1305_SHA256_ECDHE-ECDSA-AES128-GCM_ECDHE-RSA-AES128-GCM_ECDHE-ECDSA-AES256-GCM_ECDHE-RSA-AES256-GCM_ECDHE-ECDSA-CHACHA20_ECDHE-RSA-CHACHA20_ECDHE-RSA-AES128-CBC_ECDHE-RSA-AES256-CBC_RSA-AES128-GCM_RSA-AES256-GCM_RSA-AES128-CBC_RSA-AES256-CBC,4,True,0.0,"2570,25497,29,23,24",x25519Kyber768_x25519_secp256r1_secp384r1,8,False,,"1027,2052,1025,1283,2053,1281,2054,1537",ecdsa_secp256r1_sha256_rsa_pss_rsae_sha256_rsa_pkcs1_sha256_ecdsa_secp384r1_sha384_rsa_pss_rsae_sha384_rsa_pkcs1_sha384_rsa_pss_rsae_sha512_rsa_pkcs1_sha512,True,t13d1516h2,8daaf6152771,02713d6af862,t,13,d,15,16,h2,"1:65536;2:0;4:6291456;6:262144|15663105|1:1:0:256,3:1:0:220,5:1:0:256,7:1:5:110|m,a,s,p",1:65536;2:0;4:6291456;6:262144,15663105.0,"1:1:0:256,3:1:0:220,5:1:0:256,7:1:5:110","m,a,s,p",4.0,65536.0,0.0,,6291456.0,,262144.0,":method,:authority,:scheme,:path"
trial-004,6addf956-4d64-40fd-9368-c62d03273e9a,2026-04-19 16:33:17.961368039+00:00,205.172.168.145,POST,/collect,HTTP/2.0,0.237,TLS 1.3,h2,TLS_AES_128_GCM_SHA256,uxbehaviorsuite.com,True,c0f3df622bf8bb6bb507db98b3943fd5,t13d1516h2_8daaf6152771_02713d6af862,"h2,http/1.1",h2,2,True,True,0.0,h2_first,"2570,772,771","TLS 1.3,TLS 1.2",2,True,True,True,False,0.0,TLS1.3+TLS1.2,True,15,True,0.0,"2570,4865,4866,4867,49195,49199,49196,49200,52393,52392,49171,49172,156,157,47,53",TLS_AES_128_GCM_SHA256_TLS_AES_256_GCM_SHA384_TLS_CHACHA20_POLY1305_SHA256_ECDHE-ECDSA-AES128-GCM_ECDHE-RSA-AES128-GCM_ECDHE-ECDSA-AES256-GCM_ECDHE-RSA-AES256-GCM_ECDHE-ECDSA-CHACHA20_ECDHE-RSA-CHACHA20_ECDHE-RSA-AES128-CBC_ECDHE-RSA-AES256-CBC_RSA-AES128-GCM_RSA-AES256-GCM_RSA-AES128-CBC_RSA-AES256-CBC,4,True,0.0,"2570,25497,29,23,24",x25519Kyber768_x25519_secp256r1_secp384r1,8,False,,"1027,2052,1025,1283,2053,1281,2054,1537",ecdsa_secp256r1_sha256_rsa_pss_rsae_sha256_rsa_pkcs1_sha256_ecdsa_secp384r1_sha384_rsa_pss_rsae_sha384_rsa_pkcs1_sha384_rsa_pss_rsae_sha512_rsa_pkcs1_sha512,True,t13d1516h2,8daaf6152771,02713d6af862,t,13,d,15,16,h2,"1:65536;2:0;4:6291456;6:262144|15663105|1:1:0:256,3:1:0:220,5:1:0:256,7:1:5:110,9:1:7:110|m,a,s,p",1:65536;2:0;4:6291456;6:262144,15663105.0,"1:1:0:256,3:1:0:220,5:1:0:256,7:1:5:110,9:1:7:110","m,a,s,p",5.0,65536.0,0.0,,6291456.0,,262144.0,":method,:authority,:scheme,:path"
trial-004,f832cb15-7f08-406c-a82a-99bbeca8c07b,2026-04-19 16:33:17.963243181+00:00,205.172.168.145,POST,/collect,HTTP/2.0,0.221,TLS 1.3,h2,TLS_AES_128_GCM_SHA256,uxbehaviorsuite.com,True,c0f3df622bf8bb6bb507db98b3943fd5,t13d1516h2_8daaf6152771_02713d6af862,"h2,http/1.1",h2,2,True,True,0.0,h2_first,"2570,772,771","TLS 1.3,TLS 1.2",2,True,True,True,False,0.0,TLS1.3+TLS1.2,True,15,True,0.0,"2570,4865,4866,4867,49195,49199,49196,49200,52393,52392,49171,49172,156,157,47,53",TLS_AES_128_GCM_SHA256_TLS_AES_256_GCM_SHA384_TLS_CHACHA20_POLY1305_SHA256_ECDHE-ECDSA-AES128-GCM_ECDHE-RSA-AES128-GCM_ECDHE-ECDSA-AES256-GCM_ECDHE-RSA-AES256-GCM_ECDHE-ECDSA-CHACHA20_ECDHE-RSA-CHACHA20_ECDHE-RSA-AES128-CBC_ECDHE-RSA-AES256-CBC_RSA-AES128-GCM_RSA-AES256-GCM_RSA-AES128-CBC_RSA-AES256-CBC,4,True,0.0,"2570,25497,29,23,24",x25519Kyber768_x25519_secp256r1_secp384r1,8,False,,"1027,2052,1025,1283,2053,1281,2054,1537",ecdsa_secp256r1_sha256_rsa_pss_rsae_sha256_rsa_pkcs1_sha256_ecdsa_secp384r1_sha384_rsa_pss_rsae_sha384_rsa_pkcs1_sha384_rsa_pss_rsae_sha512_rsa_pkcs1_sha512,True,t13d1516h2,8daaf6152771,02713d6af862,t,13,d,15,16,h2,"1:65536;2:0;4:6291456;6:262144|15663105|1:1:0:256,3:1:0:220,5:1:0:256,7:1:5:110,9:1:7:110,11:1:9:110|m,a,s,p",1:65536;2:0;4:6291456;6:262144,15663105.0,"1:1:0:256,3:1:0:220,5:1:0:256,7:1:5:110,9:1:7:110,11:1:9:110","m,a,s,p",6.0,65536.0,0.0,,6291456.0,,262144.0,":method,:authority,:scheme,:path"
trial-004,18787a98-eacb-4186-a761-e7841f250e3d,2026-04-19 16:34:43.784655054+00:00,205.172.168.145,GET,/subscribe-v3.html,HTTP/2.0,0.496,TLS 1.3,h2,TLS_AES_128_GCM_SHA256,uxbehaviorsuite.com,True,c0f3df622bf8bb6bb507db98b3943fd5,t13d1516h2_8daaf6152771_02713d6af862,"h2,http/1.1",h2,2,True,True,0.0,h2_first,"2570,772,771","TLS 1.3,TLS 1.2",2,True,True,True,False,0.0,TLS1.3+TLS1.2,True,15,True,0.0,"2570,4865,4866,4867,49195,49199,49196,49200,52393,52392,49171,49172,156,157,47,53",TLS_AES_128_GCM_SHA256_TLS_AES_256_GCM_SHA384_TLS_CHACHA20_POLY1305_SHA256_ECDHE-ECDSA-AES128-GCM_ECDHE-RSA-AES128-GCM_ECDHE-ECDSA-AES256-GCM_ECDHE-RSA-AES256-GCM_ECDHE-ECDSA-CHACHA20_ECDHE-RSA-CHACHA20_ECDHE-RSA-AES128-CBC_ECDHE-RSA-AES256-CBC_RSA-AES128-GCM_RSA-AES256-GCM_RSA-AES128-CBC_RSA-AES256-CBC,4,True,0.0,"2570,25497,29,23,24",x25519Kyber768_x25519_secp256r1_secp384r1,8,False,,"1027,2052,1025,1283,2053,1281,2054,1537",ecdsa_secp256r1_sha256_rsa_pss_rsae_sha256_rsa_pkcs1_sha256_ecdsa_secp384r1_sha384_rsa_pss_rsae_sha384_rsa_pkcs1_sha384_rsa_pss_rsae_sha512_rsa_pkcs1_sha512,True,t13d1516h2,8daaf6152771,02713d6af862,t,13,d,15,16,h2,"1:65536;2:0;4:6291456;6:262144|15663105|1:1:0:256,3:1:0:220,5:1:0:256,7:1:5:110,9:1:7:110,11:1:9:110,13:1:0:256,15:1:13:110|m,a,s,p",1:65536;2:0;4:6291456;6:262144,15663105.0,"1:1:0:256,3:1:0:220,5:1:0:256,7:1:5:110,9:1:7:110,11:1:9:110,13:1:0:256,15:1:13:110","m,a,s,p",8.0,65536.0,0.0,,6291456.0,,262144.0,":method,:authority,:scheme,:path"
trial-004,66a39f2e-2dd1-4ada-87e7-ccc8b3654e25,2026-04-19 16:34:43.784746575+00:00,205.172.168.145,POST,/collect,HTTP/2.0,0.533,TLS 1.3,h2,TLS_AES_128_GCM_SHA256,uxbehaviorsuite.com,True,c0f3df622bf8bb6bb507db98b3943fd5,t13d1516h2_8daaf6152771_02713d6af862,"h2,http/1.1",h2,2,True,True,0.0,h2_first,"2570,772,771","TLS 1.3,TLS 1.2",2,True,True,True,False,0.0,TLS1.3+TLS1.2,True,15,True,0.0,"2570,4865,4866,4867,49195,49199,49196,49200,52393,52392,49171,49172,156,157,47,53",TLS_AES_128_GCM_SHA256_TLS_AES_256_GCM_SHA384_TLS_CHACHA20_POLY1305_SHA256_ECDHE-ECDSA-AES128-GCM_ECDHE-RSA-AES128-GCM_ECDHE-ECDSA-AES256-GCM_ECDHE-RSA-AES256-GCM_ECDHE-ECDSA-CHACHA20_ECDHE-RSA-CHACHA20_ECDHE-RSA-AES128-CBC_ECDHE-RSA-AES256-CBC_RSA-AES128-GCM_RSA-AES256-GCM_RSA-AES128-CBC_RSA-AES256-CBC,4,True,0.0,"2570,25497,29,23,24",x25519Kyber768_x25519_secp256r1_secp384r1,8,False,,"1027,2052,1025,1283,2053,1281,2054,1537",ecdsa_secp256r1_sha256_rsa_pss_rsae_sha256_rsa_pkcs1_sha256_ecdsa_secp384r1_sha384_rsa_pss_rsae_sha384_rsa_pkcs1_sha384_rsa_pss_rsae_sha512_rsa_pkcs1_sha512,True,t13d1516h2,8daaf6152771,02713d6af862,t,13,d,15,16,h2,"1:65536;2:0;4:6291456;6:262144|15663105|1:1:0:256,3:1:0:220,5:1:0:256,7:1:5:110,9:1:7:110,11:1:9:110,13:1:0:256,15:1:13:110|m,a,s,p",1:65536;2:0;4:6291456;6:262144,15663105.0,"1:1:0:256,3:1:0:220,5:1:0:256,7:1:5:110,9:1:7:110,11:1:9:110,13:1:0:256,15:1:13:110","m,a,s,p",8.0,65536.0,0.0,,6291456.0,,262144.0,":method,:authority,:scheme,:path"
trial-004,9bcb33c9-af2c-4e2b-b54a-61e0268e0f86,2026-04-19 16:34:43.807133879+00:00,205.172.168.145,POST,/collect,HTTP/2.0,0.179,TLS 1.3,h2,TLS_AES_128_GCM_SHA256,uxbehaviorsuite.com,True,c0f3df622bf8bb6bb507db98b3943fd5,t13d1516h2_8daaf6152771_02713d6af862,"h2,http/1.1",h2,2,True,True,0.0,h2_first,"2570,772,771","TLS 1.3,TLS 1.2",2,True,True,True,False,0.0,TLS1.3+TLS1.2,True,15,True,0.0,"2570,4865,4866,4867,49195,49199,49196,49200,52393,52392,49171,49172,156,157,47,53",TLS_AES_128_GCM_SHA256_TLS_AES_256_GCM_SHA384_TLS_CHACHA20_POLY1305_SHA256_ECDHE-ECDSA-AES128-GCM_ECDHE-RSA-AES128-GCM_ECDHE-ECDSA-AES256-GCM_ECDHE-RSA-AES256-GCM_ECDHE-ECDSA-CHACHA20_ECDHE-RSA-CHACHA20_ECDHE-RSA-AES128-CBC_ECDHE-RSA-AES256-CBC_RSA-AES128-GCM_RSA-AES256-GCM_RSA-AES128-CBC_RSA-AES256-CBC,4,True,0.0,"2570,25497,29,23,24",x25519Kyber768_x25519_secp256r1_secp384r1,8,False,,"1027,2052,1025,1283,2053,1281,2054,1537",ecdsa_secp256r1_sha256_rsa_pss_rsae_sha256_rsa_pkcs1_sha256_ecdsa_secp384r1_sha384_rsa_pss_rsae_sha384_rsa_pkcs1_sha384_rsa_pss_rsae_sha512_rsa_pkcs1_sha512,True,t13d1516h2,8daaf6152771,02713d6af862,t,13,d,15,16,h2,"1:65536;2:0;4:6291456;6:262144|15663105|1:1:0:256,3:1:0:220,5:1:0:256,7:1:5:110,9:1:7:110,11:1:9:110,13:1:0:256,15:1:13:110,17:1:15:110|m,a,s,p",1:65536;2:0;4:6291456;6:262144,15663105.0,"1:1:0:256,3:1:0:220,5:1:0:256,7:1:5:110,9:1:7:110,11:1:9:110,13:1:0:256,15:1:13:110,17:1:15:110","m,a,s,p",9.0,65536.0,0.0,,6291456.0,,262144.0,":method,:authority,:scheme,:path"
trial-004,26d3648d-dc21-4e35-aa46-5aa9480d14a6,2026-04-19 16:34:43.810189154+00:00,205.172.168.145,POST,/collect,HTTP/2.0,0.198,TLS 1.3,h2,TLS_AES_128_GCM_SHA256,uxbehaviorsuite.com,True,c0f3df622bf8bb6bb507db98b3943fd5,t13d1516h2_8daaf6152771_02713d6af862,"h2,http/1.1",h2,2,True,True,0.0,h2_first,"2570,772,771","TLS 1.3,TLS 1.2",2,True,True,True,False,0.0,TLS1.3+TLS1.2,True,15,True,0.0,"2570,4865,4866,4867,49195,49199,49196,49200,52393,52392,49171,49172,156,157,47,53",TLS_AES_128_GCM_SHA256_TLS_AES_256_GCM_SHA384_TLS_CHACHA20_POLY1305_SHA256_ECDHE-ECDSA-AES128-GCM_ECDHE-RSA-AES128-GCM_ECDHE-ECDSA-AES256-GCM_ECDHE-RSA-AES256-GCM_ECDHE-ECDSA-CHACHA20_ECDHE-RSA-CHACHA20_ECDHE-RSA-AES128-CBC_ECDHE-RSA-AES256-CBC_RSA-AES128-GCM_RSA-AES256-GCM_RSA-AES128-CBC_RSA-AES256-CBC,4,True,0.0,"2570,25497,29,23,24",x25519Kyber768_x25519_secp256r1_secp384r1,8,False,,"1027,2052,1025,1283,2053,1281,2054,1537",ecdsa_secp256r1_sha256_rsa_pss_rsae_sha256_rsa_pkcs1_sha256_ecdsa_secp384r1_sha384_rsa_pss_rsae_sha384_rsa_pkcs1_sha384_rsa_pss_rsae_sha512_rsa_pkcs1_sha512,True,t13d1516h2,8daaf6152771,02713d6af862,t,13,d,15,16,h2,"1:65536;2:0;4:6291456;6:262144|15663105|1:1:0:256,3:1:0:220,5:1:0:256,7:1:5:110,9:1:7:110,11:1:9:110,13:1:0:256,15:1:13:110,17:1:15:110,19:1:17:110|m,a,s,p",1:65536;2:0;4:6291456;6:262144,15663105.0,"1:1:0:256,3:1:0:220,5:1:0:256,7:1:5:110,9:1:7:110,11:1:9:110,13:1:0:256,15:1:13:110,17:1:15:110,19:1:17:110","m,a,s,p",10.0,65536.0,0.0,,6291456.0,,262144.0,":method,:authority,:scheme,:path"
trial-004,5f6deb42-4f10-42e8-b4d9-055141056db0,2026-04-19 16:35:33.698193003+00:00,205.172.168.145,GET,/s2-scroll-gate.html,HTTP/2.0,0.78,TLS 1.3,h2,TLS_AES_128_GCM_SHA256,uxbehaviorsuite.com,True,c0f3df622bf8bb6bb507db98b3943fd5,t13d1516h2_8daaf6152771_02713d6af862,"h2,http/1.1",h2,2,True,True,0.0,h2_first,"2570,772,771","TLS 1.3,TLS 1.2",2,True,True,True,False,0.0,TLS1.3+TLS1.2,True,15,True,0.0,"2570,4865,4866,4867,49195,49199,49196,49200,52393,52392,49171,49172,156,157,47,53",TLS_AES_128_GCM_SHA256_TLS_AES_256_GCM_SHA384_TLS_CHACHA20_POLY1305_SHA256_ECDHE-ECDSA-AES128-GCM_ECDHE-RSA-AES128-GCM_ECDHE-ECDSA-AES256-GCM_ECDHE-RSA-AES256-GCM_ECDHE-ECDSA-CHACHA20_ECDHE-RSA-CHACHA20_ECDHE-RSA-AES128-CBC_ECDHE-RSA-AES256-CBC_RSA-AES128-GCM_RSA-AES256-GCM_RSA-AES128-CBC_RSA-AES256-CBC,4,True,0.0,"2570,25497,29,23,24",x25519Kyber768_x25519_secp256r1_secp384r1,8,False,,"1027,2052,1025,1283,2053,1281,2054,1537",ecdsa_secp256r1_sha256_rsa_pss_rsae_sha256_rsa_pkcs1_sha256_ecdsa_secp384r1_sha384_rsa_pss_rsae_sha384_rsa_pkcs1_sha384_rsa_pss_rsae_sha512_rsa_pkcs1_sha512,True,t13d1516h2,8daaf6152771,02713d6af862,t,13,d,15,16,h2,"1:65536;2:0;4:6291456;6:262144|15663105|1:1:0:256,3:1:0:220,5:1:0:256,7:1:5:110,9:1:7:110,11:1:9:110,13:1:0:256,15:1:13:110,17:1:15:110,19:1:17:110,21:1:0:256,23:1:21:110|m,a,s,p",1:65536;2:0;4:6291456;6:262144,15663105.0,"1:1:0:256,3:1:0:220,5:1:0:256,7:1:5:110,9:1:7:110,11:1:9:110,13:1:0:256,15:1:13:110,17:1:15:110,19:1:17:110,21:1:0:256,23:1:21:110","m,a,s,p",12.0,65536.0,0.0,,6291456.0,,262144.0,":method,:authority,:scheme,:path"
trial-004,f2546cbd-5038-40e9-bab5-8ad799f7962f,2026-04-19 16:35:33.698504403+00:00,205.172.168.145,POST,/collect,HTTP/2.0,0.522,TLS 1.3,h2,TLS_AES_128_GCM_SHA256,uxbehaviorsuite.com,True,c0f3df622bf8bb6bb507db98b3943fd5,t13d1516h2_8daaf6152771_02713d6af862,"h2,http/1.1",h2,2,True,True,0.0,h2_first,"2570,772,771","TLS 1.3,TLS 1.2",2,True,True,True,False,0.0,TLS1.3+TLS1.2,True,15,True,0.0,"2570,4865,4866,4867,49195,49199,49196,49200,52393,52392,49171,49172,156,157,47,53",TLS_AES_128_GCM_SHA256_TLS_AES_256_GCM_SHA384_TLS_CHACHA20_POLY1305_SHA256_ECDHE-ECDSA-AES128-GCM_ECDHE-RSA-AES128-GCM_ECDHE-ECDSA-AES256-GCM_ECDHE-RSA-AES256-GCM_ECDHE-ECDSA-CHACHA20_ECDHE-RSA-CHACHA20_ECDHE-RSA-AES128-CBC_ECDHE-RSA-AES256-CBC_RSA-AES128-GCM_RSA-AES256-GCM_RSA-AES128-CBC_RSA-AES256-CBC,4,True,0.0,"2570,25497,29,23,24",x25519Kyber768_x25519_secp256r1_secp384r1,8,False,,"1027,2052,1025,1283,2053,1281,2054,1537",ecdsa_secp256r1_sha256_rsa_pss_rsae_sha256_rsa_pkcs1_sha256_ecdsa_secp384r1_sha384_rsa_pss_rsae_sha384_rsa_pkcs1_sha384_rsa_pss_rsae_sha512_rsa_pkcs1_sha512,True,t13d1516h2,8daaf6152771,02713d6af862,t,13,d,15,16,h2,"1:65536;2:0;4:6291456;6:262144|15663105|1:1:0:256,3:1:0:220,5:1:0:256,7:1:5:110,9:1:7:110,11:1:9:110,13:1:0:256,15:1:13:110,17:1:15:110,19:1:17:110,21:1:0:256,23:1:21:110|m,a,s,p",1:65536;2:0;4:6291456;6:262144,15663105.0,"1:1:0:256,3:1:0:220,5:1:0:256,7:1:5:110,9:1:7:110,11:1:9:110,13:1:0:256,15:1:13:110,17:1:15:110,19:1:17:110,21:1:0:256,23:1:21:110","m,a,s,p",12.0,65536.0,0.0,,6291456.0,,262144.0,":method,:authority,:scheme,:path"
trial-004,63d606e3-2fff-40dd-b323-8fba7d103f99,2026-04-19 16:35:33.720956659+00:00,205.172.168.145,POST,/collect,HTTP/2.0,0.28,TLS 1.3,h2,TLS_AES_128_GCM_SHA256,uxbehaviorsuite.com,True,c0f3df622bf8bb6bb507db98b3943fd5,t13d1516h2_8daaf6152771_02713d6af862,"h2,http/1.1",h2,2,True,True,0.0,h2_first,"2570,772,771","TLS 1.3,TLS 1.2",2,True,True,True,False,0.0,TLS1.3+TLS1.2,True,15,True,0.0,"2570,4865,4866,4867,49195,49199,49196,49200,52393,52392,49171,49172,156,157,47,53",TLS_AES_128_GCM_SHA256_TLS_AES_256_GCM_SHA384_TLS_CHACHA20_POLY1305_SHA256_ECDHE-ECDSA-AES128-GCM_ECDHE-RSA-AES128-GCM_ECDHE-ECDSA-AES256-GCM_ECDHE-RSA-AES256-GCM_ECDHE-ECDSA-CHACHA20_ECDHE-RSA-CHACHA20_ECDHE-RSA-AES128-CBC_ECDHE-RSA-AES256-CBC_RSA-AES128-GCM_RSA-AES256-GCM_RSA-AES128-CBC_RSA-AES256-CBC,4,True,0.0,"2570,25497,29,23,24",x25519Kyber768_x25519_secp256r1_secp384r1,8,False,,"1027,2052,1025,1283,2053,1281,2054,1537",ecdsa_secp256r1_sha256_rsa_pss_rsae_sha256_rsa_pkcs1_sha256_ecdsa_secp384r1_sha384_rsa_pss_rsae_sha384_rsa_pkcs1_sha384_rsa_pss_rsae_sha512_rsa_pkcs1_sha512,True,t13d1516h2,8daaf6152771,02713d6af862,t,13,d,15,16,h2,"1:65536;2:0;4:6291456;6:262144|15663105|1:1:0:256,3:1:0:220,5:1:0:256,7:1:5:110,9:1:7:110,11:1:9:110,13:1:0:256,15:1:13:110,17:1:15:110,19:1:17:110,21:1:0:256,23:1:21:110,25:1:23:110|m,a,s,p",1:65536;2:0;4:6291456;6:262144,15663105.0,"1:1:0:256,3:1:0:220,5:1:0:256,7:1:5:110,9:1:7:110,11:1:9:110,13:1:0:256,15:1:13:110,17:1:15:110,19:1:17:110,21:1:0:256,23:1:21:110,25:1:23:110","m,a,s,p",13.0,65536.0,0.0,,6291456.0,,262144.0,":method,:authority,:scheme,:path"
trial-004,f940cb05-8347-4508-a4de-1b60692d780c,2026-04-19 16:35:33.723245647+00:00,205.172.168.145,POST,/collect,HTTP/2.0,0.198,TLS 1.3,h2,TLS_AES_128_GCM_SHA256,uxbehaviorsuite.com,True,c0f3df622bf8bb6bb507db98b3943fd5,t13d1516h2_8daaf6152771_02713d6af862,"h2,http/1.1",h2,2,True,True,0.0,h2_first,"2570,772,771","TLS 1.3,TLS 1.2",2,True,True,True,False,0.0,TLS1.3+TLS1.2,True,15,True,0.0,"2570,4865,4866,4867,49195,49199,49196,49200,52393,52392,49171,49172,156,157,47,53",TLS_AES_128_GCM_SHA256_TLS_AES_256_GCM_SHA384_TLS_CHACHA20_POLY1305_SHA256_ECDHE-ECDSA-AES128-GCM_ECDHE-RSA-AES128-GCM_ECDHE-ECDSA-AES256-GCM_ECDHE-RSA-AES256-GCM_ECDHE-ECDSA-CHACHA20_ECDHE-RSA-CHACHA20_ECDHE-RSA-AES128-CBC_ECDHE-RSA-AES256-CBC_RSA-AES128-GCM_RSA-AES256-GCM_RSA-AES128-CBC_RSA-AES256-CBC,4,True,0.0,"2570,25497,29,23,24",x25519Kyber768_x25519_secp256r1_secp384r1,8,False,,"1027,2052,1025,1283,2053,1281,2054,1537",ecdsa_secp256r1_sha256_rsa_pss_rsae_sha256_rsa_pkcs1_sha256_ecdsa_secp384r1_sha384_rsa_pss_rsae_sha384_rsa_pkcs1_sha384_rsa_pss_rsae_sha512_rsa_pkcs1_sha512,True,t13d1516h2,8daaf6152771,02713d6af862,t,13,d,15,16,h2,"1:65536;2:0;4:6291456;6:262144|15663105|1:1:0:256,3:1:0:220,5:1:0:256,7:1:5:110,9:1:7:110,11:1:9:110,13:1:0:256,15:1:13:110,17:1:15:110,19:1:17:110,21:1:0:256,23:1:21:110,25:1:23:110,27:1:25:110|m,a,s,p",1:65536;2:0;4:6291456;6:262144,15663105.0,"1:1:0:256,3:1:0:220,5:1:0:256,7:1:5:110,9:1:7:110,11:1:9:110,13:1:0:256,15:1:13:110,17:1:15:110,19:1:17:110,21:1:0:256,23:1:21:110,25:1:23:110,27:1:25:110","m,a,s,p",14.0,65536.0,0.0,,6291456.0,,262144.0,":method,:authority,:scheme,:path"
trial-004,5bc9b0d7-9aef-44f5-8b34-c7c17cf3f3ee,2026-04-19 16:36:28.837631602+00:00,205.172.168.145,GET,/s3-hover-reveal.html,HTTP/2.0,0.538,TLS 1.3,h2,TLS_AES_128_GCM_SHA256,uxbehaviorsuite.com,True,c0f3df622bf8bb6bb507db98b3943fd5,t13d1516h2_8daaf6152771_02713d6af862,"h2,http/1.1",h2,2,True,True,0.0,h2_first,"2570,772,771","TLS 1.3,TLS 1.2",2,True,True,True,False,0.0,TLS1.3+TLS1.2,True,15,True,0.0,"2570,4865,4866,4867,49195,49199,49196,49200,52393,52392,49171,49172,156,157,47,53",TLS_AES_128_GCM_SHA256_TLS_AES_256_GCM_SHA384_TLS_CHACHA20_POLY1305_SHA256_ECDHE-ECDSA-AES128-GCM_ECDHE-RSA-AES128-GCM_ECDHE-ECDSA-AES256-GCM_ECDHE-RSA-AES256-GCM_ECDHE-ECDSA-CHACHA20_ECDHE-RSA-CHACHA20_ECDHE-RSA-AES128-CBC_ECDHE-RSA-AES256-CBC_RSA-AES128-GCM_RSA-AES256-GCM_RSA-AES128-CBC_RSA-AES256-CBC,4,True,0.0,"2570,25497,29,23,24",x25519Kyber768_x25519_secp256r1_secp384r1,8,False,,"1027,2052,1025,1283,2053,1281,2054,1537",ecdsa_secp256r1_sha256_rsa_pss_rsae_sha256_rsa_pkcs1_sha256_ecdsa_secp384r1_sha384_rsa_pss_rsae_sha384_rsa_pkcs1_sha384_rsa_pss_rsae_sha512_rsa_pkcs1_sha512,True,t13d1516h2,8daaf6152771,02713d6af862,t,13,d,15,16,h2,"1:65536;2:0;4:6291456;6:262144|15663105|1:1:0:256,3:1:0:220,5:1:0:256,7:1:5:110,9:1:7:110,11:1:9:110,13:1:0:256,15:1:13:110,17:1:15:110,19:1:17:110,21:1:0:256,23:1:21:110,25:1:23:110,27:1:25:110,29:1:0:256,31:1:29:110|m,a,s,p",1:65536;2:0;4:6291456;6:262144,15663105.0,"1:1:0:256,3:1:0:220,5:1:0:256,7:1:5:110,9:1:7:110,11:1:9:110,13:1:0:256,15:1:13:110,17:1:15:110,19:1:17:110,21:1:0:256,23:1:21:110,25:1:23:110,27:1:25:110,29:1:0:256,31:1:29:110","m,a,s,p",16.0,65536.0,0.0,,6291456.0,,262144.0,":method,:authority,:scheme,:path"
trial-004,26ea3b1f-8b45-4aef-8c3e-a05831fc4ec4,2026-04-19 16:36:28.837725105+00:00,205.172.168.145,POST,/collect,HTTP/2.0,0.419,TLS 1.3,h2,TLS_AES_128_GCM_SHA256,uxbehaviorsuite.com,True,c0f3df622bf8bb6bb507db98b3943fd5,t13d1516h2_8daaf6152771_02713d6af862,"h2,http/1.1",h2,2,True,True,0.0,h2_first,"2570,772,771","TLS 1.3,TLS 1.2",2,True,True,True,False,0.0,TLS1.3+TLS1.2,True,15,True,0.0,"2570,4865,4866,4867,49195,49199,49196,49200,52393,52392,49171,49172,156,157,47,53",TLS_AES_128_GCM_SHA256_TLS_AES_256_GCM_SHA384_TLS_CHACHA20_POLY1305_SHA256_ECDHE-ECDSA-AES128-GCM_ECDHE-RSA-AES128-GCM_ECDHE-ECDSA-AES256-GCM_ECDHE-RSA-AES256-GCM_ECDHE-ECDSA-CHACHA20_ECDHE-RSA-CHACHA20_ECDHE-RSA-AES128-CBC_ECDHE-RSA-AES256-CBC_RSA-AES128-GCM_RSA-AES256-GCM_RSA-AES128-CBC_RSA-AES256-CBC,4,True,0.0,"2570,25497,29,23,24",x25519Kyber768_x25519_secp256r1_secp384r1,8,False,,"1027,2052,1025,1283,2053,1281,2054,1537",ecdsa_secp256r1_sha256_rsa_pss_rsae_sha256_rsa_pkcs1_sha256_ecdsa_secp384r1_sha384_rsa_pss_rsae_sha384_rsa_pkcs1_sha384_rsa_pss_rsae_sha512_rsa_pkcs1_sha512,True,t13d1516h2,8daaf6152771,02713d6af862,t,13,d,15,16,h2,"1:65536;2:0;4:6291456;6:262144|15663105|1:1:0:256,3:1:0:220,5:1:0:256,7:1:5:110,9:1:7:110,11:1:9:110,13:1:0:256,15:1:13:110,17:1:15:110,19:1:17:110,21:1:0:256,23:1:21:110,25:1:23:110,27:1:25:110,29:1:0:256,31:1:29:110|m,a,s,p",1:65536;2:0;4:6291456;6:262144,15663105.0,"1:1:0:256,3:1:0:220,5:1:0:256,7:1:5:110,9:1:7:110,11:1:9:110,13:1:0:256,15:1:13:110,17:1:15:110,19:1:17:110,21:1:0:256,23:1:21:110,25:1:23:110,27:1:25:110,29:1:0:256,31:1:29:110","m,a,s,p",16.0,65536.0,0.0,,6291456.0,,262144.0,":method,:authority,:scheme,:path"
trial-004,69bdc860-bc88-4b8f-9dc1-423046a7e2f5,2026-04-19 16:36:28.860355127+00:00,205.172.168.145,POST,/collect,HTTP/2.0,0.242,TLS 1.3,h2,TLS_AES_128_GCM_SHA256,uxbehaviorsuite.com,True,c0f3df622bf8bb6bb507db98b3943fd5,t13d1516h2_8daaf6152771_02713d6af862,"h2,http/1.1",h2,2,True,True,0.0,h2_first,"2570,772,771","TLS 1.3,TLS 1.2",2,True,True,True,False,0.0,TLS1.3+TLS1.2,True,15,True,0.0,"2570,4865,4866,4867,49195,49199,49196,49200,52393,52392,49171,49172,156,157,47,53",TLS_AES_128_GCM_SHA256_TLS_AES_256_GCM_SHA384_TLS_CHACHA20_POLY1305_SHA256_ECDHE-ECDSA-AES128-GCM_ECDHE-RSA-AES128-GCM_ECDHE-ECDSA-AES256-GCM_ECDHE-RSA-AES256-GCM_ECDHE-ECDSA-CHACHA20_ECDHE-RSA-CHACHA20_ECDHE-RSA-AES128-CBC_ECDHE-RSA-AES256-CBC_RSA-AES128-GCM_RSA-AES256-GCM_RSA-AES128-CBC_RSA-AES256-CBC,4,True,0.0,"2570,25497,29,23,24",x25519Kyber768_x25519_secp256r1_secp384r1,8,False,,"1027,2052,1025,1283,2053,1281,2054,1537",ecdsa_secp256r1_sha256_rsa_pss_rsae_sha256_rsa_pkcs1_sha256_ecdsa_secp384r1_sha384_rsa_pss_rsae_sha384_rsa_pkcs1_sha384_rsa_pss_rsae_sha512_rsa_pkcs1_sha512,True,t13d1516h2,8daaf6152771,02713d6af862,t,13,d,15,16,h2,"1:65536;2:0;4:6291456;6:262144|15663105|1:1:0:256,3:1:0:220,5:1:0:256,7:1:5:110,9:1:7:110,11:1:9:110,13:1:0:256,15:1:13:110,17:1:15:110,19:1:17:110,21:1:0:256,23:1:21:110,25:1:23:110,27:1:25:110,29:1:0:256,31:1:29:110,33:1:31:110|m,a,s,p",1:65536;2:0;4:6291456;6:262144,15663105.0,"1:1:0:256,3:1:0:220,5:1:0:256,7:1:5:110,9:1:7:110,11:1:9:110,13:1:0:256,15:1:13:110,17:1:15:110,19:1:17:110,21:1:0:256,23:1:21:110,25:1:23:110,27:1:25:110,29:1:0:256,31:1:29:110,33:1:31:110","m,a,s,p",17.0,65536.0,0.0,,6291456.0,,262144.0,":method,:authority,:scheme,:path"
trial-004,9e3347c2-ce52-4ef3-8b5b-199e481d0403,2026-04-19 16:36:28.861711153+00:00,205.172.168.145,POST,/collect,HTTP/2.0,0.215,TLS 1.3,h2,TLS_AES_128_GCM_SHA256,uxbehaviorsuite.com,True,c0f3df622bf8bb6bb507db98b3943fd5,t13d1516h2_8daaf6152771_02713d6af862,"h2,http/1.1",h2,2,True,True,0.0,h2_first,"2570,772,771","TLS 1.3,TLS 1.2",2,True,True,True,False,0.0,TLS1.3+TLS1.2,True,15,True,0.0,"2570,4865,4866,4867,49195,49199,49196,49200,52393,52392,49171,49172,156,157,47,53",TLS_AES_128_GCM_SHA256_TLS_AES_256_GCM_SHA384_TLS_CHACHA20_POLY1305_SHA256_ECDHE-ECDSA-AES128-GCM_ECDHE-RSA-AES128-GCM_ECDHE-ECDSA-AES256-GCM_ECDHE-RSA-AES256-GCM_ECDHE-ECDSA-CHACHA20_ECDHE-RSA-CHACHA20_ECDHE-RSA-AES128-CBC_ECDHE-RSA-AES256-CBC_RSA-AES128-GCM_RSA-AES256-GCM_RSA-AES128-CBC_RSA-AES256-CBC,4,True,0.0,"2570,25497,29,23,24",x25519Kyber768_x25519_secp256r1_secp384r1,8,False,,"1027,2052,1025,1283,2053,1281,2054,1537",ecdsa_secp256r1_sha256_rsa_pss_rsae_sha256_rsa_pkcs1_sha256_ecdsa_secp384r1_sha384_rsa_pss_rsae_sha384_rsa_pkcs1_sha384_rsa_pss_rsae_sha512_rsa_pkcs1_sha512,True,t13d1516h2,8daaf6152771,02713d6af862,t,13,d,15,16,h2,"1:65536;2:0;4:6291456;6:262144|15663105|1:1:0:256,3:1:0:220,5:1:0:256,7:1:5:110,9:1:7:110,11:1:9:110,13:1:0:256,15:1:13:110,17:1:15:110,19:1:17:110,21:1:0:256,23:1:21:110,25:1:23:110,27:1:25:110,29:1:0:256,31:1:29:110,33:1:31:110,35:1:33:110|m,a,s,p",1:65536;2:0;4:6291456;6:262144,15663105.0,"1:1:0:256,3:1:0:220,5:1:0:256,7:1:5:110,9:1:7:110,11:1:9:110,13:1:0:256,15:1:13:110,17:1:15:110,19:1:17:110,21:1:0:256,23:1:21:110,25:1:23:110,27:1:25:110,29:1:0:256,31:1:29:110,33:1:31:110,35:1:33:110","m,a,s,p",18.0,65536.0,0.0,,6291456.0,,262144.0,":method,:authority,:scheme,:path"
trial-004,79c80c9f-5051-46a0-a271-709e38965e6c,2026-04-19 16:37:15.068139945+00:00,59.115.165.105,GET,/,HTTP/2.0,0.36,TLS 1.3,h2,TLS_AES_128_GCM_SHA256,uxbehaviorsuite.com,True,3a4068cb3ba6a2009c4a503b0418dca2,t13d1516h2_8daaf6152771_d8a2da3f94cd,"h2,http/1.1",h2,2,True,True,0.0,h2_first,"2570,772,771","TLS 1.3,TLS 1.2",2,True,True,True,False,0.0,TLS1.3+TLS1.2,True,15,True,0.0,"2570,4865,4866,4867,49195,49199,49196,49200,52393,52392,49171,49172,156,157,47,53",TLS_AES_128_GCM_SHA256_TLS_AES_256_GCM_SHA384_TLS_CHACHA20_POLY1305_SHA256_ECDHE-ECDSA-AES128-GCM_ECDHE-RSA-AES128-GCM_ECDHE-ECDSA-AES256-GCM_ECDHE-RSA-AES256-GCM_ECDHE-ECDSA-CHACHA20_ECDHE-RSA-CHACHA20_ECDHE-RSA-AES128-CBC_ECDHE-RSA-AES256-CBC_RSA-AES128-GCM_RSA-AES256-GCM_RSA-AES128-CBC_RSA-AES256-CBC,4,True,0.0,"2570,4588,29,23,24",X25519MLKEM768_x25519_secp256r1_secp384r1,8,False,,"1027,2052,1025,1283,2053,1281,2054,1537",ecdsa_secp256r1_sha256_rsa_pss_rsae_sha256_rsa_pkcs1_sha256_ecdsa_secp384r1_sha384_rsa_pss_rsae_sha384_rsa_pkcs1_sha384_rsa_pss_rsae_sha512_rsa_pkcs1_sha512,True,t13d1516h2,8daaf6152771,d8a2da3f94cd,t,13,d,15,16,h2,"1:65536;2:0;4:6291456;6:262144|15663105|1:1:0:256|m,a,s,p",1:65536;2:0;4:6291456;6:262144,15663105.0,1:1:0:256,"m,a,s,p",1.0,65536.0,0.0,,6291456.0,,262144.0,":method,:authority,:scheme,:path"
trial-004,910ec71e-9127-45c5-b3c6-d14424dfa29b,2026-04-19 16:37:15.257896020+00:00,59.115.165.105,GET,/logger.js,HTTP/2.0,0.425,TLS 1.3,h2,TLS_AES_128_GCM_SHA256,uxbehaviorsuite.com,True,3a4068cb3ba6a2009c4a503b0418dca2,t13d1516h2_8daaf6152771_d8a2da3f94cd,"h2,http/1.1",h2,2,True,True,0.0,h2_first,"2570,772,771","TLS 1.3,TLS 1.2",2,True,True,True,False,0.0,TLS1.3+TLS1.2,True,15,True,0.0,"2570,4865,4866,4867,49195,49199,49196,49200,52393,52392,49171,49172,156,157,47,53",TLS_AES_128_GCM_SHA256_TLS_AES_256_GCM_SHA384_TLS_CHACHA20_POLY1305_SHA256_ECDHE-ECDSA-AES128-GCM_ECDHE-RSA-AES128-GCM_ECDHE-ECDSA-AES256-GCM_ECDHE-RSA-AES256-GCM_ECDHE-ECDSA-CHACHA20_ECDHE-RSA-CHACHA20_ECDHE-RSA-AES128-CBC_ECDHE-RSA-AES256-CBC_RSA-AES128-GCM_RSA-AES256-GCM_RSA-AES128-CBC_RSA-AES256-CBC,4,True,0.0,"2570,4588,29,23,24",X25519MLKEM768_x25519_secp256r1_secp384r1,8,False,,"1027,2052,1025,1283,2053,1281,2054,1537",ecdsa_secp256r1_sha256_rsa_pss_rsae_sha256_rsa_pkcs1_sha256_ecdsa_secp384r1_sha384_rsa_pss_rsae_sha384_rsa_pkcs1_sha384_rsa_pss_rsae_sha512_rsa_pkcs1_sha512,True,t13d1516h2,8daaf6152771,d8a2da3f94cd,t,13,d,15,16,h2,"1:65536;2:0;4:6291456;6:262144|15663105|1:1:0:256,3:1:0:220|m,a,s,p",1:65536;2:0;4:6291456;6:262144,15663105.0,"1:1:0:256,3:1:0:220","m,a,s,p",2.0,65536.0,0.0,,6291456.0,,262144.0,":method,:authority,:scheme,:path"
trial-004,836370da-8714-4082-afb8-e3318ccb966d,2026-04-19 16:37:15.449957706+00:00,59.115.165.105,GET,/favicon.ico,HTTP/2.0,0.221,TLS 1.3,h2,TLS_AES_128_GCM_SHA256,uxbehaviorsuite.com,True,3a4068cb3ba6a2009c4a503b0418dca2,t13d1516h2_8daaf6152771_d8a2da3f94cd,"h2,http/1.1",h2,2,True,True,0.0,h2_first,"2570,772,771","TLS 1.3,TLS 1.2",2,True,True,True,False,0.0,TLS1.3+TLS1.2,True,15,True,0.0,"2570,4865,4866,4867,49195,49199,49196,49200,52393,52392,49171,49172,156,157,47,53",TLS_AES_128_GCM_SHA256_TLS_AES_256_GCM_SHA384_TLS_CHACHA20_POLY1305_SHA256_ECDHE-ECDSA-AES128-GCM_ECDHE-RSA-AES128-GCM_ECDHE-ECDSA-AES256-GCM_ECDHE-RSA-AES256-GCM_ECDHE-ECDSA-CHACHA20_ECDHE-RSA-CHACHA20_ECDHE-RSA-AES128-CBC_ECDHE-RSA-AES256-CBC_RSA-AES128-GCM_RSA-AES256-GCM_RSA-AES128-CBC_RSA-AES256-CBC,4,True,0.0,"2570,4588,29,23,24",X25519MLKEM768_x25519_secp256r1_secp384r1,8,False,,"1027,2052,1025,1283,2053,1281,2054,1537",ecdsa_secp256r1_sha256_rsa_pss_rsae_sha256_rsa_pkcs1_sha256_ecdsa_secp384r1_sha384_rsa_pss_rsae_sha384_rsa_pkcs1_sha384_rsa_pss_rsae_sha512_rsa_pkcs1_sha512,True,t13d1516h2,8daaf6152771,d8a2da3f94cd,t,13,d,15,16,h2,"1:65536;2:0;4:6291456;6:262144|15663105|1:1:0:256,3:1:0:220,5:1:0:220|m,a,s,p",1:65536;2:0;4:6291456;6:262144,15663105.0,"1:1:0:256,3:1:0:220,5:1:0:220","m,a,s,p",3.0,65536.0,0.0,,6291456.0,,262144.0,":method,:authority,:scheme,:path"
trial-004,9ee5174a-cbd8-4816-b71b-d3628959c321,2026-04-19 16:37:51.898034821+00:00,205.172.168.145,GET,/s4-dom-mismatch.html,HTTP/2.0,0.746,TLS 1.3,h2,TLS_AES_128_GCM_SHA256,uxbehaviorsuite.com,True,c0f3df622bf8bb6bb507db98b3943fd5,t13d1516h2_8daaf6152771_02713d6af862,"h2,http/1.1",h2,2,True,True,0.0,h2_first,"2570,772,771","TLS 1.3,TLS 1.2",2,True,True,True,False,0.0,TLS1.3+TLS1.2,True,15,True,0.0,"2570,4865,4866,4867,49195,49199,49196,49200,52393,52392,49171,49172,156,157,47,53",TLS_AES_128_GCM_SHA256_TLS_AES_256_GCM_SHA384_TLS_CHACHA20_POLY1305_SHA256_ECDHE-ECDSA-AES128-GCM_ECDHE-RSA-AES128-GCM_ECDHE-ECDSA-AES256-GCM_ECDHE-RSA-AES256-GCM_ECDHE-ECDSA-CHACHA20_ECDHE-RSA-CHACHA20_ECDHE-RSA-AES128-CBC_ECDHE-RSA-AES256-CBC_RSA-AES128-GCM_RSA-AES256-GCM_RSA-AES128-CBC_RSA-AES256-CBC,4,True,0.0,"2570,25497,29,23,24",x25519Kyber768_x25519_secp256r1_secp384r1,8,False,,"1027,2052,1025,1283,2053,1281,2054,1537",ecdsa_secp256r1_sha256_rsa_pss_rsae_sha256_rsa_pkcs1_sha256_ecdsa_secp384r1_sha384_rsa_pss_rsae_sha384_rsa_pkcs1_sha384_rsa_pss_rsae_sha512_rsa_pkcs1_sha512,True,t13d1516h2,8daaf6152771,02713d6af862,t,13,d,15,16,h2,"1:65536;2:0;4:6291456;6:262144|15663105|1:1:0:256,3:1:0:220,5:1:0:256,7:1:5:110,9:1:7:110,11:1:9:110,13:1:0:256,15:1:13:110,17:1:15:110,19:1:17:110,21:1:0:256,23:1:21:110,25:1:23:110,27:1:25:110,29:1:0:256,31:1:29:110,33:1:31:110,35:1:33:110,37:1:0:256,39:1:37:110|m,a,s,p",1:65536;2:0;4:6291456;6:262144,15663105.0,"1:1:0:256,3:1:0:220,5:1:0:256,7:1:5:110,9:1:7:110,11:1:9:110,13:1:0:256,15:1:13:110,17:1:15:110,19:1:17:110,21:1:0:256,23:1:21:110,25:1:23:110,27:1:25:110,29:1:0:256,31:1:29:110,33:1:31:110,35:1:33:110,37:1:0:256,39:1:37:110","m,a,s,p",20.0,65536.0,0.0,,6291456.0,,262144.0,":method,:authority,:scheme,:path"
trial-004,1909924d-46e8-46c7-a7c9-afe6480fb5a3,2026-04-19 16:37:51.898343961+00:00,205.172.168.145,POST,/collect,HTTP/2.0,0.753,TLS 1.3,h2,TLS_AES_128_GCM_SHA256,uxbehaviorsuite.com,True,c0f3df622bf8bb6bb507db98b3943fd5,t13d1516h2_8daaf6152771_02713d6af862,"h2,http/1.1",h2,2,True,True,0.0,h2_first,"2570,772,771","TLS 1.3,TLS 1.2",2,True,True,True,False,0.0,TLS1.3+TLS1.2,True,15,True,0.0,"2570,4865,4866,4867,49195,49199,49196,49200,52393,52392,49171,49172,156,157,47,53",TLS_AES_128_GCM_SHA256_TLS_AES_256_GCM_SHA384_TLS_CHACHA20_POLY1305_SHA256_ECDHE-ECDSA-AES128-GCM_ECDHE-RSA-AES128-GCM_ECDHE-ECDSA-AES256-GCM_ECDHE-RSA-AES256-GCM_ECDHE-ECDSA-CHACHA20_ECDHE-RSA-CHACHA20_ECDHE-RSA-AES128-CBC_ECDHE-RSA-AES256-CBC_RSA-AES128-GCM_RSA-AES256-GCM_RSA-AES128-CBC_RSA-AES256-CBC,4,True,0.0,"2570,25497,29,23,24",x25519Kyber768_x25519_secp256r1_secp384r1,8,False,,"1027,2052,1025,1283,2053,1281,2054,1537",ecdsa_secp256r1_sha256_rsa_pss_rsae_sha256_rsa_pkcs1_sha256_ecdsa_secp384r1_sha384_rsa_pss_rsae_sha384_rsa_pkcs1_sha384_rsa_pss_rsae_sha512_rsa_pkcs1_sha512,True,t13d1516h2,8daaf6152771,02713d6af862,t,13,d,15,16,h2,"1:65536;2:0;4:6291456;6:262144|15663105|1:1:0:256,3:1:0:220,5:1:0:256,7:1:5:110,9:1:7:110,11:1:9:110,13:1:0:256,15:1:13:110,17:1:15:110,19:1:17:110,21:1:0:256,23:1:21:110,25:1:23:110,27:1:25:110,29:1:0:256,31:1:29:110,33:1:31:110,35:1:33:110,37:1:0:256,39:1:37:110|m,a,s,p",1:65536;2:0;4:6291456;6:262144,15663105.0,"1:1:0:256,3:1:0:220,5:1:0:256,7:1:5:110,9:1:7:110,11:1:9:110,13:1:0:256,15:1:13:110,17:1:15:110,19:1:17:110,21:1:0:256,23:1:21:110,25:1:23:110,27:1:25:110,29:1:0:256,31:1:29:110,33:1:31:110,35:1:33:110,37:1:0:256,39:1:37:110","m,a,s,p",20.0,65536.0,0.0,,6291456.0,,262144.0,":method,:authority,:scheme,:path"
trial-004,bd2b8bac-8ef6-461b-ad17-83fa403d20e6,2026-04-19 16:37:51.921240932+00:00,205.172.168.145,POST,/collect,HTTP/2.0,0.225,TLS 1.3,h2,TLS_AES_128_GCM_SHA256,uxbehaviorsuite.com,True,c0f3df622bf8bb6bb507db98b3943fd5,t13d1516h2_8daaf6152771_02713d6af862,"h2,http/1.1",h2,2,True,True,0.0,h2_first,"2570,772,771","TLS 1.3,TLS 1.2",2,True,True,True,False,0.0,TLS1.3+TLS1.2,True,15,True,0.0,"2570,4865,4866,4867,49195,49199,49196,49200,52393,52392,49171,49172,156,157,47,53",TLS_AES_128_GCM_SHA256_TLS_AES_256_GCM_SHA384_TLS_CHACHA20_POLY1305_SHA256_ECDHE-ECDSA-AES128-GCM_ECDHE-RSA-AES128-GCM_ECDHE-ECDSA-AES256-GCM_ECDHE-RSA-AES256-GCM_ECDHE-ECDSA-CHACHA20_ECDHE-RSA-CHACHA20_ECDHE-RSA-AES128-CBC_ECDHE-RSA-AES256-CBC_RSA-AES128-GCM_RSA-AES256-GCM_RSA-AES128-CBC_RSA-AES256-CBC,4,True,0.0,"2570,25497,29,23,24",x25519Kyber768_x25519_secp256r1_secp384r1,8,False,,"1027,2052,1025,1283,2053,1281,2054,1537",ecdsa_secp256r1_sha256_rsa_pss_rsae_sha256_rsa_pkcs1_sha256_ecdsa_secp384r1_sha384_rsa_pss_rsae_sha384_rsa_pkcs1_sha384_rsa_pss_rsae_sha512_rsa_pkcs1_sha512,True,t13d1516h2,8daaf6152771,02713d6af862,t,13,d,15,16,h2,"1:65536;2:0;4:6291456;6:262144|15663105|1:1:0:256,3:1:0:220,5:1:0:256,7:1:5:110,9:1:7:110,11:1:9:110,13:1:0:256,15:1:13:110,17:1:15:110,19:1:17:110,21:1:0:256,23:1:21:110,25:1:23:110,27:1:25:110,29:1:0:256,31:1:29:110,33:1:31:110,35:1:33:110,37:1:0:256,39:1:37:110,41:1:39:110|m,a,s,p",1:65536;2:0;4:6291456;6:262144,15663105.0,"1:1:0:256,3:1:0:220,5:1:0:256,7:1:5:110,9:1:7:110,11:1:9:110,13:1:0:256,15:1:13:110,17:1:15:110,19:1:17:110,21:1:0:256,23:1:21:110,25:1:23:110,27:1:25:110,29:1:0:256,31:1:29:110,33:1:31:110,35:1:33:110,37:1:0:256,39:1:37:110,41:1:39:110","m,a,s,p",21.0,65536.0,0.0,,6291456.0,,262144.0,":method,:authority,:scheme,:path"
trial-004,208c84fb-4512-4bbf-aae0-553b4d73978e,2026-04-19 16:37:51.923566912+00:00,205.172.168.145,POST,/collect,HTTP/2.0,0.258,TLS 1.3,h2,TLS_AES_128_GCM_SHA256,uxbehaviorsuite.com,True,c0f3df622bf8bb6bb507db98b3943fd5,t13d1516h2_8daaf6152771_02713d6af862,"h2,http/1.1",h2,2,True,True,0.0,h2_first,"2570,772,771","TLS 1.3,TLS 1.2",2,True,True,True,False,0.0,TLS1.3+TLS1.2,True,15,True,0.0,"2570,4865,4866,4867,49195,49199,49196,49200,52393,52392,49171,49172,156,157,47,53",TLS_AES_128_GCM_SHA256_TLS_AES_256_GCM_SHA384_TLS_CHACHA20_POLY1305_SHA256_ECDHE-ECDSA-AES128-GCM_ECDHE-RSA-AES128-GCM_ECDHE-ECDSA-AES256-GCM_ECDHE-RSA-AES256-GCM_ECDHE-ECDSA-CHACHA20_ECDHE-RSA-CHACHA20_ECDHE-RSA-AES128-CBC_ECDHE-RSA-AES256-CBC_RSA-AES128-GCM_RSA-AES256-GCM_RSA-AES128-CBC_RSA-AES256-CBC,4,True,0.0,"2570,25497,29,23,24",x25519Kyber768_x25519_secp256r1_secp384r1,8,False,,"1027,2052,1025,1283,2053,1281,2054,1537",ecdsa_secp256r1_sha256_rsa_pss_rsae_sha256_rsa_pkcs1_sha256_ecdsa_secp384r1_sha384_rsa_pss_rsae_sha384_rsa_pkcs1_sha384_rsa_pss_rsae_sha512_rsa_pkcs1_sha512,True,t13d1516h2,8daaf6152771,02713d6af862,t,13,d,15,16,h2,"1:65536;2:0;4:6291456;6:262144|15663105|1:1:0:256,3:1:0:220,5:1:0:256,7:1:5:110,9:1:7:110,11:1:9:110,13:1:0:256,15:1:13:110,17:1:15:110,19:1:17:110,21:1:0:256,23:1:21:110,25:1:23:110,27:1:25:110,29:1:0:256,31:1:29:110,33:1:31:110,35:1:33:110,37:1:0:256,39:1:37:110,41:1:39:110,43:1:41:110|m,a,s,p",1:65536;2:0;4:6291456;6:262144,15663105.0,"1:1:0:256,3:1:0:220,5:1:0:256,7:1:5:110,9:1:7:110,11:1:9:110,13:1:0:256,15:1:13:110,17:1:15:110,19:1:17:110,21:1:0:256,23:1:21:110,25:1:23:110,27:1:25:110,29:1:0:256,31:1:29:110,33:1:31:110,35:1:33:110,37:1:0:256,39:1:37:110,41:1:39:110,43:1:41:110","m,a,s,p",22.0,65536.0,0.0,,6291456.0,,262144.0,":method,:authority,:scheme,:path"
trial-005,a440fc8f-b962-4a3f-bd72-9313ea722d69,2026-04-19 16:44:02.692043748+00:00,205.172.168.145,GET,/subscribe-v1.html,HTTP/2.0,0.425,TLS 1.3,h2,TLS_AES_128_GCM_SHA256,uxbehaviorsuite.com,True,3e17436a5d2f991b409d647f89593fcb,t13d1516h2_8daaf6152771_02713d6af862,"h2,http/1.1",h2,2,True,True,0.0,h2_first,"2570,772,771","TLS 1.3,TLS 1.2",2,True,True,True,False,0.0,TLS1.3+TLS1.2,True,15,True,0.0,"2570,4865,4866,4867,49195,49199,49196,49200,52393,52392,49171,49172,156,157,47,53",TLS_AES_128_GCM_SHA256_TLS_AES_256_GCM_SHA384_TLS_CHACHA20_POLY1305_SHA256_ECDHE-ECDSA-AES128-GCM_ECDHE-RSA-AES128-GCM_ECDHE-ECDSA-AES256-GCM_ECDHE-RSA-AES256-GCM_ECDHE-ECDSA-CHACHA20_ECDHE-RSA-CHACHA20_ECDHE-RSA-AES128-CBC_ECDHE-RSA-AES256-CBC_RSA-AES128-GCM_RSA-AES256-GCM_RSA-AES128-CBC_RSA-AES256-CBC,4,True,0.0,"2570,25497,29,23,24",x25519Kyber768_x25519_secp256r1_secp384r1,8,False,,"1027,2052,1025,1283,2053,1281,2054,1537",ecdsa_secp256r1_sha256_rsa_pss_rsae_sha256_rsa_pkcs1_sha256_ecdsa_secp384r1_sha384_rsa_pss_rsae_sha384_rsa_pkcs1_sha384_rsa_pss_rsae_sha512_rsa_pkcs1_sha512,True,t13d1516h2,8daaf6152771,02713d6af862,t,13,d,15,16,h2,"1:65536;2:0;4:6291456;6:262144|15663105|1:1:0:256|m,a,s,p",1:65536;2:0;4:6291456;6:262144,15663105.0,1:1:0:256,"m,a,s,p",1.0,65536.0,0.0,,6291456.0,,262144.0,":method,:authority,:scheme,:path"
trial-005,b396ad4b-fe35-46f8-9e4a-b7089afcee3f,2026-04-19 16:44:02.727906157+00:00,205.172.168.145,GET,/logger.js,HTTP/2.0,0.429,TLS 1.3,h2,TLS_AES_128_GCM_SHA256,uxbehaviorsuite.com,True,3e17436a5d2f991b409d647f89593fcb,t13d1516h2_8daaf6152771_02713d6af862,"h2,http/1.1",h2,2,True,True,0.0,h2_first,"2570,772,771","TLS 1.3,TLS 1.2",2,True,True,True,False,0.0,TLS1.3+TLS1.2,True,15,True,0.0,"2570,4865,4866,4867,49195,49199,49196,49200,52393,52392,49171,49172,156,157,47,53",TLS_AES_128_GCM_SHA256_TLS_AES_256_GCM_SHA384_TLS_CHACHA20_POLY1305_SHA256_ECDHE-ECDSA-AES128-GCM_ECDHE-RSA-AES128-GCM_ECDHE-ECDSA-AES256-GCM_ECDHE-RSA-AES256-GCM_ECDHE-ECDSA-CHACHA20_ECDHE-RSA-CHACHA20_ECDHE-RSA-AES128-CBC_ECDHE-RSA-AES256-CBC_RSA-AES128-GCM_RSA-AES256-GCM_RSA-AES128-CBC_RSA-AES256-CBC,4,True,0.0,"2570,25497,29,23,24",x25519Kyber768_x25519_secp256r1_secp384r1,8,False,,"1027,2052,1025,1283,2053,1281,2054,1537",ecdsa_secp256r1_sha256_rsa_pss_rsae_sha256_rsa_pkcs1_sha256_ecdsa_secp384r1_sha384_rsa_pss_rsae_sha384_rsa_pkcs1_sha384_rsa_pss_rsae_sha512_rsa_pkcs1_sha512,True,t13d1516h2,8daaf6152771,02713d6af862,t,13,d,15,16,h2,"1:65536;2:0;4:6291456;6:262144|15663105|1:1:0:256,3:1:0:220|m,a,s,p",1:65536;2:0;4:6291456;6:262144,15663105.0,"1:1:0:256,3:1:0:220","m,a,s,p",2.0,65536.0,0.0,,6291456.0,,262144.0,":method,:authority,:scheme,:path"
trial-005,2c13dc47-fecf-4f19-a87d-f6340e461dc2,2026-04-19 16:45:16.290243463+00:00,205.172.168.145,GET,/subscribe-v2.html,HTTP/2.0,0.753,TLS 1.3,h2,TLS_AES_128_GCM_SHA256,uxbehaviorsuite.com,True,3e17436a5d2f991b409d647f89593fcb,t13d1516h2_8daaf6152771_02713d6af862,"h2,http/1.1",h2,2,True,True,0.0,h2_first,"2570,772,771","TLS 1.3,TLS 1.2",2,True,True,True,False,0.0,TLS1.3+TLS1.2,True,15,True,0.0,"2570,4865,4866,4867,49195,49199,49196,49200,52393,52392,49171,49172,156,157,47,53",TLS_AES_128_GCM_SHA256_TLS_AES_256_GCM_SHA384_TLS_CHACHA20_POLY1305_SHA256_ECDHE-ECDSA-AES128-GCM_ECDHE-RSA-AES128-GCM_ECDHE-ECDSA-AES256-GCM_ECDHE-RSA-AES256-GCM_ECDHE-ECDSA-CHACHA20_ECDHE-RSA-CHACHA20_ECDHE-RSA-AES128-CBC_ECDHE-RSA-AES256-CBC_RSA-AES128-GCM_RSA-AES256-GCM_RSA-AES128-CBC_RSA-AES256-CBC,4,True,0.0,"2570,25497,29,23,24",x25519Kyber768_x25519_secp256r1_secp384r1,8,False,,"1027,2052,1025,1283,2053,1281,2054,1537",ecdsa_secp256r1_sha256_rsa_pss_rsae_sha256_rsa_pkcs1_sha256_ecdsa_secp384r1_sha384_rsa_pss_rsae_sha384_rsa_pkcs1_sha384_rsa_pss_rsae_sha512_rsa_pkcs1_sha512,True,t13d1516h2,8daaf6152771,02713d6af862,t,13,d,15,16,h2,"1:65536;2:0;4:6291456;6:262144|15663105|1:1:0:256,3:1:0:220,5:1:0:256,7:1:5:110|m,a,s,p",1:65536;2:0;4:6291456;6:262144,15663105.0,"1:1:0:256,3:1:0:220,5:1:0:256,7:1:5:110","m,a,s,p",4.0,65536.0,0.0,,6291456.0,,262144.0,":method,:authority,:scheme,:path"
trial-005,a67c04d5-1ba5-49f9-a1b5-cc7afa78042e,2026-04-19 16:45:16.290560237+00:00,205.172.168.145,POST,/collect,HTTP/2.0,0.849,TLS 1.3,h2,TLS_AES_128_GCM_SHA256,uxbehaviorsuite.com,True,3e17436a5d2f991b409d647f89593fcb,t13d1516h2_8daaf6152771_02713d6af862,"h2,http/1.1",h2,2,True,True,0.0,h2_first,"2570,772,771","TLS 1.3,TLS 1.2",2,True,True,True,False,0.0,TLS1.3+TLS1.2,True,15,True,0.0,"2570,4865,4866,4867,49195,49199,49196,49200,52393,52392,49171,49172,156,157,47,53",TLS_AES_128_GCM_SHA256_TLS_AES_256_GCM_SHA384_TLS_CHACHA20_POLY1305_SHA256_ECDHE-ECDSA-AES128-GCM_ECDHE-RSA-AES128-GCM_ECDHE-ECDSA-AES256-GCM_ECDHE-RSA-AES256-GCM_ECDHE-ECDSA-CHACHA20_ECDHE-RSA-CHACHA20_ECDHE-RSA-AES128-CBC_ECDHE-RSA-AES256-CBC_RSA-AES128-GCM_RSA-AES256-GCM_RSA-AES128-CBC_RSA-AES256-CBC,4,True,0.0,"2570,25497,29,23,24",x25519Kyber768_x25519_secp256r1_secp384r1,8,False,,"1027,2052,1025,1283,2053,1281,2054,1537",ecdsa_secp256r1_sha256_rsa_pss_rsae_sha256_rsa_pkcs1_sha256_ecdsa_secp384r1_sha384_rsa_pss_rsae_sha384_rsa_pkcs1_sha384_rsa_pss_rsae_sha512_rsa_pkcs1_sha512,True,t13d1516h2,8daaf6152771,02713d6af862,t,13,d,15,16,h2,"1:65536;2:0;4:6291456;6:262144|15663105|1:1:0:256,3:1:0:220,5:1:0:256,7:1:5:110|m,a,s,p",1:65536;2:0;4:6291456;6:262144,15663105.0,"1:1:0:256,3:1:0:220,5:1:0:256,7:1:5:110","m,a,s,p",4.0,65536.0,0.0,,6291456.0,,262144.0,":method,:authority,:scheme,:path"
trial-005,9d06e314-e61d-456e-a8f2-dc33b1f71ff8,2026-04-19 16:45:16.315230661+00:00,205.172.168.145,POST,/collect,HTTP/2.0,0.449,TLS 1.3,h2,TLS_AES_128_GCM_SHA256,uxbehaviorsuite.com,True,3e17436a5d2f991b409d647f89593fcb,t13d1516h2_8daaf6152771_02713d6af862,"h2,http/1.1",h2,2,True,True,0.0,h2_first,"2570,772,771","TLS 1.3,TLS 1.2",2,True,True,True,False,0.0,TLS1.3+TLS1.2,True,15,True,0.0,"2570,4865,4866,4867,49195,49199,49196,49200,52393,52392,49171,49172,156,157,47,53",TLS_AES_128_GCM_SHA256_TLS_AES_256_GCM_SHA384_TLS_CHACHA20_POLY1305_SHA256_ECDHE-ECDSA-AES128-GCM_ECDHE-RSA-AES128-GCM_ECDHE-ECDSA-AES256-GCM_ECDHE-RSA-AES256-GCM_ECDHE-ECDSA-CHACHA20_ECDHE-RSA-CHACHA20_ECDHE-RSA-AES128-CBC_ECDHE-RSA-AES256-CBC_RSA-AES128-GCM_RSA-AES256-GCM_RSA-AES128-CBC_RSA-AES256-CBC,4,True,0.0,"2570,25497,29,23,24",x25519Kyber768_x25519_secp256r1_secp384r1,8,False,,"1027,2052,1025,1283,2053,1281,2054,1537",ecdsa_secp256r1_sha256_rsa_pss_rsae_sha256_rsa_pkcs1_sha256_ecdsa_secp384r1_sha384_rsa_pss_rsae_sha384_rsa_pkcs1_sha384_rsa_pss_rsae_sha512_rsa_pkcs1_sha512,True,t13d1516h2,8daaf6152771,02713d6af862,t,13,d,15,16,h2,"1:65536;2:0;4:6291456;6:262144|15663105|1:1:0:256,3:1:0:220,5:1:0:256,7:1:5:110,9:1:7:110|m,a,s,p",1:65536;2:0;4:6291456;6:262144,15663105.0,"1:1:0:256,3:1:0:220,5:1:0:256,7:1:5:110,9:1:7:110","m,a,s,p",5.0,65536.0,0.0,,6291456.0,,262144.0,":method,:authority,:scheme,:path"
trial-005,39e84501-f70e-4026-a980-bfc0aee2127e,2026-04-19 16:45:16.315695124+00:00,205.172.168.145,POST,/collect,HTTP/2.0,0.197,TLS 1.3,h2,TLS_AES_128_GCM_SHA256,uxbehaviorsuite.com,True,3e17436a5d2f991b409d647f89593fcb,t13d1516h2_8daaf6152771_02713d6af862,"h2,http/1.1",h2,2,True,True,0.0,h2_first,"2570,772,771","TLS 1.3,TLS 1.2",2,True,True,True,False,0.0,TLS1.3+TLS1.2,True,15,True,0.0,"2570,4865,4866,4867,49195,49199,49196,49200,52393,52392,49171,49172,156,157,47,53",TLS_AES_128_GCM_SHA256_TLS_AES_256_GCM_SHA384_TLS_CHACHA20_POLY1305_SHA256_ECDHE-ECDSA-AES128-GCM_ECDHE-RSA-AES128-GCM_ECDHE-ECDSA-AES256-GCM_ECDHE-RSA-AES256-GCM_ECDHE-ECDSA-CHACHA20_ECDHE-RSA-CHACHA20_ECDHE-RSA-AES128-CBC_ECDHE-RSA-AES256-CBC_RSA-AES128-GCM_RSA-AES256-GCM_RSA-AES128-CBC_RSA-AES256-CBC,4,True,0.0,"2570,25497,29,23,24",x25519Kyber768_x25519_secp256r1_secp384r1,8,False,,"1027,2052,1025,1283,2053,1281,2054,1537",ecdsa_secp256r1_sha256_rsa_pss_rsae_sha256_rsa_pkcs1_sha256_ecdsa_secp384r1_sha384_rsa_pss_rsae_sha384_rsa_pkcs1_sha384_rsa_pss_rsae_sha512_rsa_pkcs1_sha512,True,t13d1516h2,8daaf6152771,02713d6af862,t,13,d,15,16,h2,"1:65536;2:0;4:6291456;6:262144|15663105|1:1:0:256,3:1:0:220,5:1:0:256,7:1:5:110,9:1:7:110,11:1:9:110|m,a,s,p",1:65536;2:0;4:6291456;6:262144,15663105.0,"1:1:0:256,3:1:0:220,5:1:0:256,7:1:5:110,9:1:7:110,11:1:9:110","m,a,s,p",6.0,65536.0,0.0,,6291456.0,,262144.0,":method,:authority,:scheme,:path"
trial-005,479b3dec-9c2f-4be6-a751-a62aa232c261,2026-04-19 16:46:30.088517889+00:00,205.172.168.145,GET,/subscribe-v3.html,HTTP/2.0,0.399,TLS 1.3,h2,TLS_AES_128_GCM_SHA256,uxbehaviorsuite.com,True,3e17436a5d2f991b409d647f89593fcb,t13d1516h2_8daaf6152771_02713d6af862,"h2,http/1.1",h2,2,True,True,0.0,h2_first,"2570,772,771","TLS 1.3,TLS 1.2",2,True,True,True,False,0.0,TLS1.3+TLS1.2,True,15,True,0.0,"2570,4865,4866,4867,49195,49199,49196,49200,52393,52392,49171,49172,156,157,47,53",TLS_AES_128_GCM_SHA256_TLS_AES_256_GCM_SHA384_TLS_CHACHA20_POLY1305_SHA256_ECDHE-ECDSA-AES128-GCM_ECDHE-RSA-AES128-GCM_ECDHE-ECDSA-AES256-GCM_ECDHE-RSA-AES256-GCM_ECDHE-ECDSA-CHACHA20_ECDHE-RSA-CHACHA20_ECDHE-RSA-AES128-CBC_ECDHE-RSA-AES256-CBC_RSA-AES128-GCM_RSA-AES256-GCM_RSA-AES128-CBC_RSA-AES256-CBC,4,True,0.0,"2570,25497,29,23,24",x25519Kyber768_x25519_secp256r1_secp384r1,8,False,,"1027,2052,1025,1283,2053,1281,2054,1537",ecdsa_secp256r1_sha256_rsa_pss_rsae_sha256_rsa_pkcs1_sha256_ecdsa_secp384r1_sha384_rsa_pss_rsae_sha384_rsa_pkcs1_sha384_rsa_pss_rsae_sha512_rsa_pkcs1_sha512,True,t13d1516h2,8daaf6152771,02713d6af862,t,13,d,15,16,h2,"1:65536;2:0;4:6291456;6:262144|15663105|1:1:0:256,3:1:0:220,5:1:0:256,7:1:5:110,9:1:7:110,11:1:9:110,13:1:0:256,15:1:13:110|m,a,s,p",1:65536;2:0;4:6291456;6:262144,15663105.0,"1:1:0:256,3:1:0:220,5:1:0:256,7:1:5:110,9:1:7:110,11:1:9:110,13:1:0:256,15:1:13:110","m,a,s,p",8.0,65536.0,0.0,,6291456.0,,262144.0,":method,:authority,:scheme,:path"
trial-005,0ed70770-e694-434a-aecb-dc6a57b0fe67,2026-04-19 16:46:30.088623258+00:00,205.172.168.145,POST,/collect,HTTP/2.0,0.952,TLS 1.3,h2,TLS_AES_128_GCM_SHA256,uxbehaviorsuite.com,True,3e17436a5d2f991b409d647f89593fcb,t13d1516h2_8daaf6152771_02713d6af862,"h2,http/1.1",h2,2,True,True,0.0,h2_first,"2570,772,771","TLS 1.3,TLS 1.2",2,True,True,True,False,0.0,TLS1.3+TLS1.2,True,15,True,0.0,"2570,4865,4866,4867,49195,49199,49196,49200,52393,52392,49171,49172,156,157,47,53",TLS_AES_128_GCM_SHA256_TLS_AES_256_GCM_SHA384_TLS_CHACHA20_POLY1305_SHA256_ECDHE-ECDSA-AES128-GCM_ECDHE-RSA-AES128-GCM_ECDHE-ECDSA-AES256-GCM_ECDHE-RSA-AES256-GCM_ECDHE-ECDSA-CHACHA20_ECDHE-RSA-CHACHA20_ECDHE-RSA-AES128-CBC_ECDHE-RSA-AES256-CBC_RSA-AES128-GCM_RSA-AES256-GCM_RSA-AES128-CBC_RSA-AES256-CBC,4,True,0.0,"2570,25497,29,23,24",x25519Kyber768_x25519_secp256r1_secp384r1,8,False,,"1027,2052,1025,1283,2053,1281,2054,1537",ecdsa_secp256r1_sha256_rsa_pss_rsae_sha256_rsa_pkcs1_sha256_ecdsa_secp384r1_sha384_rsa_pss_rsae_sha384_rsa_pkcs1_sha384_rsa_pss_rsae_sha512_rsa_pkcs1_sha512,True,t13d1516h2,8daaf6152771,02713d6af862,t,13,d,15,16,h2,"1:65536;2:0;4:6291456;6:262144|15663105|1:1:0:256,3:1:0:220,5:1:0:256,7:1:5:110,9:1:7:110,11:1:9:110,13:1:0:256,15:1:13:110|m,a,s,p",1:65536;2:0;4:6291456;6:262144,15663105.0,"1:1:0:256,3:1:0:220,5:1:0:256,7:1:5:110,9:1:7:110,11:1:9:110,13:1:0:256,15:1:13:110","m,a,s,p",8.0,65536.0,0.0,,6291456.0,,262144.0,":method,:authority,:scheme,:path"
trial-005,f467752f-6f6c-4dbd-8a25-6d83cad54c8a,2026-04-19 16:46:30.112248114+00:00,205.172.168.145,POST,/collect,HTTP/2.0,0.174,TLS 1.3,h2,TLS_AES_128_GCM_SHA256,uxbehaviorsuite.com,True,3e17436a5d2f991b409d647f89593fcb,t13d1516h2_8daaf6152771_02713d6af862,"h2,http/1.1",h2,2,True,True,0.0,h2_first,"2570,772,771","TLS 1.3,TLS 1.2",2,True,True,True,False,0.0,TLS1.3+TLS1.2,True,15,True,0.0,"2570,4865,4866,4867,49195,49199,49196,49200,52393,52392,49171,49172,156,157,47,53",TLS_AES_128_GCM_SHA256_TLS_AES_256_GCM_SHA384_TLS_CHACHA20_POLY1305_SHA256_ECDHE-ECDSA-AES128-GCM_ECDHE-RSA-AES128-GCM_ECDHE-ECDSA-AES256-GCM_ECDHE-RSA-AES256-GCM_ECDHE-ECDSA-CHACHA20_ECDHE-RSA-CHACHA20_ECDHE-RSA-AES128-CBC_ECDHE-RSA-AES256-CBC_RSA-AES128-GCM_RSA-AES256-GCM_RSA-AES128-CBC_RSA-AES256-CBC,4,True,0.0,"2570,25497,29,23,24",x25519Kyber768_x25519_secp256r1_secp384r1,8,False,,"1027,2052,1025,1283,2053,1281,2054,1537",ecdsa_secp256r1_sha256_rsa_pss_rsae_sha256_rsa_pkcs1_sha256_ecdsa_secp384r1_sha384_rsa_pss_rsae_sha384_rsa_pkcs1_sha384_rsa_pss_rsae_sha512_rsa_pkcs1_sha512,True,t13d1516h2,8daaf6152771,02713d6af862,t,13,d,15,16,h2,"1:65536;2:0;4:6291456;6:262144|15663105|1:1:0:256,3:1:0:220,5:1:0:256,7:1:5:110,9:1:7:110,11:1:9:110,13:1:0:256,15:1:13:110,17:1:15:110|m,a,s,p",1:65536;2:0;4:6291456;6:262144,15663105.0,"1:1:0:256,3:1:0:220,5:1:0:256,7:1:5:110,9:1:7:110,11:1:9:110,13:1:0:256,15:1:13:110,17:1:15:110","m,a,s,p",9.0,65536.0,0.0,,6291456.0,,262144.0,":method,:authority,:scheme,:path"
trial-005,0c52efdc-b2d3-4cc3-98af-c347e2485daa,2026-04-19 16:46:30.113717422+00:00,205.172.168.145,POST,/collect,HTTP/2.0,0.174,TLS 1.3,h2,TLS_AES_128_GCM_SHA256,uxbehaviorsuite.com,True,3e17436a5d2f991b409d647f89593fcb,t13d1516h2_8daaf6152771_02713d6af862,"h2,http/1.1",h2,2,True,True,0.0,h2_first,"2570,772,771","TLS 1.3,TLS 1.2",2,True,True,True,False,0.0,TLS1.3+TLS1.2,True,15,True,0.0,"2570,4865,4866,4867,49195,49199,49196,49200,52393,52392,49171,49172,156,157,47,53",TLS_AES_128_GCM_SHA256_TLS_AES_256_GCM_SHA384_TLS_CHACHA20_POLY1305_SHA256_ECDHE-ECDSA-AES128-GCM_ECDHE-RSA-AES128-GCM_ECDHE-ECDSA-AES256-GCM_ECDHE-RSA-AES256-GCM_ECDHE-ECDSA-CHACHA20_ECDHE-RSA-CHACHA20_ECDHE-RSA-AES128-CBC_ECDHE-RSA-AES256-CBC_RSA-AES128-GCM_RSA-AES256-GCM_RSA-AES128-CBC_RSA-AES256-CBC,4,True,0.0,"2570,25497,29,23,24",x25519Kyber768_x25519_secp256r1_secp384r1,8,False,,"1027,2052,1025,1283,2053,1281,2054,1537",ecdsa_secp256r1_sha256_rsa_pss_rsae_sha256_rsa_pkcs1_sha256_ecdsa_secp384r1_sha384_rsa_pss_rsae_sha384_rsa_pkcs1_sha384_rsa_pss_rsae_sha512_rsa_pkcs1_sha512,True,t13d1516h2,8daaf6152771,02713d6af862,t,13,d,15,16,h2,"1:65536;2:0;4:6291456;6:262144|15663105|1:1:0:256,3:1:0:220,5:1:0:256,7:1:5:110,9:1:7:110,11:1:9:110,13:1:0:256,15:1:13:110,17:1:15:110,19:1:17:110|m,a,s,p",1:65536;2:0;4:6291456;6:262144,15663105.0,"1:1:0:256,3:1:0:220,5:1:0:256,7:1:5:110,9:1:7:110,11:1:9:110,13:1:0:256,15:1:13:110,17:1:15:110,19:1:17:110","m,a,s,p",10.0,65536.0,0.0,,6291456.0,,262144.0,":method,:authority,:scheme,:path"
trial-005,ca6cc7d5-2238-483f-adbd-e5d650be20b4,2026-04-19 16:47:32.037109814+00:00,205.172.168.145,GET,/s2-scroll-gate.html,HTTP/2.0,1.142,TLS 1.3,h2,TLS_AES_128_GCM_SHA256,uxbehaviorsuite.com,True,3e17436a5d2f991b409d647f89593fcb,t13d1516h2_8daaf6152771_02713d6af862,"h2,http/1.1",h2,2,True,True,0.0,h2_first,"2570,772,771","TLS 1.3,TLS 1.2",2,True,True,True,False,0.0,TLS1.3+TLS1.2,True,15,True,0.0,"2570,4865,4866,4867,49195,49199,49196,49200,52393,52392,49171,49172,156,157,47,53",TLS_AES_128_GCM_SHA256_TLS_AES_256_GCM_SHA384_TLS_CHACHA20_POLY1305_SHA256_ECDHE-ECDSA-AES128-GCM_ECDHE-RSA-AES128-GCM_ECDHE-ECDSA-AES256-GCM_ECDHE-RSA-AES256-GCM_ECDHE-ECDSA-CHACHA20_ECDHE-RSA-CHACHA20_ECDHE-RSA-AES128-CBC_ECDHE-RSA-AES256-CBC_RSA-AES128-GCM_RSA-AES256-GCM_RSA-AES128-CBC_RSA-AES256-CBC,4,True,0.0,"2570,25497,29,23,24",x25519Kyber768_x25519_secp256r1_secp384r1,8,False,,"1027,2052,1025,1283,2053,1281,2054,1537",ecdsa_secp256r1_sha256_rsa_pss_rsae_sha256_rsa_pkcs1_sha256_ecdsa_secp384r1_sha384_rsa_pss_rsae_sha384_rsa_pkcs1_sha384_rsa_pss_rsae_sha512_rsa_pkcs1_sha512,True,t13d1516h2,8daaf6152771,02713d6af862,t,13,d,15,16,h2,"1:65536;2:0;4:6291456;6:262144|15663105|1:1:0:256,3:1:0:220,5:1:0:256,7:1:5:110,9:1:7:110,11:1:9:110,13:1:0:256,15:1:13:110,17:1:15:110,19:1:17:110,21:1:0:256,23:1:21:110|m,a,s,p",1:65536;2:0;4:6291456;6:262144,15663105.0,"1:1:0:256,3:1:0:220,5:1:0:256,7:1:5:110,9:1:7:110,11:1:9:110,13:1:0:256,15:1:13:110,17:1:15:110,19:1:17:110,21:1:0:256,23:1:21:110","m,a,s,p",12.0,65536.0,0.0,,6291456.0,,262144.0,":method,:authority,:scheme,:path"
trial-005,2d56892c-5d95-4691-aefc-0d204c89cb90,2026-04-19 16:47:32.037451488+00:00,205.172.168.145,POST,/collect,HTTP/2.0,0.386,TLS 1.3,h2,TLS_AES_128_GCM_SHA256,uxbehaviorsuite.com,True,3e17436a5d2f991b409d647f89593fcb,t13d1516h2_8daaf6152771_02713d6af862,"h2,http/1.1",h2,2,True,True,0.0,h2_first,"2570,772,771","TLS 1.3,TLS 1.2",2,True,True,True,False,0.0,TLS1.3+TLS1.2,True,15,True,0.0,"2570,4865,4866,4867,49195,49199,49196,49200,52393,52392,49171,49172,156,157,47,53",TLS_AES_128_GCM_SHA256_TLS_AES_256_GCM_SHA384_TLS_CHACHA20_POLY1305_SHA256_ECDHE-ECDSA-AES128-GCM_ECDHE-RSA-AES128-GCM_ECDHE-ECDSA-AES256-GCM_ECDHE-RSA-AES256-GCM_ECDHE-ECDSA-CHACHA20_ECDHE-RSA-CHACHA20_ECDHE-RSA-AES128-CBC_ECDHE-RSA-AES256-CBC_RSA-AES128-GCM_RSA-AES256-GCM_RSA-AES128-CBC_RSA-AES256-CBC,4,True,0.0,"2570,25497,29,23,24",x25519Kyber768_x25519_secp256r1_secp384r1,8,False,,"1027,2052,1025,1283,2053,1281,2054,1537",ecdsa_secp256r1_sha256_rsa_pss_rsae_sha256_rsa_pkcs1_sha256_ecdsa_secp384r1_sha384_rsa_pss_rsae_sha384_rsa_pkcs1_sha384_rsa_pss_rsae_sha512_rsa_pkcs1_sha512,True,t13d1516h2,8daaf6152771,02713d6af862,t,13,d,15,16,h2,"1:65536;2:0;4:6291456;6:262144|15663105|1:1:0:256,3:1:0:220,5:1:0:256,7:1:5:110,9:1:7:110,11:1:9:110,13:1:0:256,15:1:13:110,17:1:15:110,19:1:17:110,21:1:0:256,23:1:21:110|m,a,s,p",1:65536;2:0;4:6291456;6:262144,15663105.0,"1:1:0:256,3:1:0:220,5:1:0:256,7:1:5:110,9:1:7:110,11:1:9:110,13:1:0:256,15:1:13:110,17:1:15:110,19:1:17:110,21:1:0:256,23:1:21:110","m,a,s,p",12.0,65536.0,0.0,,6291456.0,,262144.0,":method,:authority,:scheme,:path"
trial-005,338362d0-1ffa-45bd-b67d-7cbb66285062,2026-04-19 16:47:32.059724535+00:00,205.172.168.145,POST,/collect,HTTP/2.0,0.288,TLS 1.3,h2,TLS_AES_128_GCM_SHA256,uxbehaviorsuite.com,True,3e17436a5d2f991b409d647f89593fcb,t13d1516h2_8daaf6152771_02713d6af862,"h2,http/1.1",h2,2,True,True,0.0,h2_first,"2570,772,771","TLS 1.3,TLS 1.2",2,True,True,True,False,0.0,TLS1.3+TLS1.2,True,15,True,0.0,"2570,4865,4866,4867,49195,49199,49196,49200,52393,52392,49171,49172,156,157,47,53",TLS_AES_128_GCM_SHA256_TLS_AES_256_GCM_SHA384_TLS_CHACHA20_POLY1305_SHA256_ECDHE-ECDSA-AES128-GCM_ECDHE-RSA-AES128-GCM_ECDHE-ECDSA-AES256-GCM_ECDHE-RSA-AES256-GCM_ECDHE-ECDSA-CHACHA20_ECDHE-RSA-CHACHA20_ECDHE-RSA-AES128-CBC_ECDHE-RSA-AES256-CBC_RSA-AES128-GCM_RSA-AES256-GCM_RSA-AES128-CBC_RSA-AES256-CBC,4,True,0.0,"2570,25497,29,23,24",x25519Kyber768_x25519_secp256r1_secp384r1,8,False,,"1027,2052,1025,1283,2053,1281,2054,1537",ecdsa_secp256r1_sha256_rsa_pss_rsae_sha256_rsa_pkcs1_sha256_ecdsa_secp384r1_sha384_rsa_pss_rsae_sha384_rsa_pkcs1_sha384_rsa_pss_rsae_sha512_rsa_pkcs1_sha512,True,t13d1516h2,8daaf6152771,02713d6af862,t,13,d,15,16,h2,"1:65536;2:0;4:6291456;6:262144|15663105|1:1:0:256,3:1:0:220,5:1:0:256,7:1:5:110,9:1:7:110,11:1:9:110,13:1:0:256,15:1:13:110,17:1:15:110,19:1:17:110,21:1:0:256,23:1:21:110,25:1:21:110|m,a,s,p",1:65536;2:0;4:6291456;6:262144,15663105.0,"1:1:0:256,3:1:0:220,5:1:0:256,7:1:5:110,9:1:7:110,11:1:9:110,13:1:0:256,15:1:13:110,17:1:15:110,19:1:17:110,21:1:0:256,23:1:21:110,25:1:21:110","m,a,s,p",13.0,65536.0,0.0,,6291456.0,,262144.0,":method,:authority,:scheme,:path"
trial-005,614ebab7-d151-44f1-af64-c2398b4c338e,2026-04-19 16:47:32.062281684+00:00,205.172.168.145,POST,/collect,HTTP/2.0,0.188,TLS 1.3,h2,TLS_AES_128_GCM_SHA256,uxbehaviorsuite.com,True,3e17436a5d2f991b409d647f89593fcb,t13d1516h2_8daaf6152771_02713d6af862,"h2,http/1.1",h2,2,True,True,0.0,h2_first,"2570,772,771","TLS 1.3,TLS 1.2",2,True,True,True,False,0.0,TLS1.3+TLS1.2,True,15,True,0.0,"2570,4865,4866,4867,49195,49199,49196,49200,52393,52392,49171,49172,156,157,47,53",TLS_AES_128_GCM_SHA256_TLS_AES_256_GCM_SHA384_TLS_CHACHA20_POLY1305_SHA256_ECDHE-ECDSA-AES128-GCM_ECDHE-RSA-AES128-GCM_ECDHE-ECDSA-AES256-GCM_ECDHE-RSA-AES256-GCM_ECDHE-ECDSA-CHACHA20_ECDHE-RSA-CHACHA20_ECDHE-RSA-AES128-CBC_ECDHE-RSA-AES256-CBC_RSA-AES128-GCM_RSA-AES256-GCM_RSA-AES128-CBC_RSA-AES256-CBC,4,True,0.0,"2570,25497,29,23,24",x25519Kyber768_x25519_secp256r1_secp384r1,8,False,,"1027,2052,1025,1283,2053,1281,2054,1537",ecdsa_secp256r1_sha256_rsa_pss_rsae_sha256_rsa_pkcs1_sha256_ecdsa_secp384r1_sha384_rsa_pss_rsae_sha384_rsa_pkcs1_sha384_rsa_pss_rsae_sha512_rsa_pkcs1_sha512,True,t13d1516h2,8daaf6152771,02713d6af862,t,13,d,15,16,h2,"1:65536;2:0;4:6291456;6:262144|15663105|1:1:0:256,3:1:0:220,5:1:0:256,7:1:5:110,9:1:7:110,11:1:9:110,13:1:0:256,15:1:13:110,17:1:15:110,19:1:17:110,21:1:0:256,23:1:21:110,25:1:21:110,27:1:25:110|m,a,s,p",1:65536;2:0;4:6291456;6:262144,15663105.0,"1:1:0:256,3:1:0:220,5:1:0:256,7:1:5:110,9:1:7:110,11:1:9:110,13:1:0:256,15:1:13:110,17:1:15:110,19:1:17:110,21:1:0:256,23:1:21:110,25:1:21:110,27:1:25:110","m,a,s,p",14.0,65536.0,0.0,,6291456.0,,262144.0,":method,:authority,:scheme,:path"
trial-005,866e8ff5-07dc-4808-9358-e80d8b23ecb0,2026-04-19 16:48:37.070358198+00:00,205.172.168.145,GET,/s3-hover-reveal.html,HTTP/2.0,0.252,TLS 1.3,h2,TLS_AES_128_GCM_SHA256,uxbehaviorsuite.com,True,3e17436a5d2f991b409d647f89593fcb,t13d1516h2_8daaf6152771_02713d6af862,"h2,http/1.1",h2,2,True,True,0.0,h2_first,"2570,772,771","TLS 1.3,TLS 1.2",2,True,True,True,False,0.0,TLS1.3+TLS1.2,True,15,True,0.0,"2570,4865,4866,4867,49195,49199,49196,49200,52393,52392,49171,49172,156,157,47,53",TLS_AES_128_GCM_SHA256_TLS_AES_256_GCM_SHA384_TLS_CHACHA20_POLY1305_SHA256_ECDHE-ECDSA-AES128-GCM_ECDHE-RSA-AES128-GCM_ECDHE-ECDSA-AES256-GCM_ECDHE-RSA-AES256-GCM_ECDHE-ECDSA-CHACHA20_ECDHE-RSA-CHACHA20_ECDHE-RSA-AES128-CBC_ECDHE-RSA-AES256-CBC_RSA-AES128-GCM_RSA-AES256-GCM_RSA-AES128-CBC_RSA-AES256-CBC,4,True,0.0,"2570,25497,29,23,24",x25519Kyber768_x25519_secp256r1_secp384r1,8,False,,"1027,2052,1025,1283,2053,1281,2054,1537",ecdsa_secp256r1_sha256_rsa_pss_rsae_sha256_rsa_pkcs1_sha256_ecdsa_secp384r1_sha384_rsa_pss_rsae_sha384_rsa_pkcs1_sha384_rsa_pss_rsae_sha512_rsa_pkcs1_sha512,True,t13d1516h2,8daaf6152771,02713d6af862,t,13,d,15,16,h2,"1:65536;2:0;4:6291456;6:262144|15663105|1:1:0:256,3:1:0:220,5:1:0:256,7:1:5:110,9:1:7:110,11:1:9:110,13:1:0:256,15:1:13:110,17:1:15:110,19:1:17:110,21:1:0:256,23:1:21:110,25:1:21:110,27:1:25:110,29:1:0:110,31:1:0:256|m,a,s,p",1:65536;2:0;4:6291456;6:262144,15663105.0,"1:1:0:256,3:1:0:220,5:1:0:256,7:1:5:110,9:1:7:110,11:1:9:110,13:1:0:256,15:1:13:110,17:1:15:110,19:1:17:110,21:1:0:256,23:1:21:110,25:1:21:110,27:1:25:110,29:1:0:110,31:1:0:256","m,a,s,p",16.0,65536.0,0.0,,6291456.0,,262144.0,":method,:authority,:scheme,:path"
trial-005,8c113328-3795-4356-a287-cfca3fbd8803,2026-04-19 16:48:37.094776281+00:00,205.172.168.145,POST,/collect,HTTP/2.0,0.212,TLS 1.3,h2,TLS_AES_128_GCM_SHA256,uxbehaviorsuite.com,True,3e17436a5d2f991b409d647f89593fcb,t13d1516h2_8daaf6152771_02713d6af862,"h2,http/1.1",h2,2,True,True,0.0,h2_first,"2570,772,771","TLS 1.3,TLS 1.2",2,True,True,True,False,0.0,TLS1.3+TLS1.2,True,15,True,0.0,"2570,4865,4866,4867,49195,49199,49196,49200,52393,52392,49171,49172,156,157,47,53",TLS_AES_128_GCM_SHA256_TLS_AES_256_GCM_SHA384_TLS_CHACHA20_POLY1305_SHA256_ECDHE-ECDSA-AES128-GCM_ECDHE-RSA-AES128-GCM_ECDHE-ECDSA-AES256-GCM_ECDHE-RSA-AES256-GCM_ECDHE-ECDSA-CHACHA20_ECDHE-RSA-CHACHA20_ECDHE-RSA-AES128-CBC_ECDHE-RSA-AES256-CBC_RSA-AES128-GCM_RSA-AES256-GCM_RSA-AES128-CBC_RSA-AES256-CBC,4,True,0.0,"2570,25497,29,23,24",x25519Kyber768_x25519_secp256r1_secp384r1,8,False,,"1027,2052,1025,1283,2053,1281,2054,1537",ecdsa_secp256r1_sha256_rsa_pss_rsae_sha256_rsa_pkcs1_sha256_ecdsa_secp384r1_sha384_rsa_pss_rsae_sha384_rsa_pkcs1_sha384_rsa_pss_rsae_sha512_rsa_pkcs1_sha512,True,t13d1516h2,8daaf6152771,02713d6af862,t,13,d,15,16,h2,"1:65536;2:0;4:6291456;6:262144|15663105|1:1:0:256,3:1:0:220,5:1:0:256,7:1:5:110,9:1:7:110,11:1:9:110,13:1:0:256,15:1:13:110,17:1:15:110,19:1:17:110,21:1:0:256,23:1:21:110,25:1:21:110,27:1:25:110,29:1:0:110,31:1:0:256,33:1:31:110|m,a,s,p",1:65536;2:0;4:6291456;6:262144,15663105.0,"1:1:0:256,3:1:0:220,5:1:0:256,7:1:5:110,9:1:7:110,11:1:9:110,13:1:0:256,15:1:13:110,17:1:15:110,19:1:17:110,21:1:0:256,23:1:21:110,25:1:21:110,27:1:25:110,29:1:0:110,31:1:0:256,33:1:31:110","m,a,s,p",17.0,65536.0,0.0,,6291456.0,,262144.0,":method,:authority,:scheme,:path"
trial-005,bdb7ab83-c23e-4e32-acf1-9688fd856b47,2026-04-19 16:48:37.095294886+00:00,205.172.168.145,POST,/collect,HTTP/2.0,0.183,TLS 1.3,h2,TLS_AES_128_GCM_SHA256,uxbehaviorsuite.com,True,3e17436a5d2f991b409d647f89593fcb,t13d1516h2_8daaf6152771_02713d6af862,"h2,http/1.1",h2,2,True,True,0.0,h2_first,"2570,772,771","TLS 1.3,TLS 1.2",2,True,True,True,False,0.0,TLS1.3+TLS1.2,True,15,True,0.0,"2570,4865,4866,4867,49195,49199,49196,49200,52393,52392,49171,49172,156,157,47,53",TLS_AES_128_GCM_SHA256_TLS_AES_256_GCM_SHA384_TLS_CHACHA20_POLY1305_SHA256_ECDHE-ECDSA-AES128-GCM_ECDHE-RSA-AES128-GCM_ECDHE-ECDSA-AES256-GCM_ECDHE-RSA-AES256-GCM_ECDHE-ECDSA-CHACHA20_ECDHE-RSA-CHACHA20_ECDHE-RSA-AES128-CBC_ECDHE-RSA-AES256-CBC_RSA-AES128-GCM_RSA-AES256-GCM_RSA-AES128-CBC_RSA-AES256-CBC,4,True,0.0,"2570,25497,29,23,24",x25519Kyber768_x25519_secp256r1_secp384r1,8,False,,"1027,2052,1025,1283,2053,1281,2054,1537",ecdsa_secp256r1_sha256_rsa_pss_rsae_sha256_rsa_pkcs1_sha256_ecdsa_secp384r1_sha384_rsa_pss_rsae_sha384_rsa_pkcs1_sha384_rsa_pss_rsae_sha512_rsa_pkcs1_sha512,True,t13d1516h2,8daaf6152771,02713d6af862,t,13,d,15,16,h2,"1:65536;2:0;4:6291456;6:262144|15663105|1:1:0:256,3:1:0:220,5:1:0:256,7:1:5:110,9:1:7:110,11:1:9:110,13:1:0:256,15:1:13:110,17:1:15:110,19:1:17:110,21:1:0:256,23:1:21:110,25:1:21:110,27:1:25:110,29:1:0:110,31:1:0:256,33:1:31:110,35:1:33:110|m,a,s,p",1:65536;2:0;4:6291456;6:262144,15663105.0,"1:1:0:256,3:1:0:220,5:1:0:256,7:1:5:110,9:1:7:110,11:1:9:110,13:1:0:256,15:1:13:110,17:1:15:110,19:1:17:110,21:1:0:256,23:1:21:110,25:1:21:110,27:1:25:110,29:1:0:110,31:1:0:256,33:1:31:110,35:1:33:110","m,a,s,p",18.0,65536.0,0.0,,6291456.0,,262144.0,":method,:authority,:scheme,:path"
trial-005,f88d3314-db42-40c4-bc2d-2822f9ba6c7d,2026-04-19 16:48:55.519668594+00:00,172.71.148.103,GET,/wordpress/wp-admin/setup-config.php,HTTP/2.0,0.139,TLS 1.3,h2,TLS_AES_128_GCM_SHA256,uxbehaviorsuite.com,True,1449472ba4c4ddb602762f628f080be4,t13d1412h2_e33ad33b3d25_6b314db333b6,"h2,http/1.1",h2,2,True,True,0.0,h2_first,"772,771,770,769","TLS 1.3,TLS 1.2,TLS 1.1,TLS 1.0",4,False,True,True,True,,TLS1.3+TLS1.2+TLS1.1+TLS1.0,True,14,False,,"4865,4866,4867,49195,49196,49199,49200,49171,49192,156,157,47,53,10",TLS_AES_128_GCM_SHA256_TLS_AES_256_GCM_SHA384_TLS_CHACHA20_POLY1305_SHA256_ECDHE-ECDSA-AES128-GCM_ECDHE-ECDSA-AES256-GCM_ECDHE-RSA-AES128-GCM_ECDHE-RSA-AES256-GCM_ECDHE-RSA-AES128-CBC_49192_RSA-AES128-GCM_RSA-AES256-GCM_RSA-AES128-CBC_RSA-AES256-CBC_10,7,False,,"29,23,24,25,4588,25497,65074",x25519_secp256r1_secp384r1_secp521r1_X25519MLKEM768_x25519Kyber768_65074,10,False,,"1027,2052,1025,1283,2053,1281,2054,1537,513,1539",ecdsa_secp256r1_sha256_rsa_pss_rsae_sha256_rsa_pkcs1_sha256_ecdsa_secp384r1_sha384_rsa_pss_rsae_sha384_rsa_pkcs1_sha384_rsa_pss_rsae_sha512_rsa_pkcs1_sha512_513_1539,True,t13d1412h2,e33ad33b3d25,6b314db333b6,t,13,d,14,12,h2,"2:0;3:1;4:8388608;5:65536|8323073|0|m,s,a,p",2:0;3:1;4:8388608;5:65536,8323073.0,0,"m,s,a,p",1.0,,0.0,1.0,8388608.0,65536.0,,":method,:scheme,:authority,:path"
trial-005,a4bfb468-8e1d-40bc-a2e3-5ded340baa11,2026-04-19 16:49:45.540662115+00:00,205.172.168.145,GET,/s4-dom-mismatch.html,HTTP/2.0,0.801,TLS 1.3,h2,TLS_AES_128_GCM_SHA256,uxbehaviorsuite.com,True,3e17436a5d2f991b409d647f89593fcb,t13d1516h2_8daaf6152771_02713d6af862,"h2,http/1.1",h2,2,True,True,0.0,h2_first,"2570,772,771","TLS 1.3,TLS 1.2",2,True,True,True,False,0.0,TLS1.3+TLS1.2,True,15,True,0.0,"2570,4865,4866,4867,49195,49199,49196,49200,52393,52392,49171,49172,156,157,47,53",TLS_AES_128_GCM_SHA256_TLS_AES_256_GCM_SHA384_TLS_CHACHA20_POLY1305_SHA256_ECDHE-ECDSA-AES128-GCM_ECDHE-RSA-AES128-GCM_ECDHE-ECDSA-AES256-GCM_ECDHE-RSA-AES256-GCM_ECDHE-ECDSA-CHACHA20_ECDHE-RSA-CHACHA20_ECDHE-RSA-AES128-CBC_ECDHE-RSA-AES256-CBC_RSA-AES128-GCM_RSA-AES256-GCM_RSA-AES128-CBC_RSA-AES256-CBC,4,True,0.0,"2570,25497,29,23,24",x25519Kyber768_x25519_secp256r1_secp384r1,8,False,,"1027,2052,1025,1283,2053,1281,2054,1537",ecdsa_secp256r1_sha256_rsa_pss_rsae_sha256_rsa_pkcs1_sha256_ecdsa_secp384r1_sha384_rsa_pss_rsae_sha384_rsa_pkcs1_sha384_rsa_pss_rsae_sha512_rsa_pkcs1_sha512,True,t13d1516h2,8daaf6152771,02713d6af862,t,13,d,15,16,h2,"1:65536;2:0;4:6291456;6:262144|15663105|1:1:0:256,3:1:0:220,5:1:0:256,7:1:5:110,9:1:7:110,11:1:9:110,13:1:0:256,15:1:13:110,17:1:15:110,19:1:17:110,21:1:0:256,23:1:21:110,25:1:21:110,27:1:25:110,29:1:0:110,31:1:0:256,33:1:31:110,35:1:33:110,37:1:0:256|m,a,s,p",1:65536;2:0;4:6291456;6:262144,15663105.0,"1:1:0:256,3:1:0:220,5:1:0:256,7:1:5:110,9:1:7:110,11:1:9:110,13:1:0:256,15:1:13:110,17:1:15:110,19:1:17:110,21:1:0:256,23:1:21:110,25:1:21:110,27:1:25:110,29:1:0:110,31:1:0:256,33:1:31:110,35:1:33:110,37:1:0:256","m,a,s,p",19.0,65536.0,0.0,,6291456.0,,262144.0,":method,:authority,:scheme,:path"
trial-005,5919b455-b86a-4ac4-9df5-d38f13c0046e,2026-04-19 16:49:45.540946303+00:00,205.172.168.145,POST,/collect,HTTP/2.0,0.435,TLS 1.3,h2,TLS_AES_128_GCM_SHA256,uxbehaviorsuite.com,True,3e17436a5d2f991b409d647f89593fcb,t13d1516h2_8daaf6152771_02713d6af862,"h2,http/1.1",h2,2,True,True,0.0,h2_first,"2570,772,771","TLS 1.3,TLS 1.2",2,True,True,True,False,0.0,TLS1.3+TLS1.2,True,15,True,0.0,"2570,4865,4866,4867,49195,49199,49196,49200,52393,52392,49171,49172,156,157,47,53",TLS_AES_128_GCM_SHA256_TLS_AES_256_GCM_SHA384_TLS_CHACHA20_POLY1305_SHA256_ECDHE-ECDSA-AES128-GCM_ECDHE-RSA-AES128-GCM_ECDHE-ECDSA-AES256-GCM_ECDHE-RSA-AES256-GCM_ECDHE-ECDSA-CHACHA20_ECDHE-RSA-CHACHA20_ECDHE-RSA-AES128-CBC_ECDHE-RSA-AES256-CBC_RSA-AES128-GCM_RSA-AES256-GCM_RSA-AES128-CBC_RSA-AES256-CBC,4,True,0.0,"2570,25497,29,23,24",x25519Kyber768_x25519_secp256r1_secp384r1,8,False,,"1027,2052,1025,1283,2053,1281,2054,1537",ecdsa_secp256r1_sha256_rsa_pss_rsae_sha256_rsa_pkcs1_sha256_ecdsa_secp384r1_sha384_rsa_pss_rsae_sha384_rsa_pkcs1_sha384_rsa_pss_rsae_sha512_rsa_pkcs1_sha512,True,t13d1516h2,8daaf6152771,02713d6af862,t,13,d,15,16,h2,"1:65536;2:0;4:6291456;6:262144|15663105|1:1:0:256,3:1:0:220,5:1:0:256,7:1:5:110,9:1:7:110,11:1:9:110,13:1:0:256,15:1:13:110,17:1:15:110,19:1:17:110,21:1:0:256,23:1:21:110,25:1:21:110,27:1:25:110,29:1:0:110,31:1:0:256,33:1:31:110,35:1:33:110,37:1:0:256,39:1:37:110|m,a,s,p",1:65536;2:0;4:6291456;6:262144,15663105.0,"1:1:0:256,3:1:0:220,5:1:0:256,7:1:5:110,9:1:7:110,11:1:9:110,13:1:0:256,15:1:13:110,17:1:15:110,19:1:17:110,21:1:0:256,23:1:21:110,25:1:21:110,27:1:25:110,29:1:0:110,31:1:0:256,33:1:31:110,35:1:33:110,37:1:0:256,39:1:37:110","m,a,s,p",20.0,65536.0,0.0,,6291456.0,,262144.0,":method,:authority,:scheme,:path"
trial-005,4c89385a-1a5f-4504-ab62-31858eb8a844,2026-04-19 16:49:45.564515051+00:00,205.172.168.145,POST,/collect,HTTP/2.0,0.228,TLS 1.3,h2,TLS_AES_128_GCM_SHA256,uxbehaviorsuite.com,True,3e17436a5d2f991b409d647f89593fcb,t13d1516h2_8daaf6152771_02713d6af862,"h2,http/1.1",h2,2,True,True,0.0,h2_first,"2570,772,771","TLS 1.3,TLS 1.2",2,True,True,True,False,0.0,TLS1.3+TLS1.2,True,15,True,0.0,"2570,4865,4866,4867,49195,49199,49196,49200,52393,52392,49171,49172,156,157,47,53",TLS_AES_128_GCM_SHA256_TLS_AES_256_GCM_SHA384_TLS_CHACHA20_POLY1305_SHA256_ECDHE-ECDSA-AES128-GCM_ECDHE-RSA-AES128-GCM_ECDHE-ECDSA-AES256-GCM_ECDHE-RSA-AES256-GCM_ECDHE-ECDSA-CHACHA20_ECDHE-RSA-CHACHA20_ECDHE-RSA-AES128-CBC_ECDHE-RSA-AES256-CBC_RSA-AES128-GCM_RSA-AES256-GCM_RSA-AES128-CBC_RSA-AES256-CBC,4,True,0.0,"2570,25497,29,23,24",x25519Kyber768_x25519_secp256r1_secp384r1,8,False,,"1027,2052,1025,1283,2053,1281,2054,1537",ecdsa_secp256r1_sha256_rsa_pss_rsae_sha256_rsa_pkcs1_sha256_ecdsa_secp384r1_sha384_rsa_pss_rsae_sha384_rsa_pkcs1_sha384_rsa_pss_rsae_sha512_rsa_pkcs1_sha512,True,t13d1516h2,8daaf6152771,02713d6af862,t,13,d,15,16,h2,"1:65536;2:0;4:6291456;6:262144|15663105|1:1:0:256,3:1:0:220,5:1:0:256,7:1:5:110,9:1:7:110,11:1:9:110,13:1:0:256,15:1:13:110,17:1:15:110,19:1:17:110,21:1:0:256,23:1:21:110,25:1:21:110,27:1:25:110,29:1:0:110,31:1:0:256,33:1:31:110,35:1:33:110,37:1:0:256,39:1:37:110,41:1:39:110|m,a,s,p",1:65536;2:0;4:6291456;6:262144,15663105.0,"1:1:0:256,3:1:0:220,5:1:0:256,7:1:5:110,9:1:7:110,11:1:9:110,13:1:0:256,15:1:13:110,17:1:15:110,19:1:17:110,21:1:0:256,23:1:21:110,25:1:21:110,27:1:25:110,29:1:0:110,31:1:0:256,33:1:31:110,35:1:33:110,37:1:0:256,39:1:37:110,41:1:39:110","m,a,s,p",21.0,65536.0,0.0,,6291456.0,,262144.0,":method,:authority,:scheme,:path"
trial-005,cb8de242-2cdc-4680-a879-fbc1f547d08b,2026-04-19 16:49:45.565407502+00:00,205.172.168.145,POST,/collect,HTTP/2.0,0.187,TLS 1.3,h2,TLS_AES_128_GCM_SHA256,uxbehaviorsuite.com,True,3e17436a5d2f991b409d647f89593fcb,t13d1516h2_8daaf6152771_02713d6af862,"h2,http/1.1",h2,2,True,True,0.0,h2_first,"2570,772,771","TLS 1.3,TLS 1.2",2,True,True,True,False,0.0,TLS1.3+TLS1.2,True,15,True,0.0,"2570,4865,4866,4867,49195,49199,49196,49200,52393,52392,49171,49172,156,157,47,53",TLS_AES_128_GCM_SHA256_TLS_AES_256_GCM_SHA384_TLS_CHACHA20_POLY1305_SHA256_ECDHE-ECDSA-AES128-GCM_ECDHE-RSA-AES128-GCM_ECDHE-ECDSA-AES256-GCM_ECDHE-RSA-AES256-GCM_ECDHE-ECDSA-CHACHA20_ECDHE-RSA-CHACHA20_ECDHE-RSA-AES128-CBC_ECDHE-RSA-AES256-CBC_RSA-AES128-GCM_RSA-AES256-GCM_RSA-AES128-CBC_RSA-AES256-CBC,4,True,0.0,"2570,25497,29,23,24",x25519Kyber768_x25519_secp256r1_secp384r1,8,False,,"1027,2052,1025,1283,2053,1281,2054,1537",ecdsa_secp256r1_sha256_rsa_pss_rsae_sha256_rsa_pkcs1_sha256_ecdsa_secp384r1_sha384_rsa_pss_rsae_sha384_rsa_pkcs1_sha384_rsa_pss_rsae_sha512_rsa_pkcs1_sha512,True,t13d1516h2,8daaf6152771,02713d6af862,t,13,d,15,16,h2,"1:65536;2:0;4:6291456;6:262144|15663105|1:1:0:256,3:1:0:220,5:1:0:256,7:1:5:110,9:1:7:110,11:1:9:110,13:1:0:256,15:1:13:110,17:1:15:110,19:1:17:110,21:1:0:256,23:1:21:110,25:1:21:110,27:1:25:110,29:1:0:110,31:1:0:256,33:1:31:110,35:1:33:110,37:1:0:256,39:1:37:110,41:1:39:110,43:1:41:110|m,a,s,p",1:65536;2:0;4:6291456;6:262144,15663105.0,"1:1:0:256,3:1:0:220,5:1:0:256,7:1:5:110,9:1:7:110,11:1:9:110,13:1:0:256,15:1:13:110,17:1:15:110,19:1:17:110,21:1:0:256,23:1:21:110,25:1:21:110,27:1:25:110,29:1:0:110,31:1:0:256,33:1:31:110,35:1:33:110,37:1:0:256,39:1:37:110,41:1:39:110,43:1:41:110","m,a,s,p",22.0,65536.0,0.0,,6291456.0,,262144.0,":method,:authority,:scheme,:path"
trial-005,1731687f-b183-450e-886c-d39d5aec3f85,2026-04-19 16:50:33.911930020+00:00,141.101.99.116,GET,/wp-admin/setup-config.php,HTTP/2.0,0.171,TLS 1.3,h2,TLS_AES_128_GCM_SHA256,uxbehaviorsuite.com,True,1449472ba4c4ddb602762f628f080be4,t13d1412h2_e33ad33b3d25_6b314db333b6,"h2,http/1.1",h2,2,True,True,0.0,h2_first,"772,771,770,769","TLS 1.3,TLS 1.2,TLS 1.1,TLS 1.0",4,False,True,True,True,,TLS1.3+TLS1.2+TLS1.1+TLS1.0,True,14,False,,"4865,4866,4867,49195,49196,49199,49200,49171,49192,156,157,47,53,10",TLS_AES_128_GCM_SHA256_TLS_AES_256_GCM_SHA384_TLS_CHACHA20_POLY1305_SHA256_ECDHE-ECDSA-AES128-GCM_ECDHE-ECDSA-AES256-GCM_ECDHE-RSA-AES128-GCM_ECDHE-RSA-AES256-GCM_ECDHE-RSA-AES128-CBC_49192_RSA-AES128-GCM_RSA-AES256-GCM_RSA-AES128-CBC_RSA-AES256-CBC_10,7,False,,"29,23,24,25,4588,25497,65074",x25519_secp256r1_secp384r1_secp521r1_X25519MLKEM768_x25519Kyber768_65074,10,False,,"1027,2052,1025,1283,2053,1281,2054,1537,513,1539",ecdsa_secp256r1_sha256_rsa_pss_rsae_sha256_rsa_pkcs1_sha256_ecdsa_secp384r1_sha384_rsa_pss_rsae_sha384_rsa_pkcs1_sha384_rsa_pss_rsae_sha512_rsa_pkcs1_sha512_513_1539,True,t13d1412h2,e33ad33b3d25,6b314db333b6,t,13,d,14,12,h2,"2:0;3:1;4:8388608;5:65536|8323073|0|m,s,a,p",2:0;3:1;4:8388608;5:65536,8323073.0,0,"m,s,a,p",1.0,,0.0,1.0,8388608.0,65536.0,,":method,:scheme,:authority,:path"
trial-006,89f1c99e-f2c3-4fcf-a5e8-b207a54fc771,2026-04-19 16:56:00.722989886+00:00,205.172.168.145,GET,/subscribe-v1.html,HTTP/2.0,0.44,TLS 1.3,h2,TLS_AES_128_GCM_SHA256,uxbehaviorsuite.com,True,d9a5787f9609373cc9cd9e757e295eb1,t13d1516h2_8daaf6152771_02713d6af862,"h2,http/1.1",h2,2,True,True,0.0,h2_first,"2570,772,771","TLS 1.3,TLS 1.2",2,True,True,True,False,0.0,TLS1.3+TLS1.2,True,15,True,0.0,"2570,4865,4866,4867,49195,49199,49196,49200,52393,52392,49171,49172,156,157,47,53",TLS_AES_128_GCM_SHA256_TLS_AES_256_GCM_SHA384_TLS_CHACHA20_POLY1305_SHA256_ECDHE-ECDSA-AES128-GCM_ECDHE-RSA-AES128-GCM_ECDHE-ECDSA-AES256-GCM_ECDHE-RSA-AES256-GCM_ECDHE-ECDSA-CHACHA20_ECDHE-RSA-CHACHA20_ECDHE-RSA-AES128-CBC_ECDHE-RSA-AES256-CBC_RSA-AES128-GCM_RSA-AES256-GCM_RSA-AES128-CBC_RSA-AES256-CBC,4,True,0.0,"2570,25497,29,23,24",x25519Kyber768_x25519_secp256r1_secp384r1,8,False,,"1027,2052,1025,1283,2053,1281,2054,1537",ecdsa_secp256r1_sha256_rsa_pss_rsae_sha256_rsa_pkcs1_sha256_ecdsa_secp384r1_sha384_rsa_pss_rsae_sha384_rsa_pkcs1_sha384_rsa_pss_rsae_sha512_rsa_pkcs1_sha512,True,t13d1516h2,8daaf6152771,02713d6af862,t,13,d,15,16,h2,"1:65536;2:0;4:6291456;6:262144|15663105|1:1:0:256|m,a,s,p",1:65536;2:0;4:6291456;6:262144,15663105.0,1:1:0:256,"m,a,s,p",1.0,65536.0,0.0,,6291456.0,,262144.0,":method,:authority,:scheme,:path"
trial-006,12101dff-b8a4-4e5a-90ed-e8fd5bc84274,2026-04-19 16:56:00.764281307+00:00,205.172.168.145,GET,/logger.js,HTTP/2.0,0.365,TLS 1.3,h2,TLS_AES_128_GCM_SHA256,uxbehaviorsuite.com,True,d9a5787f9609373cc9cd9e757e295eb1,t13d1516h2_8daaf6152771_02713d6af862,"h2,http/1.1",h2,2,True,True,0.0,h2_first,"2570,772,771","TLS 1.3,TLS 1.2",2,True,True,True,False,0.0,TLS1.3+TLS1.2,True,15,True,0.0,"2570,4865,4866,4867,49195,49199,49196,49200,52393,52392,49171,49172,156,157,47,53",TLS_AES_128_GCM_SHA256_TLS_AES_256_GCM_SHA384_TLS_CHACHA20_POLY1305_SHA256_ECDHE-ECDSA-AES128-GCM_ECDHE-RSA-AES128-GCM_ECDHE-ECDSA-AES256-GCM_ECDHE-RSA-AES256-GCM_ECDHE-ECDSA-CHACHA20_ECDHE-RSA-CHACHA20_ECDHE-RSA-AES128-CBC_ECDHE-RSA-AES256-CBC_RSA-AES128-GCM_RSA-AES256-GCM_RSA-AES128-CBC_RSA-AES256-CBC,4,True,0.0,"2570,25497,29,23,24",x25519Kyber768_x25519_secp256r1_secp384r1,8,False,,"1027,2052,1025,1283,2053,1281,2054,1537",ecdsa_secp256r1_sha256_rsa_pss_rsae_sha256_rsa_pkcs1_sha256_ecdsa_secp384r1_sha384_rsa_pss_rsae_sha384_rsa_pkcs1_sha384_rsa_pss_rsae_sha512_rsa_pkcs1_sha512,True,t13d1516h2,8daaf6152771,02713d6af862,t,13,d,15,16,h2,"1:65536;2:0;4:6291456;6:262144|15663105|1:1:0:256,3:1:0:220|m,a,s,p",1:65536;2:0;4:6291456;6:262144,15663105.0,"1:1:0:256,3:1:0:220","m,a,s,p",2.0,65536.0,0.0,,6291456.0,,262144.0,":method,:authority,:scheme,:path"
trial-006,c874231b-8d10-4815-a44a-80b8c8a1af8e,2026-04-19 16:57:12.758383641+00:00,205.172.168.145,GET,/subscribe-v2.html,HTTP/2.0,0.412,TLS 1.3,h2,TLS_AES_128_GCM_SHA256,uxbehaviorsuite.com,True,d9a5787f9609373cc9cd9e757e295eb1,t13d1516h2_8daaf6152771_02713d6af862,"h2,http/1.1",h2,2,True,True,0.0,h2_first,"2570,772,771","TLS 1.3,TLS 1.2",2,True,True,True,False,0.0,TLS1.3+TLS1.2,True,15,True,0.0,"2570,4865,4866,4867,49195,49199,49196,49200,52393,52392,49171,49172,156,157,47,53",TLS_AES_128_GCM_SHA256_TLS_AES_256_GCM_SHA384_TLS_CHACHA20_POLY1305_SHA256_ECDHE-ECDSA-AES128-GCM_ECDHE-RSA-AES128-GCM_ECDHE-ECDSA-AES256-GCM_ECDHE-RSA-AES256-GCM_ECDHE-ECDSA-CHACHA20_ECDHE-RSA-CHACHA20_ECDHE-RSA-AES128-CBC_ECDHE-RSA-AES256-CBC_RSA-AES128-GCM_RSA-AES256-GCM_RSA-AES128-CBC_RSA-AES256-CBC,4,True,0.0,"2570,25497,29,23,24",x25519Kyber768_x25519_secp256r1_secp384r1,8,False,,"1027,2052,1025,1283,2053,1281,2054,1537",ecdsa_secp256r1_sha256_rsa_pss_rsae_sha256_rsa_pkcs1_sha256_ecdsa_secp384r1_sha384_rsa_pss_rsae_sha384_rsa_pkcs1_sha384_rsa_pss_rsae_sha512_rsa_pkcs1_sha512,True,t13d1516h2,8daaf6152771,02713d6af862,t,13,d,15,16,h2,"1:65536;2:0;4:6291456;6:262144|15663105|1:1:0:256,3:1:0:220,5:1:0:256,7:1:5:110|m,a,s,p",1:65536;2:0;4:6291456;6:262144,15663105.0,"1:1:0:256,3:1:0:220,5:1:0:256,7:1:5:110","m,a,s,p",4.0,65536.0,0.0,,6291456.0,,262144.0,":method,:authority,:scheme,:path"
trial-006,94b59f3d-5810-4845-832a-685516f29882,2026-04-19 16:57:12.758516346+00:00,205.172.168.145,POST,/collect,HTTP/2.0,0.445,TLS 1.3,h2,TLS_AES_128_GCM_SHA256,uxbehaviorsuite.com,True,d9a5787f9609373cc9cd9e757e295eb1,t13d1516h2_8daaf6152771_02713d6af862,"h2,http/1.1",h2,2,True,True,0.0,h2_first,"2570,772,771","TLS 1.3,TLS 1.2",2,True,True,True,False,0.0,TLS1.3+TLS1.2,True,15,True,0.0,"2570,4865,4866,4867,49195,49199,49196,49200,52393,52392,49171,49172,156,157,47,53",TLS_AES_128_GCM_SHA256_TLS_AES_256_GCM_SHA384_TLS_CHACHA20_POLY1305_SHA256_ECDHE-ECDSA-AES128-GCM_ECDHE-RSA-AES128-GCM_ECDHE-ECDSA-AES256-GCM_ECDHE-RSA-AES256-GCM_ECDHE-ECDSA-CHACHA20_ECDHE-RSA-CHACHA20_ECDHE-RSA-AES128-CBC_ECDHE-RSA-AES256-CBC_RSA-AES128-GCM_RSA-AES256-GCM_RSA-AES128-CBC_RSA-AES256-CBC,4,True,0.0,"2570,25497,29,23,24",x25519Kyber768_x25519_secp256r1_secp384r1,8,False,,"1027,2052,1025,1283,2053,1281,2054,1537",ecdsa_secp256r1_sha256_rsa_pss_rsae_sha256_rsa_pkcs1_sha256_ecdsa_secp384r1_sha384_rsa_pss_rsae_sha384_rsa_pkcs1_sha384_rsa_pss_rsae_sha512_rsa_pkcs1_sha512,True,t13d1516h2,8daaf6152771,02713d6af862,t,13,d,15,16,h2,"1:65536;2:0;4:6291456;6:262144|15663105|1:1:0:256,3:1:0:220,5:1:0:256,7:1:5:110|m,a,s,p",1:65536;2:0;4:6291456;6:262144,15663105.0,"1:1:0:256,3:1:0:220,5:1:0:256,7:1:5:110","m,a,s,p",4.0,65536.0,0.0,,6291456.0,,262144.0,":method,:authority,:scheme,:path"
trial-006,ac197f12-2987-4814-a2b4-c5abfb014bed,2026-04-19 16:57:12.781762897+00:00,205.172.168.145,POST,/collect,HTTP/2.0,0.207,TLS 1.3,h2,TLS_AES_128_GCM_SHA256,uxbehaviorsuite.com,True,d9a5787f9609373cc9cd9e757e295eb1,t13d1516h2_8daaf6152771_02713d6af862,"h2,http/1.1",h2,2,True,True,0.0,h2_first,"2570,772,771","TLS 1.3,TLS 1.2",2,True,True,True,False,0.0,TLS1.3+TLS1.2,True,15,True,0.0,"2570,4865,4866,4867,49195,49199,49196,49200,52393,52392,49171,49172,156,157,47,53",TLS_AES_128_GCM_SHA256_TLS_AES_256_GCM_SHA384_TLS_CHACHA20_POLY1305_SHA256_ECDHE-ECDSA-AES128-GCM_ECDHE-RSA-AES128-GCM_ECDHE-ECDSA-AES256-GCM_ECDHE-RSA-AES256-GCM_ECDHE-ECDSA-CHACHA20_ECDHE-RSA-CHACHA20_ECDHE-RSA-AES128-CBC_ECDHE-RSA-AES256-CBC_RSA-AES128-GCM_RSA-AES256-GCM_RSA-AES128-CBC_RSA-AES256-CBC,4,True,0.0,"2570,25497,29,23,24",x25519Kyber768_x25519_secp256r1_secp384r1,8,False,,"1027,2052,1025,1283,2053,1281,2054,1537",ecdsa_secp256r1_sha256_rsa_pss_rsae_sha256_rsa_pkcs1_sha256_ecdsa_secp384r1_sha384_rsa_pss_rsae_sha384_rsa_pkcs1_sha384_rsa_pss_rsae_sha512_rsa_pkcs1_sha512,True,t13d1516h2,8daaf6152771,02713d6af862,t,13,d,15,16,h2,"1:65536;2:0;4:6291456;6:262144|15663105|1:1:0:256,3:1:0:220,5:1:0:256,7:1:5:110,9:1:7:110|m,a,s,p",1:65536;2:0;4:6291456;6:262144,15663105.0,"1:1:0:256,3:1:0:220,5:1:0:256,7:1:5:110,9:1:7:110","m,a,s,p",5.0,65536.0,0.0,,6291456.0,,262144.0,":method,:authority,:scheme,:path"
trial-006,0f37ee46-2914-40fe-aa0c-08f87db82af4,2026-04-19 16:57:12.783509096+00:00,205.172.168.145,POST,/collect,HTTP/2.0,0.227,TLS 1.3,h2,TLS_AES_128_GCM_SHA256,uxbehaviorsuite.com,True,d9a5787f9609373cc9cd9e757e295eb1,t13d1516h2_8daaf6152771_02713d6af862,"h2,http/1.1",h2,2,True,True,0.0,h2_first,"2570,772,771","TLS 1.3,TLS 1.2",2,True,True,True,False,0.0,TLS1.3+TLS1.2,True,15,True,0.0,"2570,4865,4866,4867,49195,49199,49196,49200,52393,52392,49171,49172,156,157,47,53",TLS_AES_128_GCM_SHA256_TLS_AES_256_GCM_SHA384_TLS_CHACHA20_POLY1305_SHA256_ECDHE-ECDSA-AES128-GCM_ECDHE-RSA-AES128-GCM_ECDHE-ECDSA-AES256-GCM_ECDHE-RSA-AES256-GCM_ECDHE-ECDSA-CHACHA20_ECDHE-RSA-CHACHA20_ECDHE-RSA-AES128-CBC_ECDHE-RSA-AES256-CBC_RSA-AES128-GCM_RSA-AES256-GCM_RSA-AES128-CBC_RSA-AES256-CBC,4,True,0.0,"2570,25497,29,23,24",x25519Kyber768_x25519_secp256r1_secp384r1,8,False,,"1027,2052,1025,1283,2053,1281,2054,1537",ecdsa_secp256r1_sha256_rsa_pss_rsae_sha256_rsa_pkcs1_sha256_ecdsa_secp384r1_sha384_rsa_pss_rsae_sha384_rsa_pkcs1_sha384_rsa_pss_rsae_sha512_rsa_pkcs1_sha512,True,t13d1516h2,8daaf6152771,02713d6af862,t,13,d,15,16,h2,"1:65536;2:0;4:6291456;6:262144|15663105|1:1:0:256,3:1:0:220,5:1:0:256,7:1:5:110,9:1:7:110,11:1:9:110|m,a,s,p",1:65536;2:0;4:6291456;6:262144,15663105.0,"1:1:0:256,3:1:0:220,5:1:0:256,7:1:5:110,9:1:7:110,11:1:9:110","m,a,s,p",6.0,65536.0,0.0,,6291456.0,,262144.0,":method,:authority,:scheme,:path"
trial-006,20076b96-b5d4-466d-9b18-84f70d9089cc,2026-04-19 16:58:31.685884436+00:00,205.172.168.145,GET,/subscribe-v3.html,HTTP/2.0,0.595,TLS 1.3,h2,TLS_AES_128_GCM_SHA256,uxbehaviorsuite.com,True,d9a5787f9609373cc9cd9e757e295eb1,t13d1516h2_8daaf6152771_02713d6af862,"h2,http/1.1",h2,2,True,True,0.0,h2_first,"2570,772,771","TLS 1.3,TLS 1.2",2,True,True,True,False,0.0,TLS1.3+TLS1.2,True,15,True,0.0,"2570,4865,4866,4867,49195,49199,49196,49200,52393,52392,49171,49172,156,157,47,53",TLS_AES_128_GCM_SHA256_TLS_AES_256_GCM_SHA384_TLS_CHACHA20_POLY1305_SHA256_ECDHE-ECDSA-AES128-GCM_ECDHE-RSA-AES128-GCM_ECDHE-ECDSA-AES256-GCM_ECDHE-RSA-AES256-GCM_ECDHE-ECDSA-CHACHA20_ECDHE-RSA-CHACHA20_ECDHE-RSA-AES128-CBC_ECDHE-RSA-AES256-CBC_RSA-AES128-GCM_RSA-AES256-GCM_RSA-AES128-CBC_RSA-AES256-CBC,4,True,0.0,"2570,25497,29,23,24",x25519Kyber768_x25519_secp256r1_secp384r1,8,False,,"1027,2052,1025,1283,2053,1281,2054,1537",ecdsa_secp256r1_sha256_rsa_pss_rsae_sha256_rsa_pkcs1_sha256_ecdsa_secp384r1_sha384_rsa_pss_rsae_sha384_rsa_pkcs1_sha384_rsa_pss_rsae_sha512_rsa_pkcs1_sha512,True,t13d1516h2,8daaf6152771,02713d6af862,t,13,d,15,16,h2,"1:65536;2:0;4:6291456;6:262144|15663105|1:1:0:256,3:1:0:220,5:1:0:256,7:1:5:110,9:1:7:110,11:1:9:110,13:1:0:256,15:1:13:110|m,a,s,p",1:65536;2:0;4:6291456;6:262144,15663105.0,"1:1:0:256,3:1:0:220,5:1:0:256,7:1:5:110,9:1:7:110,11:1:9:110,13:1:0:256,15:1:13:110","m,a,s,p",8.0,65536.0,0.0,,6291456.0,,262144.0,":method,:authority,:scheme,:path"
trial-006,57c8e849-2eb1-460e-a5cf-ffe117d383e0,2026-04-19 16:58:31.686010530+00:00,205.172.168.145,POST,/collect,HTTP/2.0,1.076,TLS 1.3,h2,TLS_AES_128_GCM_SHA256,uxbehaviorsuite.com,True,d9a5787f9609373cc9cd9e757e295eb1,t13d1516h2_8daaf6152771_02713d6af862,"h2,http/1.1",h2,2,True,True,0.0,h2_first,"2570,772,771","TLS 1.3,TLS 1.2",2,True,True,True,False,0.0,TLS1.3+TLS1.2,True,15,True,0.0,"2570,4865,4866,4867,49195,49199,49196,49200,52393,52392,49171,49172,156,157,47,53",TLS_AES_128_GCM_SHA256_TLS_AES_256_GCM_SHA384_TLS_CHACHA20_POLY1305_SHA256_ECDHE-ECDSA-AES128-GCM_ECDHE-RSA-AES128-GCM_ECDHE-ECDSA-AES256-GCM_ECDHE-RSA-AES256-GCM_ECDHE-ECDSA-CHACHA20_ECDHE-RSA-CHACHA20_ECDHE-RSA-AES128-CBC_ECDHE-RSA-AES256-CBC_RSA-AES128-GCM_RSA-AES256-GCM_RSA-AES128-CBC_RSA-AES256-CBC,4,True,0.0,"2570,25497,29,23,24",x25519Kyber768_x25519_secp256r1_secp384r1,8,False,,"1027,2052,1025,1283,2053,1281,2054,1537",ecdsa_secp256r1_sha256_rsa_pss_rsae_sha256_rsa_pkcs1_sha256_ecdsa_secp384r1_sha384_rsa_pss_rsae_sha384_rsa_pkcs1_sha384_rsa_pss_rsae_sha512_rsa_pkcs1_sha512,True,t13d1516h2,8daaf6152771,02713d6af862,t,13,d,15,16,h2,"1:65536;2:0;4:6291456;6:262144|15663105|1:1:0:256,3:1:0:220,5:1:0:256,7:1:5:110,9:1:7:110,11:1:9:110,13:1:0:256,15:1:13:110|m,a,s,p",1:65536;2:0;4:6291456;6:262144,15663105.0,"1:1:0:256,3:1:0:220,5:1:0:256,7:1:5:110,9:1:7:110,11:1:9:110,13:1:0:256,15:1:13:110","m,a,s,p",8.0,65536.0,0.0,,6291456.0,,262144.0,":method,:authority,:scheme,:path"
trial-006,96fc8b79-84c5-4e93-a90f-b6a44da7fae0,2026-04-19 16:58:31.705751456+00:00,205.172.168.145,POST,/collect,HTTP/2.0,0.263,TLS 1.3,h2,TLS_AES_128_GCM_SHA256,uxbehaviorsuite.com,True,d9a5787f9609373cc9cd9e757e295eb1,t13d1516h2_8daaf6152771_02713d6af862,"h2,http/1.1",h2,2,True,True,0.0,h2_first,"2570,772,771","TLS 1.3,TLS 1.2",2,True,True,True,False,0.0,TLS1.3+TLS1.2,True,15,True,0.0,"2570,4865,4866,4867,49195,49199,49196,49200,52393,52392,49171,49172,156,157,47,53",TLS_AES_128_GCM_SHA256_TLS_AES_256_GCM_SHA384_TLS_CHACHA20_POLY1305_SHA256_ECDHE-ECDSA-AES128-GCM_ECDHE-RSA-AES128-GCM_ECDHE-ECDSA-AES256-GCM_ECDHE-RSA-AES256-GCM_ECDHE-ECDSA-CHACHA20_ECDHE-RSA-CHACHA20_ECDHE-RSA-AES128-CBC_ECDHE-RSA-AES256-CBC_RSA-AES128-GCM_RSA-AES256-GCM_RSA-AES128-CBC_RSA-AES256-CBC,4,True,0.0,"2570,25497,29,23,24",x25519Kyber768_x25519_secp256r1_secp384r1,8,False,,"1027,2052,1025,1283,2053,1281,2054,1537",ecdsa_secp256r1_sha256_rsa_pss_rsae_sha256_rsa_pkcs1_sha256_ecdsa_secp384r1_sha384_rsa_pss_rsae_sha384_rsa_pkcs1_sha384_rsa_pss_rsae_sha512_rsa_pkcs1_sha512,True,t13d1516h2,8daaf6152771,02713d6af862,t,13,d,15,16,h2,"1:65536;2:0;4:6291456;6:262144|15663105|1:1:0:256,3:1:0:220,5:1:0:256,7:1:5:110,9:1:7:110,11:1:9:110,13:1:0:256,15:1:13:110,17:1:15:110|m,a,s,p",1:65536;2:0;4:6291456;6:262144,15663105.0,"1:1:0:256,3:1:0:220,5:1:0:256,7:1:5:110,9:1:7:110,11:1:9:110,13:1:0:256,15:1:13:110,17:1:15:110","m,a,s,p",9.0,65536.0,0.0,,6291456.0,,262144.0,":method,:authority,:scheme,:path"
trial-006,72646d25-e809-44c7-bbca-4c866bd9f969,2026-04-19 16:58:31.707169680+00:00,205.172.168.145,POST,/collect,HTTP/2.0,0.243,TLS 1.3,h2,TLS_AES_128_GCM_SHA256,uxbehaviorsuite.com,True,d9a5787f9609373cc9cd9e757e295eb1,t13d1516h2_8daaf6152771_02713d6af862,"h2,http/1.1",h2,2,True,True,0.0,h2_first,"2570,772,771","TLS 1.3,TLS 1.2",2,True,True,True,False,0.0,TLS1.3+TLS1.2,True,15,True,0.0,"2570,4865,4866,4867,49195,49199,49196,49200,52393,52392,49171,49172,156,157,47,53",TLS_AES_128_GCM_SHA256_TLS_AES_256_GCM_SHA384_TLS_CHACHA20_POLY1305_SHA256_ECDHE-ECDSA-AES128-GCM_ECDHE-RSA-AES128-GCM_ECDHE-ECDSA-AES256-GCM_ECDHE-RSA-AES256-GCM_ECDHE-ECDSA-CHACHA20_ECDHE-RSA-CHACHA20_ECDHE-RSA-AES128-CBC_ECDHE-RSA-AES256-CBC_RSA-AES128-GCM_RSA-AES256-GCM_RSA-AES128-CBC_RSA-AES256-CBC,4,True,0.0,"2570,25497,29,23,24",x25519Kyber768_x25519_secp256r1_secp384r1,8,False,,"1027,2052,1025,1283,2053,1281,2054,1537",ecdsa_secp256r1_sha256_rsa_pss_rsae_sha256_rsa_pkcs1_sha256_ecdsa_secp384r1_sha384_rsa_pss_rsae_sha384_rsa_pkcs1_sha384_rsa_pss_rsae_sha512_rsa_pkcs1_sha512,True,t13d1516h2,8daaf6152771,02713d6af862,t,13,d,15,16,h2,"1:65536;2:0;4:6291456;6:262144|15663105|1:1:0:256,3:1:0:220,5:1:0:256,7:1:5:110,9:1:7:110,11:1:9:110,13:1:0:256,15:1:13:110,17:1:15:110,19:1:17:110|m,a,s,p",1:65536;2:0;4:6291456;6:262144,15663105.0,"1:1:0:256,3:1:0:220,5:1:0:256,7:1:5:110,9:1:7:110,11:1:9:110,13:1:0:256,15:1:13:110,17:1:15:110,19:1:17:110","m,a,s,p",10.0,65536.0,0.0,,6291456.0,,262144.0,":method,:authority,:scheme,:path"
trial-006,8688b0c0-a0af-412a-b427-76144fc0a597,2026-04-19 16:59:14.067420443+00:00,205.172.168.145,GET,/s2-scroll-gate.html,HTTP/2.0,1.569,TLS 1.3,h2,TLS_AES_128_GCM_SHA256,uxbehaviorsuite.com,True,d9a5787f9609373cc9cd9e757e295eb1,t13d1516h2_8daaf6152771_02713d6af862,"h2,http/1.1",h2,2,True,True,0.0,h2_first,"2570,772,771","TLS 1.3,TLS 1.2",2,True,True,True,False,0.0,TLS1.3+TLS1.2,True,15,True,0.0,"2570,4865,4866,4867,49195,49199,49196,49200,52393,52392,49171,49172,156,157,47,53",TLS_AES_128_GCM_SHA256_TLS_AES_256_GCM_SHA384_TLS_CHACHA20_POLY1305_SHA256_ECDHE-ECDSA-AES128-GCM_ECDHE-RSA-AES128-GCM_ECDHE-ECDSA-AES256-GCM_ECDHE-RSA-AES256-GCM_ECDHE-ECDSA-CHACHA20_ECDHE-RSA-CHACHA20_ECDHE-RSA-AES128-CBC_ECDHE-RSA-AES256-CBC_RSA-AES128-GCM_RSA-AES256-GCM_RSA-AES128-CBC_RSA-AES256-CBC,4,True,0.0,"2570,25497,29,23,24",x25519Kyber768_x25519_secp256r1_secp384r1,8,False,,"1027,2052,1025,1283,2053,1281,2054,1537",ecdsa_secp256r1_sha256_rsa_pss_rsae_sha256_rsa_pkcs1_sha256_ecdsa_secp384r1_sha384_rsa_pss_rsae_sha384_rsa_pkcs1_sha384_rsa_pss_rsae_sha512_rsa_pkcs1_sha512,True,t13d1516h2,8daaf6152771,02713d6af862,t,13,d,15,16,h2,"1:65536;2:0;4:6291456;6:262144|15663105|1:1:0:256,3:1:0:220,5:1:0:256,7:1:5:110,9:1:7:110,11:1:9:110,13:1:0:256,15:1:13:110,17:1:15:110,19:1:17:110,21:1:0:256|m,a,s,p",1:65536;2:0;4:6291456;6:262144,15663105.0,"1:1:0:256,3:1:0:220,5:1:0:256,7:1:5:110,9:1:7:110,11:1:9:110,13:1:0:256,15:1:13:110,17:1:15:110,19:1:17:110,21:1:0:256","m,a,s,p",11.0,65536.0,0.0,,6291456.0,,262144.0,":method,:authority,:scheme,:path"
trial-006,dcbf7f60-4fa7-4525-a9d6-2fb95487eac1,2026-04-19 16:59:14.067989808+00:00,205.172.168.145,POST,/collect,HTTP/2.0,0.549,TLS 1.3,h2,TLS_AES_128_GCM_SHA256,uxbehaviorsuite.com,True,d9a5787f9609373cc9cd9e757e295eb1,t13d1516h2_8daaf6152771_02713d6af862,"h2,http/1.1",h2,2,True,True,0.0,h2_first,"2570,772,771","TLS 1.3,TLS 1.2",2,True,True,True,False,0.0,TLS1.3+TLS1.2,True,15,True,0.0,"2570,4865,4866,4867,49195,49199,49196,49200,52393,52392,49171,49172,156,157,47,53",TLS_AES_128_GCM_SHA256_TLS_AES_256_GCM_SHA384_TLS_CHACHA20_POLY1305_SHA256_ECDHE-ECDSA-AES128-GCM_ECDHE-RSA-AES128-GCM_ECDHE-ECDSA-AES256-GCM_ECDHE-RSA-AES256-GCM_ECDHE-ECDSA-CHACHA20_ECDHE-RSA-CHACHA20_ECDHE-RSA-AES128-CBC_ECDHE-RSA-AES256-CBC_RSA-AES128-GCM_RSA-AES256-GCM_RSA-AES128-CBC_RSA-AES256-CBC,4,True,0.0,"2570,25497,29,23,24",x25519Kyber768_x25519_secp256r1_secp384r1,8,False,,"1027,2052,1025,1283,2053,1281,2054,1537",ecdsa_secp256r1_sha256_rsa_pss_rsae_sha256_rsa_pkcs1_sha256_ecdsa_secp384r1_sha384_rsa_pss_rsae_sha384_rsa_pkcs1_sha384_rsa_pss_rsae_sha512_rsa_pkcs1_sha512,True,t13d1516h2,8daaf6152771,02713d6af862,t,13,d,15,16,h2,"1:65536;2:0;4:6291456;6:262144|15663105|1:1:0:256,3:1:0:220,5:1:0:256,7:1:5:110,9:1:7:110,11:1:9:110,13:1:0:256,15:1:13:110,17:1:15:110,19:1:17:110,21:1:0:256,23:1:21:110|m,a,s,p",1:65536;2:0;4:6291456;6:262144,15663105.0,"1:1:0:256,3:1:0:220,5:1:0:256,7:1:5:110,9:1:7:110,11:1:9:110,13:1:0:256,15:1:13:110,17:1:15:110,19:1:17:110,21:1:0:256,23:1:21:110","m,a,s,p",12.0,65536.0,0.0,,6291456.0,,262144.0,":method,:authority,:scheme,:path"
trial-006,ec2f5836-9eb9-4714-854f-56e16b966ff2,2026-04-19 16:59:14.090375670+00:00,205.172.168.145,POST,/collect,HTTP/2.0,0.262,TLS 1.3,h2,TLS_AES_128_GCM_SHA256,uxbehaviorsuite.com,True,d9a5787f9609373cc9cd9e757e295eb1,t13d1516h2_8daaf6152771_02713d6af862,"h2,http/1.1",h2,2,True,True,0.0,h2_first,"2570,772,771","TLS 1.3,TLS 1.2",2,True,True,True,False,0.0,TLS1.3+TLS1.2,True,15,True,0.0,"2570,4865,4866,4867,49195,49199,49196,49200,52393,52392,49171,49172,156,157,47,53",TLS_AES_128_GCM_SHA256_TLS_AES_256_GCM_SHA384_TLS_CHACHA20_POLY1305_SHA256_ECDHE-ECDSA-AES128-GCM_ECDHE-RSA-AES128-GCM_ECDHE-ECDSA-AES256-GCM_ECDHE-RSA-AES256-GCM_ECDHE-ECDSA-CHACHA20_ECDHE-RSA-CHACHA20_ECDHE-RSA-AES128-CBC_ECDHE-RSA-AES256-CBC_RSA-AES128-GCM_RSA-AES256-GCM_RSA-AES128-CBC_RSA-AES256-CBC,4,True,0.0,"2570,25497,29,23,24",x25519Kyber768_x25519_secp256r1_secp384r1,8,False,,"1027,2052,1025,1283,2053,1281,2054,1537",ecdsa_secp256r1_sha256_rsa_pss_rsae_sha256_rsa_pkcs1_sha256_ecdsa_secp384r1_sha384_rsa_pss_rsae_sha384_rsa_pkcs1_sha384_rsa_pss_rsae_sha512_rsa_pkcs1_sha512,True,t13d1516h2,8daaf6152771,02713d6af862,t,13,d,15,16,h2,"1:65536;2:0;4:6291456;6:262144|15663105|1:1:0:256,3:1:0:220,5:1:0:256,7:1:5:110,9:1:7:110,11:1:9:110,13:1:0:256,15:1:13:110,17:1:15:110,19:1:17:110,21:1:0:256,23:1:21:110,25:1:23:110|m,a,s,p",1:65536;2:0;4:6291456;6:262144,15663105.0,"1:1:0:256,3:1:0:220,5:1:0:256,7:1:5:110,9:1:7:110,11:1:9:110,13:1:0:256,15:1:13:110,17:1:15:110,19:1:17:110,21:1:0:256,23:1:21:110,25:1:23:110","m,a,s,p",13.0,65536.0,0.0,,6291456.0,,262144.0,":method,:authority,:scheme,:path"
trial-006,a0f7c6e0-2653-4f89-908d-a446adbfe9dc,2026-04-19 16:59:14.093858590+00:00,205.172.168.145,POST,/collect,HTTP/2.0,0.251,TLS 1.3,h2,TLS_AES_128_GCM_SHA256,uxbehaviorsuite.com,True,d9a5787f9609373cc9cd9e757e295eb1,t13d1516h2_8daaf6152771_02713d6af862,"h2,http/1.1",h2,2,True,True,0.0,h2_first,"2570,772,771","TLS 1.3,TLS 1.2",2,True,True,True,False,0.0,TLS1.3+TLS1.2,True,15,True,0.0,"2570,4865,4866,4867,49195,49199,49196,49200,52393,52392,49171,49172,156,157,47,53",TLS_AES_128_GCM_SHA256_TLS_AES_256_GCM_SHA384_TLS_CHACHA20_POLY1305_SHA256_ECDHE-ECDSA-AES128-GCM_ECDHE-RSA-AES128-GCM_ECDHE-ECDSA-AES256-GCM_ECDHE-RSA-AES256-GCM_ECDHE-ECDSA-CHACHA20_ECDHE-RSA-CHACHA20_ECDHE-RSA-AES128-CBC_ECDHE-RSA-AES256-CBC_RSA-AES128-GCM_RSA-AES256-GCM_RSA-AES128-CBC_RSA-AES256-CBC,4,True,0.0,"2570,25497,29,23,24",x25519Kyber768_x25519_secp256r1_secp384r1,8,False,,"1027,2052,1025,1283,2053,1281,2054,1537",ecdsa_secp256r1_sha256_rsa_pss_rsae_sha256_rsa_pkcs1_sha256_ecdsa_secp384r1_sha384_rsa_pss_rsae_sha384_rsa_pkcs1_sha384_rsa_pss_rsae_sha512_rsa_pkcs1_sha512,True,t13d1516h2,8daaf6152771,02713d6af862,t,13,d,15,16,h2,"1:65536;2:0;4:6291456;6:262144|15663105|1:1:0:256,3:1:0:220,5:1:0:256,7:1:5:110,9:1:7:110,11:1:9:110,13:1:0:256,15:1:13:110,17:1:15:110,19:1:17:110,21:1:0:256,23:1:21:110,25:1:23:110,27:1:25:110|m,a,s,p",1:65536;2:0;4:6291456;6:262144,15663105.0,"1:1:0:256,3:1:0:220,5:1:0:256,7:1:5:110,9:1:7:110,11:1:9:110,13:1:0:256,15:1:13:110,17:1:15:110,19:1:17:110,21:1:0:256,23:1:21:110,25:1:23:110,27:1:25:110","m,a,s,p",14.0,65536.0,0.0,,6291456.0,,262144.0,":method,:authority,:scheme,:path"
trial-006,d1efe062-b006-4476-b64e-247a494859ba,2026-04-19 17:00:11.418956514+00:00,205.172.168.145,GET,/s3-hover-reveal.html,HTTP/2.0,0.575,TLS 1.3,h2,TLS_AES_128_GCM_SHA256,uxbehaviorsuite.com,True,d9a5787f9609373cc9cd9e757e295eb1,t13d1516h2_8daaf6152771_02713d6af862,"h2,http/1.1",h2,2,True,True,0.0,h2_first,"2570,772,771","TLS 1.3,TLS 1.2",2,True,True,True,False,0.0,TLS1.3+TLS1.2,True,15,True,0.0,"2570,4865,4866,4867,49195,49199,49196,49200,52393,52392,49171,49172,156,157,47,53",TLS_AES_128_GCM_SHA256_TLS_AES_256_GCM_SHA384_TLS_CHACHA20_POLY1305_SHA256_ECDHE-ECDSA-AES128-GCM_ECDHE-RSA-AES128-GCM_ECDHE-ECDSA-AES256-GCM_ECDHE-RSA-AES256-GCM_ECDHE-ECDSA-CHACHA20_ECDHE-RSA-CHACHA20_ECDHE-RSA-AES128-CBC_ECDHE-RSA-AES256-CBC_RSA-AES128-GCM_RSA-AES256-GCM_RSA-AES128-CBC_RSA-AES256-CBC,4,True,0.0,"2570,25497,29,23,24",x25519Kyber768_x25519_secp256r1_secp384r1,8,False,,"1027,2052,1025,1283,2053,1281,2054,1537",ecdsa_secp256r1_sha256_rsa_pss_rsae_sha256_rsa_pkcs1_sha256_ecdsa_secp384r1_sha384_rsa_pss_rsae_sha384_rsa_pkcs1_sha384_rsa_pss_rsae_sha512_rsa_pkcs1_sha512,True,t13d1516h2,8daaf6152771,02713d6af862,t,13,d,15,16,h2,"1:65536;2:0;4:6291456;6:262144|15663105|1:1:0:256,3:1:0:220,5:1:0:256,7:1:5:110,9:1:7:110,11:1:9:110,13:1:0:256,15:1:13:110,17:1:15:110,19:1:17:110,21:1:0:256,23:1:21:110,25:1:23:110,27:1:25:110,29:1:0:256,31:1:29:110|m,a,s,p",1:65536;2:0;4:6291456;6:262144,15663105.0,"1:1:0:256,3:1:0:220,5:1:0:256,7:1:5:110,9:1:7:110,11:1:9:110,13:1:0:256,15:1:13:110,17:1:15:110,19:1:17:110,21:1:0:256,23:1:21:110,25:1:23:110,27:1:25:110,29:1:0:256,31:1:29:110","m,a,s,p",16.0,65536.0,0.0,,6291456.0,,262144.0,":method,:authority,:scheme,:path"
trial-006,01b6f167-942e-4148-a374-c2b769330474,2026-04-19 17:00:11.419028219+00:00,205.172.168.145,POST,/collect,HTTP/2.0,0.362,TLS 1.3,h2,TLS_AES_128_GCM_SHA256,uxbehaviorsuite.com,True,d9a5787f9609373cc9cd9e757e295eb1,t13d1516h2_8daaf6152771_02713d6af862,"h2,http/1.1",h2,2,True,True,0.0,h2_first,"2570,772,771","TLS 1.3,TLS 1.2",2,True,True,True,False,0.0,TLS1.3+TLS1.2,True,15,True,0.0,"2570,4865,4866,4867,49195,49199,49196,49200,52393,52392,49171,49172,156,157,47,53",TLS_AES_128_GCM_SHA256_TLS_AES_256_GCM_SHA384_TLS_CHACHA20_POLY1305_SHA256_ECDHE-ECDSA-AES128-GCM_ECDHE-RSA-AES128-GCM_ECDHE-ECDSA-AES256-GCM_ECDHE-RSA-AES256-GCM_ECDHE-ECDSA-CHACHA20_ECDHE-RSA-CHACHA20_ECDHE-RSA-AES128-CBC_ECDHE-RSA-AES256-CBC_RSA-AES128-GCM_RSA-AES256-GCM_RSA-AES128-CBC_RSA-AES256-CBC,4,True,0.0,"2570,25497,29,23,24",x25519Kyber768_x25519_secp256r1_secp384r1,8,False,,"1027,2052,1025,1283,2053,1281,2054,1537",ecdsa_secp256r1_sha256_rsa_pss_rsae_sha256_rsa_pkcs1_sha256_ecdsa_secp384r1_sha384_rsa_pss_rsae_sha384_rsa_pkcs1_sha384_rsa_pss_rsae_sha512_rsa_pkcs1_sha512,True,t13d1516h2,8daaf6152771,02713d6af862,t,13,d,15,16,h2,"1:65536;2:0;4:6291456;6:262144|15663105|1:1:0:256,3:1:0:220,5:1:0:256,7:1:5:110,9:1:7:110,11:1:9:110,13:1:0:256,15:1:13:110,17:1:15:110,19:1:17:110,21:1:0:256,23:1:21:110,25:1:23:110,27:1:25:110,29:1:0:256,31:1:29:110|m,a,s,p",1:65536;2:0;4:6291456;6:262144,15663105.0,"1:1:0:256,3:1:0:220,5:1:0:256,7:1:5:110,9:1:7:110,11:1:9:110,13:1:0:256,15:1:13:110,17:1:15:110,19:1:17:110,21:1:0:256,23:1:21:110,25:1:23:110,27:1:25:110,29:1:0:256,31:1:29:110","m,a,s,p",16.0,65536.0,0.0,,6291456.0,,262144.0,":method,:authority,:scheme,:path"
trial-006,e111bd71-2e9f-442d-809d-76e27c846bbd,2026-04-19 17:00:11.440639322+00:00,205.172.168.145,POST,/collect,HTTP/2.0,0.252,TLS 1.3,h2,TLS_AES_128_GCM_SHA256,uxbehaviorsuite.com,True,d9a5787f9609373cc9cd9e757e295eb1,t13d1516h2_8daaf6152771_02713d6af862,"h2,http/1.1",h2,2,True,True,0.0,h2_first,"2570,772,771","TLS 1.3,TLS 1.2",2,True,True,True,False,0.0,TLS1.3+TLS1.2,True,15,True,0.0,"2570,4865,4866,4867,49195,49199,49196,49200,52393,52392,49171,49172,156,157,47,53",TLS_AES_128_GCM_SHA256_TLS_AES_256_GCM_SHA384_TLS_CHACHA20_POLY1305_SHA256_ECDHE-ECDSA-AES128-GCM_ECDHE-RSA-AES128-GCM_ECDHE-ECDSA-AES256-GCM_ECDHE-RSA-AES256-GCM_ECDHE-ECDSA-CHACHA20_ECDHE-RSA-CHACHA20_ECDHE-RSA-AES128-CBC_ECDHE-RSA-AES256-CBC_RSA-AES128-GCM_RSA-AES256-GCM_RSA-AES128-CBC_RSA-AES256-CBC,4,True,0.0,"2570,25497,29,23,24",x25519Kyber768_x25519_secp256r1_secp384r1,8,False,,"1027,2052,1025,1283,2053,1281,2054,1537",ecdsa_secp256r1_sha256_rsa_pss_rsae_sha256_rsa_pkcs1_sha256_ecdsa_secp384r1_sha384_rsa_pss_rsae_sha384_rsa_pkcs1_sha384_rsa_pss_rsae_sha512_rsa_pkcs1_sha512,True,t13d1516h2,8daaf6152771,02713d6af862,t,13,d,15,16,h2,"1:65536;2:0;4:6291456;6:262144|15663105|1:1:0:256,3:1:0:220,5:1:0:256,7:1:5:110,9:1:7:110,11:1:9:110,13:1:0:256,15:1:13:110,17:1:15:110,19:1:17:110,21:1:0:256,23:1:21:110,25:1:23:110,27:1:25:110,29:1:0:256,31:1:29:110,33:1:0:110|m,a,s,p",1:65536;2:0;4:6291456;6:262144,15663105.0,"1:1:0:256,3:1:0:220,5:1:0:256,7:1:5:110,9:1:7:110,11:1:9:110,13:1:0:256,15:1:13:110,17:1:15:110,19:1:17:110,21:1:0:256,23:1:21:110,25:1:23:110,27:1:25:110,29:1:0:256,31:1:29:110,33:1:0:110","m,a,s,p",17.0,65536.0,0.0,,6291456.0,,262144.0,":method,:authority,:scheme,:path"
trial-006,597b697f-5af8-433f-966f-83cfb2384da9,2026-04-19 17:00:11.442268620+00:00,205.172.168.145,POST,/collect,HTTP/2.0,0.199,TLS 1.3,h2,TLS_AES_128_GCM_SHA256,uxbehaviorsuite.com,True,d9a5787f9609373cc9cd9e757e295eb1,t13d1516h2_8daaf6152771_02713d6af862,"h2,http/1.1",h2,2,True,True,0.0,h2_first,"2570,772,771","TLS 1.3,TLS 1.2",2,True,True,True,False,0.0,TLS1.3+TLS1.2,True,15,True,0.0,"2570,4865,4866,4867,49195,49199,49196,49200,52393,52392,49171,49172,156,157,47,53",TLS_AES_128_GCM_SHA256_TLS_AES_256_GCM_SHA384_TLS_CHACHA20_POLY1305_SHA256_ECDHE-ECDSA-AES128-GCM_ECDHE-RSA-AES128-GCM_ECDHE-ECDSA-AES256-GCM_ECDHE-RSA-AES256-GCM_ECDHE-ECDSA-CHACHA20_ECDHE-RSA-CHACHA20_ECDHE-RSA-AES128-CBC_ECDHE-RSA-AES256-CBC_RSA-AES128-GCM_RSA-AES256-GCM_RSA-AES128-CBC_RSA-AES256-CBC,4,True,0.0,"2570,25497,29,23,24",x25519Kyber768_x25519_secp256r1_secp384r1,8,False,,"1027,2052,1025,1283,2053,1281,2054,1537",ecdsa_secp256r1_sha256_rsa_pss_rsae_sha256_rsa_pkcs1_sha256_ecdsa_secp384r1_sha384_rsa_pss_rsae_sha384_rsa_pkcs1_sha384_rsa_pss_rsae_sha512_rsa_pkcs1_sha512,True,t13d1516h2,8daaf6152771,02713d6af862,t,13,d,15,16,h2,"1:65536;2:0;4:6291456;6:262144|15663105|1:1:0:256,3:1:0:220,5:1:0:256,7:1:5:110,9:1:7:110,11:1:9:110,13:1:0:256,15:1:13:110,17:1:15:110,19:1:17:110,21:1:0:256,23:1:21:110,25:1:23:110,27:1:25:110,29:1:0:256,31:1:29:110,33:1:0:110,35:1:33:110|m,a,s,p",1:65536;2:0;4:6291456;6:262144,15663105.0,"1:1:0:256,3:1:0:220,5:1:0:256,7:1:5:110,9:1:7:110,11:1:9:110,13:1:0:256,15:1:13:110,17:1:15:110,19:1:17:110,21:1:0:256,23:1:21:110,25:1:23:110,27:1:25:110,29:1:0:256,31:1:29:110,33:1:0:110,35:1:33:110","m,a,s,p",18.0,65536.0,0.0,,6291456.0,,262144.0,":method,:authority,:scheme,:path"
trial-006,b7f49e41-a641-4799-b8ec-54e44f74931b,2026-04-19 17:01:28.735018407+00:00,205.172.168.145,GET,/s4-dom-mismatch.html,HTTP/2.0,0.562,TLS 1.3,h2,TLS_AES_128_GCM_SHA256,uxbehaviorsuite.com,True,d9a5787f9609373cc9cd9e757e295eb1,t13d1516h2_8daaf6152771_02713d6af862,"h2,http/1.1",h2,2,True,True,0.0,h2_first,"2570,772,771","TLS 1.3,TLS 1.2",2,True,True,True,False,0.0,TLS1.3+TLS1.2,True,15,True,0.0,"2570,4865,4866,4867,49195,49199,49196,49200,52393,52392,49171,49172,156,157,47,53",TLS_AES_128_GCM_SHA256_TLS_AES_256_GCM_SHA384_TLS_CHACHA20_POLY1305_SHA256_ECDHE-ECDSA-AES128-GCM_ECDHE-RSA-AES128-GCM_ECDHE-ECDSA-AES256-GCM_ECDHE-RSA-AES256-GCM_ECDHE-ECDSA-CHACHA20_ECDHE-RSA-CHACHA20_ECDHE-RSA-AES128-CBC_ECDHE-RSA-AES256-CBC_RSA-AES128-GCM_RSA-AES256-GCM_RSA-AES128-CBC_RSA-AES256-CBC,4,True,0.0,"2570,25497,29,23,24",x25519Kyber768_x25519_secp256r1_secp384r1,8,False,,"1027,2052,1025,1283,2053,1281,2054,1537",ecdsa_secp256r1_sha256_rsa_pss_rsae_sha256_rsa_pkcs1_sha256_ecdsa_secp384r1_sha384_rsa_pss_rsae_sha384_rsa_pkcs1_sha384_rsa_pss_rsae_sha512_rsa_pkcs1_sha512,True,t13d1516h2,8daaf6152771,02713d6af862,t,13,d,15,16,h2,"1:65536;2:0;4:6291456;6:262144|15663105|1:1:0:256,3:1:0:220,5:1:0:256,7:1:5:110,9:1:7:110,11:1:9:110,13:1:0:256,15:1:13:110,17:1:15:110,19:1:17:110,21:1:0:256,23:1:21:110,25:1:23:110,27:1:25:110,29:1:0:256,31:1:29:110,33:1:0:110,35:1:33:110,37:1:0:110,39:1:0:256|m,a,s,p",1:65536;2:0;4:6291456;6:262144,15663105.0,"1:1:0:256,3:1:0:220,5:1:0:256,7:1:5:110,9:1:7:110,11:1:9:110,13:1:0:256,15:1:13:110,17:1:15:110,19:1:17:110,21:1:0:256,23:1:21:110,25:1:23:110,27:1:25:110,29:1:0:256,31:1:29:110,33:1:0:110,35:1:33:110,37:1:0:110,39:1:0:256","m,a,s,p",20.0,65536.0,0.0,,6291456.0,,262144.0,":method,:authority,:scheme,:path"
trial-006,5bb7b035-a496-4db4-8b3a-f79e19c0e45b,2026-04-19 17:01:28.756845428+00:00,205.172.168.145,POST,/collect,HTTP/2.0,0.259,TLS 1.3,h2,TLS_AES_128_GCM_SHA256,uxbehaviorsuite.com,True,d9a5787f9609373cc9cd9e757e295eb1,t13d1516h2_8daaf6152771_02713d6af862,"h2,http/1.1",h2,2,True,True,0.0,h2_first,"2570,772,771","TLS 1.3,TLS 1.2",2,True,True,True,False,0.0,TLS1.3+TLS1.2,True,15,True,0.0,"2570,4865,4866,4867,49195,49199,49196,49200,52393,52392,49171,49172,156,157,47,53",TLS_AES_128_GCM_SHA256_TLS_AES_256_GCM_SHA384_TLS_CHACHA20_POLY1305_SHA256_ECDHE-ECDSA-AES128-GCM_ECDHE-RSA-AES128-GCM_ECDHE-ECDSA-AES256-GCM_ECDHE-RSA-AES256-GCM_ECDHE-ECDSA-CHACHA20_ECDHE-RSA-CHACHA20_ECDHE-RSA-AES128-CBC_ECDHE-RSA-AES256-CBC_RSA-AES128-GCM_RSA-AES256-GCM_RSA-AES128-CBC_RSA-AES256-CBC,4,True,0.0,"2570,25497,29,23,24",x25519Kyber768_x25519_secp256r1_secp384r1,8,False,,"1027,2052,1025,1283,2053,1281,2054,1537",ecdsa_secp256r1_sha256_rsa_pss_rsae_sha256_rsa_pkcs1_sha256_ecdsa_secp384r1_sha384_rsa_pss_rsae_sha384_rsa_pkcs1_sha384_rsa_pss_rsae_sha512_rsa_pkcs1_sha512,True,t13d1516h2,8daaf6152771,02713d6af862,t,13,d,15,16,h2,"1:65536;2:0;4:6291456;6:262144|15663105|1:1:0:256,3:1:0:220,5:1:0:256,7:1:5:110,9:1:7:110,11:1:9:110,13:1:0:256,15:1:13:110,17:1:15:110,19:1:17:110,21:1:0:256,23:1:21:110,25:1:23:110,27:1:25:110,29:1:0:256,31:1:29:110,33:1:0:110,35:1:33:110,37:1:0:110,39:1:0:256,41:1:39:110|m,a,s,p",1:65536;2:0;4:6291456;6:262144,15663105.0,"1:1:0:256,3:1:0:220,5:1:0:256,7:1:5:110,9:1:7:110,11:1:9:110,13:1:0:256,15:1:13:110,17:1:15:110,19:1:17:110,21:1:0:256,23:1:21:110,25:1:23:110,27:1:25:110,29:1:0:256,31:1:29:110,33:1:0:110,35:1:33:110,37:1:0:110,39:1:0:256,41:1:39:110","m,a,s,p",21.0,65536.0,0.0,,6291456.0,,262144.0,":method,:authority,:scheme,:path"
trial-006,77a44213-10cf-4bc0-b36b-fe1c4266a56f,2026-04-19 17:01:28.758990996+00:00,205.172.168.145,POST,/collect,HTTP/2.0,0.239,TLS 1.3,h2,TLS_AES_128_GCM_SHA256,uxbehaviorsuite.com,True,d9a5787f9609373cc9cd9e757e295eb1,t13d1516h2_8daaf6152771_02713d6af862,"h2,http/1.1",h2,2,True,True,0.0,h2_first,"2570,772,771","TLS 1.3,TLS 1.2",2,True,True,True,False,0.0,TLS1.3+TLS1.2,True,15,True,0.0,"2570,4865,4866,4867,49195,49199,49196,49200,52393,52392,49171,49172,156,157,47,53",TLS_AES_128_GCM_SHA256_TLS_AES_256_GCM_SHA384_TLS_CHACHA20_POLY1305_SHA256_ECDHE-ECDSA-AES128-GCM_ECDHE-RSA-AES128-GCM_ECDHE-ECDSA-AES256-GCM_ECDHE-RSA-AES256-GCM_ECDHE-ECDSA-CHACHA20_ECDHE-RSA-CHACHA20_ECDHE-RSA-AES128-CBC_ECDHE-RSA-AES256-CBC_RSA-AES128-GCM_RSA-AES256-GCM_RSA-AES128-CBC_RSA-AES256-CBC,4,True,0.0,"2570,25497,29,23,24",x25519Kyber768_x25519_secp256r1_secp384r1,8,False,,"1027,2052,1025,1283,2053,1281,2054,1537",ecdsa_secp256r1_sha256_rsa_pss_rsae_sha256_rsa_pkcs1_sha256_ecdsa_secp384r1_sha384_rsa_pss_rsae_sha384_rsa_pkcs1_sha384_rsa_pss_rsae_sha512_rsa_pkcs1_sha512,True,t13d1516h2,8daaf6152771,02713d6af862,t,13,d,15,16,h2,"1:65536;2:0;4:6291456;6:262144|15663105|1:1:0:256,3:1:0:220,5:1:0:256,7:1:5:110,9:1:7:110,11:1:9:110,13:1:0:256,15:1:13:110,17:1:15:110,19:1:17:110,21:1:0:256,23:1:21:110,25:1:23:110,27:1:25:110,29:1:0:256,31:1:29:110,33:1:0:110,35:1:33:110,37:1:0:110,39:1:0:256,41:1:39:110,43:1:41:110|m,a,s,p",1:65536;2:0;4:6291456;6:262144,15663105.0,"1:1:0:256,3:1:0:220,5:1:0:256,7:1:5:110,9:1:7:110,11:1:9:110,13:1:0:256,15:1:13:110,17:1:15:110,19:1:17:110,21:1:0:256,23:1:21:110,25:1:23:110,27:1:25:110,29:1:0:256,31:1:29:110,33:1:0:110,35:1:33:110,37:1:0:110,39:1:0:256,41:1:39:110,43:1:41:110","m,a,s,p",22.0,65536.0,0.0,,6291456.0,,262144.0,":method,:authority,:scheme,:path"
trial-006,ca6b4c7f-3caf-483b-931b-8ae609ba2480,2026-04-19 17:02:28.828979568+00:00,205.172.168.145,GET,/s5-delayed-feedback.html,HTTP/2.0,0.398,TLS 1.3,h2,TLS_AES_128_GCM_SHA256,uxbehaviorsuite.com,True,d9a5787f9609373cc9cd9e757e295eb1,t13d1516h2_8daaf6152771_02713d6af862,"h2,http/1.1",h2,2,True,True,0.0,h2_first,"2570,772,771","TLS 1.3,TLS 1.2",2,True,True,True,False,0.0,TLS1.3+TLS1.2,True,15,True,0.0,"2570,4865,4866,4867,49195,49199,49196,49200,52393,52392,49171,49172,156,157,47,53",TLS_AES_128_GCM_SHA256_TLS_AES_256_GCM_SHA384_TLS_CHACHA20_POLY1305_SHA256_ECDHE-ECDSA-AES128-GCM_ECDHE-RSA-AES128-GCM_ECDHE-ECDSA-AES256-GCM_ECDHE-RSA-AES256-GCM_ECDHE-ECDSA-CHACHA20_ECDHE-RSA-CHACHA20_ECDHE-RSA-AES128-CBC_ECDHE-RSA-AES256-CBC_RSA-AES128-GCM_RSA-AES256-GCM_RSA-AES128-CBC_RSA-AES256-CBC,4,True,0.0,"2570,25497,29,23,24",x25519Kyber768_x25519_secp256r1_secp384r1,8,False,,"1027,2052,1025,1283,2053,1281,2054,1537",ecdsa_secp256r1_sha256_rsa_pss_rsae_sha256_rsa_pkcs1_sha256_ecdsa_secp384r1_sha384_rsa_pss_rsae_sha384_rsa_pkcs1_sha384_rsa_pss_rsae_sha512_rsa_pkcs1_sha512,True,t13d1516h2,8daaf6152771,02713d6af862,t,13,d,15,16,h2,"1:65536;2:0;4:6291456;6:262144|15663105|1:1:0:256,3:1:0:220,5:1:0:256,7:1:5:110,9:1:7:110,11:1:9:110,13:1:0:256,15:1:13:110,17:1:15:110,19:1:17:110,21:1:0:256,23:1:21:110,25:1:23:110,27:1:25:110,29:1:0:256,31:1:29:110,33:1:0:110,35:1:33:110,37:1:0:110,39:1:0:256,41:1:39:110,43:1:41:110,45:1:0:256,47:1:45:110|m,a,s,p",1:65536;2:0;4:6291456;6:262144,15663105.0,"1:1:0:256,3:1:0:220,5:1:0:256,7:1:5:110,9:1:7:110,11:1:9:110,13:1:0:256,15:1:13:110,17:1:15:110,19:1:17:110,21:1:0:256,23:1:21:110,25:1:23:110,27:1:25:110,29:1:0:256,31:1:29:110,33:1:0:110,35:1:33:110,37:1:0:110,39:1:0:256,41:1:39:110,43:1:41:110,45:1:0:256,47:1:45:110","m,a,s,p",24.0,65536.0,0.0,,6291456.0,,262144.0,":method,:authority,:scheme,:path"
trial-006,83735292-d1eb-4ce6-9919-90067d64c755,2026-04-19 17:02:28.828987185+00:00,205.172.168.145,POST,/collect,HTTP/2.0,0.366,TLS 1.3,h2,TLS_AES_128_GCM_SHA256,uxbehaviorsuite.com,True,d9a5787f9609373cc9cd9e757e295eb1,t13d1516h2_8daaf6152771_02713d6af862,"h2,http/1.1",h2,2,True,True,0.0,h2_first,"2570,772,771","TLS 1.3,TLS 1.2",2,True,True,True,False,0.0,TLS1.3+TLS1.2,True,15,True,0.0,"2570,4865,4866,4867,49195,49199,49196,49200,52393,52392,49171,49172,156,157,47,53",TLS_AES_128_GCM_SHA256_TLS_AES_256_GCM_SHA384_TLS_CHACHA20_POLY1305_SHA256_ECDHE-ECDSA-AES128-GCM_ECDHE-RSA-AES128-GCM_ECDHE-ECDSA-AES256-GCM_ECDHE-RSA-AES256-GCM_ECDHE-ECDSA-CHACHA20_ECDHE-RSA-CHACHA20_ECDHE-RSA-AES128-CBC_ECDHE-RSA-AES256-CBC_RSA-AES128-GCM_RSA-AES256-GCM_RSA-AES128-CBC_RSA-AES256-CBC,4,True,0.0,"2570,25497,29,23,24",x25519Kyber768_x25519_secp256r1_secp384r1,8,False,,"1027,2052,1025,1283,2053,1281,2054,1537",ecdsa_secp256r1_sha256_rsa_pss_rsae_sha256_rsa_pkcs1_sha256_ecdsa_secp384r1_sha384_rsa_pss_rsae_sha384_rsa_pkcs1_sha384_rsa_pss_rsae_sha512_rsa_pkcs1_sha512,True,t13d1516h2,8daaf6152771,02713d6af862,t,13,d,15,16,h2,"1:65536;2:0;4:6291456;6:262144|15663105|1:1:0:256,3:1:0:220,5:1:0:256,7:1:5:110,9:1:7:110,11:1:9:110,13:1:0:256,15:1:13:110,17:1:15:110,19:1:17:110,21:1:0:256,23:1:21:110,25:1:23:110,27:1:25:110,29:1:0:256,31:1:29:110,33:1:0:110,35:1:33:110,37:1:0:110,39:1:0:256,41:1:39:110,43:1:41:110,45:1:0:256,47:1:45:110|m,a,s,p",1:65536;2:0;4:6291456;6:262144,15663105.0,"1:1:0:256,3:1:0:220,5:1:0:256,7:1:5:110,9:1:7:110,11:1:9:110,13:1:0:256,15:1:13:110,17:1:15:110,19:1:17:110,21:1:0:256,23:1:21:110,25:1:23:110,27:1:25:110,29:1:0:256,31:1:29:110,33:1:0:110,35:1:33:110,37:1:0:110,39:1:0:256,41:1:39:110,43:1:41:110,45:1:0:256,47:1:45:110","m,a,s,p",24.0,65536.0,0.0,,6291456.0,,262144.0,":method,:authority,:scheme,:path"
trial-006,5a2a11c0-572b-4616-9a53-be627028c28e,2026-04-19 17:02:28.854269438+00:00,205.172.168.145,POST,/collect,HTTP/2.0,0.267,TLS 1.3,h2,TLS_AES_128_GCM_SHA256,uxbehaviorsuite.com,True,d9a5787f9609373cc9cd9e757e295eb1,t13d1516h2_8daaf6152771_02713d6af862,"h2,http/1.1",h2,2,True,True,0.0,h2_first,"2570,772,771","TLS 1.3,TLS 1.2",2,True,True,True,False,0.0,TLS1.3+TLS1.2,True,15,True,0.0,"2570,4865,4866,4867,49195,49199,49196,49200,52393,52392,49171,49172,156,157,47,53",TLS_AES_128_GCM_SHA256_TLS_AES_256_GCM_SHA384_TLS_CHACHA20_POLY1305_SHA256_ECDHE-ECDSA-AES128-GCM_ECDHE-RSA-AES128-GCM_ECDHE-ECDSA-AES256-GCM_ECDHE-RSA-AES256-GCM_ECDHE-ECDSA-CHACHA20_ECDHE-RSA-CHACHA20_ECDHE-RSA-AES128-CBC_ECDHE-RSA-AES256-CBC_RSA-AES128-GCM_RSA-AES256-GCM_RSA-AES128-CBC_RSA-AES256-CBC,4,True,0.0,"2570,25497,29,23,24",x25519Kyber768_x25519_secp256r1_secp384r1,8,False,,"1027,2052,1025,1283,2053,1281,2054,1537",ecdsa_secp256r1_sha256_rsa_pss_rsae_sha256_rsa_pkcs1_sha256_ecdsa_secp384r1_sha384_rsa_pss_rsae_sha384_rsa_pkcs1_sha384_rsa_pss_rsae_sha512_rsa_pkcs1_sha512,True,t13d1516h2,8daaf6152771,02713d6af862,t,13,d,15,16,h2,"1:65536;2:0;4:6291456;6:262144|15663105|1:1:0:256,3:1:0:220,5:1:0:256,7:1:5:110,9:1:7:110,11:1:9:110,13:1:0:256,15:1:13:110,17:1:15:110,19:1:17:110,21:1:0:256,23:1:21:110,25:1:23:110,27:1:25:110,29:1:0:256,31:1:29:110,33:1:0:110,35:1:33:110,37:1:0:110,39:1:0:256,41:1:39:110,43:1:41:110,45:1:0:256,47:1:45:110,49:1:47:110|m,a,s,p",1:65536;2:0;4:6291456;6:262144,15663105.0,"1:1:0:256,3:1:0:220,5:1:0:256,7:1:5:110,9:1:7:110,11:1:9:110,13:1:0:256,15:1:13:110,17:1:15:110,19:1:17:110,21:1:0:256,23:1:21:110,25:1:23:110,27:1:25:110,29:1:0:256,31:1:29:110,33:1:0:110,35:1:33:110,37:1:0:110,39:1:0:256,41:1:39:110,43:1:41:110,45:1:0:256,47:1:45:110,49:1:47:110","m,a,s,p",25.0,65536.0,0.0,,6291456.0,,262144.0,":method,:authority,:scheme,:path"
trial-006,9c8cc924-f23d-4770-af50-2cc864f8e54a,2026-04-19 17:02:28.855529789+00:00,205.172.168.145,POST,/collect,HTTP/2.0,0.205,TLS 1.3,h2,TLS_AES_128_GCM_SHA256,uxbehaviorsuite.com,True,d9a5787f9609373cc9cd9e757e295eb1,t13d1516h2_8daaf6152771_02713d6af862,"h2,http/1.1",h2,2,True,True,0.0,h2_first,"2570,772,771","TLS 1.3,TLS 1.2",2,True,True,True,False,0.0,TLS1.3+TLS1.2,True,15,True,0.0,"2570,4865,4866,4867,49195,49199,49196,49200,52393,52392,49171,49172,156,157,47,53",TLS_AES_128_GCM_SHA256_TLS_AES_256_GCM_SHA384_TLS_CHACHA20_POLY1305_SHA256_ECDHE-ECDSA-AES128-GCM_ECDHE-RSA-AES128-GCM_ECDHE-ECDSA-AES256-GCM_ECDHE-RSA-AES256-GCM_ECDHE-ECDSA-CHACHA20_ECDHE-RSA-CHACHA20_ECDHE-RSA-AES128-CBC_ECDHE-RSA-AES256-CBC_RSA-AES128-GCM_RSA-AES256-GCM_RSA-AES128-CBC_RSA-AES256-CBC,4,True,0.0,"2570,25497,29,23,24",x25519Kyber768_x25519_secp256r1_secp384r1,8,False,,"1027,2052,1025,1283,2053,1281,2054,1537",ecdsa_secp256r1_sha256_rsa_pss_rsae_sha256_rsa_pkcs1_sha256_ecdsa_secp384r1_sha384_rsa_pss_rsae_sha384_rsa_pkcs1_sha384_rsa_pss_rsae_sha512_rsa_pkcs1_sha512,True,t13d1516h2,8daaf6152771,02713d6af862,t,13,d,15,16,h2,"1:65536;2:0;4:6291456;6:262144|15663105|1:1:0:256,3:1:0:220,5:1:0:256,7:1:5:110,9:1:7:110,11:1:9:110,13:1:0:256,15:1:13:110,17:1:15:110,19:1:17:110,21:1:0:256,23:1:21:110,25:1:23:110,27:1:25:110,29:1:0:256,31:1:29:110,33:1:0:110,35:1:33:110,37:1:0:110,39:1:0:256,41:1:39:110,43:1:41:110,45:1:0:256,47:1:45:110,49:1:47:110,51:1:49:110|m,a,s,p",1:65536;2:0;4:6291456;6:262144,15663105.0,"1:1:0:256,3:1:0:220,5:1:0:256,7:1:5:110,9:1:7:110,11:1:9:110,13:1:0:256,15:1:13:110,17:1:15:110,19:1:17:110,21:1:0:256,23:1:21:110,25:1:23:110,27:1:25:110,29:1:0:256,31:1:29:110,33:1:0:110,35:1:33:110,37:1:0:110,39:1:0:256,41:1:39:110,43:1:41:110,45:1:0:256,47:1:45:110,49:1:47:110,51:1:49:110","m,a,s,p",26.0,65536.0,0.0,,6291456.0,,262144.0,":method,:authority,:scheme,:path"
trial-007,32050d3f-a87f-4319-a171-6b09c5f934b0,2026-04-19 17:08:18.380974079+00:00,205.172.168.145,GET,/subscribe-v1.html,HTTP/2.0,0.392,TLS 1.3,h2,TLS_AES_128_GCM_SHA256,uxbehaviorsuite.com,True,a500b81aac54803108efba3bbbd3b470,t13d1516h2_8daaf6152771_02713d6af862,"h2,http/1.1",h2,2,True,True,0.0,h2_first,"2570,772,771","TLS 1.3,TLS 1.2",2,True,True,True,False,0.0,TLS1.3+TLS1.2,True,15,True,0.0,"2570,4865,4866,4867,49195,49199,49196,49200,52393,52392,49171,49172,156,157,47,53",TLS_AES_128_GCM_SHA256_TLS_AES_256_GCM_SHA384_TLS_CHACHA20_POLY1305_SHA256_ECDHE-ECDSA-AES128-GCM_ECDHE-RSA-AES128-GCM_ECDHE-ECDSA-AES256-GCM_ECDHE-RSA-AES256-GCM_ECDHE-ECDSA-CHACHA20_ECDHE-RSA-CHACHA20_ECDHE-RSA-AES128-CBC_ECDHE-RSA-AES256-CBC_RSA-AES128-GCM_RSA-AES256-GCM_RSA-AES128-CBC_RSA-AES256-CBC,4,True,0.0,"2570,25497,29,23,24",x25519Kyber768_x25519_secp256r1_secp384r1,8,False,,"1027,2052,1025,1283,2053,1281,2054,1537",ecdsa_secp256r1_sha256_rsa_pss_rsae_sha256_rsa_pkcs1_sha256_ecdsa_secp384r1_sha384_rsa_pss_rsae_sha384_rsa_pkcs1_sha384_rsa_pss_rsae_sha512_rsa_pkcs1_sha512,True,t13d1516h2,8daaf6152771,02713d6af862,t,13,d,15,16,h2,"1:65536;2:0;4:6291456;6:262144|15663105|1:1:0:256|m,a,s,p",1:65536;2:0;4:6291456;6:262144,15663105.0,1:1:0:256,"m,a,s,p",1.0,65536.0,0.0,,6291456.0,,262144.0,":method,:authority,:scheme,:path"
trial-007,021690ad-e8da-41b4-a706-70b52d588204,2026-04-19 17:08:18.415785378+00:00,205.172.168.145,GET,/logger.js,HTTP/2.0,0.321,TLS 1.3,h2,TLS_AES_128_GCM_SHA256,uxbehaviorsuite.com,True,a500b81aac54803108efba3bbbd3b470,t13d1516h2_8daaf6152771_02713d6af862,"h2,http/1.1",h2,2,True,True,0.0,h2_first,"2570,772,771","TLS 1.3,TLS 1.2",2,True,True,True,False,0.0,TLS1.3+TLS1.2,True,15,True,0.0,"2570,4865,4866,4867,49195,49199,49196,49200,52393,52392,49171,49172,156,157,47,53",TLS_AES_128_GCM_SHA256_TLS_AES_256_GCM_SHA384_TLS_CHACHA20_POLY1305_SHA256_ECDHE-ECDSA-AES128-GCM_ECDHE-RSA-AES128-GCM_ECDHE-ECDSA-AES256-GCM_ECDHE-RSA-AES256-GCM_ECDHE-ECDSA-CHACHA20_ECDHE-RSA-CHACHA20_ECDHE-RSA-AES128-CBC_ECDHE-RSA-AES256-CBC_RSA-AES128-GCM_RSA-AES256-GCM_RSA-AES128-CBC_RSA-AES256-CBC,4,True,0.0,"2570,25497,29,23,24",x25519Kyber768_x25519_secp256r1_secp384r1,8,False,,"1027,2052,1025,1283,2053,1281,2054,1537",ecdsa_secp256r1_sha256_rsa_pss_rsae_sha256_rsa_pkcs1_sha256_ecdsa_secp384r1_sha384_rsa_pss_rsae_sha384_rsa_pkcs1_sha384_rsa_pss_rsae_sha512_rsa_pkcs1_sha512,True,t13d1516h2,8daaf6152771,02713d6af862,t,13,d,15,16,h2,"1:65536;2:0;4:6291456;6:262144|15663105|1:1:0:256,3:1:0:220|m,a,s,p",1:65536;2:0;4:6291456;6:262144,15663105.0,"1:1:0:256,3:1:0:220","m,a,s,p",2.0,65536.0,0.0,,6291456.0,,262144.0,":method,:authority,:scheme,:path"
trial-007,f927261c-80c7-48a1-b72e-293ebc36c934,2026-04-19 17:09:30.208361886+00:00,205.172.168.145,GET,/subscribe-v2.html,HTTP/2.0,0.501,TLS 1.3,h2,TLS_AES_128_GCM_SHA256,uxbehaviorsuite.com,True,a500b81aac54803108efba3bbbd3b470,t13d1516h2_8daaf6152771_02713d6af862,"h2,http/1.1",h2,2,True,True,0.0,h2_first,"2570,772,771","TLS 1.3,TLS 1.2",2,True,True,True,False,0.0,TLS1.3+TLS1.2,True,15,True,0.0,"2570,4865,4866,4867,49195,49199,49196,49200,52393,52392,49171,49172,156,157,47,53",TLS_AES_128_GCM_SHA256_TLS_AES_256_GCM_SHA384_TLS_CHACHA20_POLY1305_SHA256_ECDHE-ECDSA-AES128-GCM_ECDHE-RSA-AES128-GCM_ECDHE-ECDSA-AES256-GCM_ECDHE-RSA-AES256-GCM_ECDHE-ECDSA-CHACHA20_ECDHE-RSA-CHACHA20_ECDHE-RSA-AES128-CBC_ECDHE-RSA-AES256-CBC_RSA-AES128-GCM_RSA-AES256-GCM_RSA-AES128-CBC_RSA-AES256-CBC,4,True,0.0,"2570,25497,29,23,24",x25519Kyber768_x25519_secp256r1_secp384r1,8,False,,"1027,2052,1025,1283,2053,1281,2054,1537",ecdsa_secp256r1_sha256_rsa_pss_rsae_sha256_rsa_pkcs1_sha256_ecdsa_secp384r1_sha384_rsa_pss_rsae_sha384_rsa_pkcs1_sha384_rsa_pss_rsae_sha512_rsa_pkcs1_sha512,True,t13d1516h2,8daaf6152771,02713d6af862,t,13,d,15,16,h2,"1:65536;2:0;4:6291456;6:262144|15663105|1:1:0:256,3:1:0:220,5:1:0:256,7:1:5:110|m,a,s,p",1:65536;2:0;4:6291456;6:262144,15663105.0,"1:1:0:256,3:1:0:220,5:1:0:256,7:1:5:110","m,a,s,p",4.0,65536.0,0.0,,6291456.0,,262144.0,":method,:authority,:scheme,:path"
trial-007,607f524a-2cfd-4d09-8533-dc803dcad7b8,2026-04-19 17:09:30.208523879+00:00,205.172.168.145,POST,/collect,HTTP/2.0,0.454,TLS 1.3,h2,TLS_AES_128_GCM_SHA256,uxbehaviorsuite.com,True,a500b81aac54803108efba3bbbd3b470,t13d1516h2_8daaf6152771_02713d6af862,"h2,http/1.1",h2,2,True,True,0.0,h2_first,"2570,772,771","TLS 1.3,TLS 1.2",2,True,True,True,False,0.0,TLS1.3+TLS1.2,True,15,True,0.0,"2570,4865,4866,4867,49195,49199,49196,49200,52393,52392,49171,49172,156,157,47,53",TLS_AES_128_GCM_SHA256_TLS_AES_256_GCM_SHA384_TLS_CHACHA20_POLY1305_SHA256_ECDHE-ECDSA-AES128-GCM_ECDHE-RSA-AES128-GCM_ECDHE-ECDSA-AES256-GCM_ECDHE-RSA-AES256-GCM_ECDHE-ECDSA-CHACHA20_ECDHE-RSA-CHACHA20_ECDHE-RSA-AES128-CBC_ECDHE-RSA-AES256-CBC_RSA-AES128-GCM_RSA-AES256-GCM_RSA-AES128-CBC_RSA-AES256-CBC,4,True,0.0,"2570,25497,29,23,24",x25519Kyber768_x25519_secp256r1_secp384r1,8,False,,"1027,2052,1025,1283,2053,1281,2054,1537",ecdsa_secp256r1_sha256_rsa_pss_rsae_sha256_rsa_pkcs1_sha256_ecdsa_secp384r1_sha384_rsa_pss_rsae_sha384_rsa_pkcs1_sha384_rsa_pss_rsae_sha512_rsa_pkcs1_sha512,True,t13d1516h2,8daaf6152771,02713d6af862,t,13,d,15,16,h2,"1:65536;2:0;4:6291456;6:262144|15663105|1:1:0:256,3:1:0:220,5:1:0:256,7:1:5:110|m,a,s,p",1:65536;2:0;4:6291456;6:262144,15663105.0,"1:1:0:256,3:1:0:220,5:1:0:256,7:1:5:110","m,a,s,p",4.0,65536.0,0.0,,6291456.0,,262144.0,":method,:authority,:scheme,:path"
trial-007,4ad94cb3-f40b-4be4-b432-cc514c6c45b6,2026-04-19 17:09:30.230085248+00:00,205.172.168.145,POST,/collect,HTTP/2.0,0.19,TLS 1.3,h2,TLS_AES_128_GCM_SHA256,uxbehaviorsuite.com,True,a500b81aac54803108efba3bbbd3b470,t13d1516h2_8daaf6152771_02713d6af862,"h2,http/1.1",h2,2,True,True,0.0,h2_first,"2570,772,771","TLS 1.3,TLS 1.2",2,True,True,True,False,0.0,TLS1.3+TLS1.2,True,15,True,0.0,"2570,4865,4866,4867,49195,49199,49196,49200,52393,52392,49171,49172,156,157,47,53",TLS_AES_128_GCM_SHA256_TLS_AES_256_GCM_SHA384_TLS_CHACHA20_POLY1305_SHA256_ECDHE-ECDSA-AES128-GCM_ECDHE-RSA-AES128-GCM_ECDHE-ECDSA-AES256-GCM_ECDHE-RSA-AES256-GCM_ECDHE-ECDSA-CHACHA20_ECDHE-RSA-CHACHA20_ECDHE-RSA-AES128-CBC_ECDHE-RSA-AES256-CBC_RSA-AES128-GCM_RSA-AES256-GCM_RSA-AES128-CBC_RSA-AES256-CBC,4,True,0.0,"2570,25497,29,23,24",x25519Kyber768_x25519_secp256r1_secp384r1,8,False,,"1027,2052,1025,1283,2053,1281,2054,1537",ecdsa_secp256r1_sha256_rsa_pss_rsae_sha256_rsa_pkcs1_sha256_ecdsa_secp384r1_sha384_rsa_pss_rsae_sha384_rsa_pkcs1_sha384_rsa_pss_rsae_sha512_rsa_pkcs1_sha512,True,t13d1516h2,8daaf6152771,02713d6af862,t,13,d,15,16,h2,"1:65536;2:0;4:6291456;6:262144|15663105|1:1:0:256,3:1:0:220,5:1:0:256,7:1:5:110,9:1:7:110|m,a,s,p",1:65536;2:0;4:6291456;6:262144,15663105.0,"1:1:0:256,3:1:0:220,5:1:0:256,7:1:5:110,9:1:7:110","m,a,s,p",5.0,65536.0,0.0,,6291456.0,,262144.0,":method,:authority,:scheme,:path"
trial-007,466c2cf7-5206-4126-915e-614faada9690,2026-04-19 17:09:30.232936063+00:00,205.172.168.145,POST,/collect,HTTP/2.0,0.214,TLS 1.3,h2,TLS_AES_128_GCM_SHA256,uxbehaviorsuite.com,True,a500b81aac54803108efba3bbbd3b470,t13d1516h2_8daaf6152771_02713d6af862,"h2,http/1.1",h2,2,True,True,0.0,h2_first,"2570,772,771","TLS 1.3,TLS 1.2",2,True,True,True,False,0.0,TLS1.3+TLS1.2,True,15,True,0.0,"2570,4865,4866,4867,49195,49199,49196,49200,52393,52392,49171,49172,156,157,47,53",TLS_AES_128_GCM_SHA256_TLS_AES_256_GCM_SHA384_TLS_CHACHA20_POLY1305_SHA256_ECDHE-ECDSA-AES128-GCM_ECDHE-RSA-AES128-GCM_ECDHE-ECDSA-AES256-GCM_ECDHE-RSA-AES256-GCM_ECDHE-ECDSA-CHACHA20_ECDHE-RSA-CHACHA20_ECDHE-RSA-AES128-CBC_ECDHE-RSA-AES256-CBC_RSA-AES128-GCM_RSA-AES256-GCM_RSA-AES128-CBC_RSA-AES256-CBC,4,True,0.0,"2570,25497,29,23,24",x25519Kyber768_x25519_secp256r1_secp384r1,8,False,,"1027,2052,1025,1283,2053,1281,2054,1537",ecdsa_secp256r1_sha256_rsa_pss_rsae_sha256_rsa_pkcs1_sha256_ecdsa_secp384r1_sha384_rsa_pss_rsae_sha384_rsa_pkcs1_sha384_rsa_pss_rsae_sha512_rsa_pkcs1_sha512,True,t13d1516h2,8daaf6152771,02713d6af862,t,13,d,15,16,h2,"1:65536;2:0;4:6291456;6:262144|15663105|1:1:0:256,3:1:0:220,5:1:0:256,7:1:5:110,9:1:7:110,11:1:9:110|m,a,s,p",1:65536;2:0;4:6291456;6:262144,15663105.0,"1:1:0:256,3:1:0:220,5:1:0:256,7:1:5:110,9:1:7:110,11:1:9:110","m,a,s,p",6.0,65536.0,0.0,,6291456.0,,262144.0,":method,:authority,:scheme,:path"
trial-007,9f456f1b-5d23-4b99-b7af-27a07cbeb6bb,2026-04-19 17:10:22.505662049+00:00,104.23.221.223,GET,/wp-admin/setup-config.php,HTTP/2.0,0.144,TLS 1.3,h2,TLS_AES_128_GCM_SHA256,uxbehaviorsuite.com,True,1449472ba4c4ddb602762f628f080be4,t13d1412h2_e33ad33b3d25_6b314db333b6,"h2,http/1.1",h2,2,True,True,0.0,h2_first,"772,771,770,769","TLS 1.3,TLS 1.2,TLS 1.1,TLS 1.0",4,False,True,True,True,,TLS1.3+TLS1.2+TLS1.1+TLS1.0,True,14,False,,"4865,4866,4867,49195,49196,49199,49200,49171,49192,156,157,47,53,10",TLS_AES_128_GCM_SHA256_TLS_AES_256_GCM_SHA384_TLS_CHACHA20_POLY1305_SHA256_ECDHE-ECDSA-AES128-GCM_ECDHE-ECDSA-AES256-GCM_ECDHE-RSA-AES128-GCM_ECDHE-RSA-AES256-GCM_ECDHE-RSA-AES128-CBC_49192_RSA-AES128-GCM_RSA-AES256-GCM_RSA-AES128-CBC_RSA-AES256-CBC_10,7,False,,"29,23,24,25,4588,25497,65074",x25519_secp256r1_secp384r1_secp521r1_X25519MLKEM768_x25519Kyber768_65074,10,False,,"1027,2052,1025,1283,2053,1281,2054,1537,513,1539",ecdsa_secp256r1_sha256_rsa_pss_rsae_sha256_rsa_pkcs1_sha256_ecdsa_secp384r1_sha384_rsa_pss_rsae_sha384_rsa_pkcs1_sha384_rsa_pss_rsae_sha512_rsa_pkcs1_sha512_513_1539,True,t13d1412h2,e33ad33b3d25,6b314db333b6,t,13,d,14,12,h2,"2:0;3:1;4:8388608;5:65536|8323073|0|m,s,a,p",2:0;3:1;4:8388608;5:65536,8323073.0,0,"m,s,a,p",1.0,,0.0,1.0,8388608.0,65536.0,,":method,:scheme,:authority,:path"
trial-007,b39a6e30-9129-43df-a152-b429751633f0,2026-04-19 17:10:48.174579600+00:00,205.172.168.145,GET,/subscribe-v3.html,HTTP/2.0,0.63,TLS 1.3,h2,TLS_AES_128_GCM_SHA256,uxbehaviorsuite.com,True,a500b81aac54803108efba3bbbd3b470,t13d1516h2_8daaf6152771_02713d6af862,"h2,http/1.1",h2,2,True,True,0.0,h2_first,"2570,772,771","TLS 1.3,TLS 1.2",2,True,True,True,False,0.0,TLS1.3+TLS1.2,True,15,True,0.0,"2570,4865,4866,4867,49195,49199,49196,49200,52393,52392,49171,49172,156,157,47,53",TLS_AES_128_GCM_SHA256_TLS_AES_256_GCM_SHA384_TLS_CHACHA20_POLY1305_SHA256_ECDHE-ECDSA-AES128-GCM_ECDHE-RSA-AES128-GCM_ECDHE-ECDSA-AES256-GCM_ECDHE-RSA-AES256-GCM_ECDHE-ECDSA-CHACHA20_ECDHE-RSA-CHACHA20_ECDHE-RSA-AES128-CBC_ECDHE-RSA-AES256-CBC_RSA-AES128-GCM_RSA-AES256-GCM_RSA-AES128-CBC_RSA-AES256-CBC,4,True,0.0,"2570,25497,29,23,24",x25519Kyber768_x25519_secp256r1_secp384r1,8,False,,"1027,2052,1025,1283,2053,1281,2054,1537",ecdsa_secp256r1_sha256_rsa_pss_rsae_sha256_rsa_pkcs1_sha256_ecdsa_secp384r1_sha384_rsa_pss_rsae_sha384_rsa_pkcs1_sha384_rsa_pss_rsae_sha512_rsa_pkcs1_sha512,True,t13d1516h2,8daaf6152771,02713d6af862,t,13,d,15,16,h2,"1:65536;2:0;4:6291456;6:262144|15663105|1:1:0:256,3:1:0:220,5:1:0:256,7:1:5:110,9:1:7:110,11:1:9:110,13:1:0:256,15:1:13:110|m,a,s,p",1:65536;2:0;4:6291456;6:262144,15663105.0,"1:1:0:256,3:1:0:220,5:1:0:256,7:1:5:110,9:1:7:110,11:1:9:110,13:1:0:256,15:1:13:110","m,a,s,p",8.0,65536.0,0.0,,6291456.0,,262144.0,":method,:authority,:scheme,:path"
trial-007,bd909424-87ff-4d7f-a08e-ad7936734c33,2026-04-19 17:10:48.174694109+00:00,205.172.168.145,POST,/collect,HTTP/2.0,0.989,TLS 1.3,h2,TLS_AES_128_GCM_SHA256,uxbehaviorsuite.com,True,a500b81aac54803108efba3bbbd3b470,t13d1516h2_8daaf6152771_02713d6af862,"h2,http/1.1",h2,2,True,True,0.0,h2_first,"2570,772,771","TLS 1.3,TLS 1.2",2,True,True,True,False,0.0,TLS1.3+TLS1.2,True,15,True,0.0,"2570,4865,4866,4867,49195,49199,49196,49200,52393,52392,49171,49172,156,157,47,53",TLS_AES_128_GCM_SHA256_TLS_AES_256_GCM_SHA384_TLS_CHACHA20_POLY1305_SHA256_ECDHE-ECDSA-AES128-GCM_ECDHE-RSA-AES128-GCM_ECDHE-ECDSA-AES256-GCM_ECDHE-RSA-AES256-GCM_ECDHE-ECDSA-CHACHA20_ECDHE-RSA-CHACHA20_ECDHE-RSA-AES128-CBC_ECDHE-RSA-AES256-CBC_RSA-AES128-GCM_RSA-AES256-GCM_RSA-AES128-CBC_RSA-AES256-CBC,4,True,0.0,"2570,25497,29,23,24",x25519Kyber768_x25519_secp256r1_secp384r1,8,False,,"1027,2052,1025,1283,2053,1281,2054,1537",ecdsa_secp256r1_sha256_rsa_pss_rsae_sha256_rsa_pkcs1_sha256_ecdsa_secp384r1_sha384_rsa_pss_rsae_sha384_rsa_pkcs1_sha384_rsa_pss_rsae_sha512_rsa_pkcs1_sha512,True,t13d1516h2,8daaf6152771,02713d6af862,t,13,d,15,16,h2,"1:65536;2:0;4:6291456;6:262144|15663105|1:1:0:256,3:1:0:220,5:1:0:256,7:1:5:110,9:1:7:110,11:1:9:110,13:1:0:256,15:1:13:110|m,a,s,p",1:65536;2:0;4:6291456;6:262144,15663105.0,"1:1:0:256,3:1:0:220,5:1:0:256,7:1:5:110,9:1:7:110,11:1:9:110,13:1:0:256,15:1:13:110","m,a,s,p",8.0,65536.0,0.0,,6291456.0,,262144.0,":method,:authority,:scheme,:path"
trial-007,6f6d2f14-e14a-4d84-843c-2765ac9d85f5,2026-04-19 17:10:48.196653951+00:00,205.172.168.145,POST,/collect,HTTP/2.0,0.231,TLS 1.3,h2,TLS_AES_128_GCM_SHA256,uxbehaviorsuite.com,True,a500b81aac54803108efba3bbbd3b470,t13d1516h2_8daaf6152771_02713d6af862,"h2,http/1.1",h2,2,True,True,0.0,h2_first,"2570,772,771","TLS 1.3,TLS 1.2",2,True,True,True,False,0.0,TLS1.3+TLS1.2,True,15,True,0.0,"2570,4865,4866,4867,49195,49199,49196,49200,52393,52392,49171,49172,156,157,47,53",TLS_AES_128_GCM_SHA256_TLS_AES_256_GCM_SHA384_TLS_CHACHA20_POLY1305_SHA256_ECDHE-ECDSA-AES128-GCM_ECDHE-RSA-AES128-GCM_ECDHE-ECDSA-AES256-GCM_ECDHE-RSA-AES256-GCM_ECDHE-ECDSA-CHACHA20_ECDHE-RSA-CHACHA20_ECDHE-RSA-AES128-CBC_ECDHE-RSA-AES256-CBC_RSA-AES128-GCM_RSA-AES256-GCM_RSA-AES128-CBC_RSA-AES256-CBC,4,True,0.0,"2570,25497,29,23,24",x25519Kyber768_x25519_secp256r1_secp384r1,8,False,,"1027,2052,1025,1283,2053,1281,2054,1537",ecdsa_secp256r1_sha256_rsa_pss_rsae_sha256_rsa_pkcs1_sha256_ecdsa_secp384r1_sha384_rsa_pss_rsae_sha384_rsa_pkcs1_sha384_rsa_pss_rsae_sha512_rsa_pkcs1_sha512,True,t13d1516h2,8daaf6152771,02713d6af862,t,13,d,15,16,h2,"1:65536;2:0;4:6291456;6:262144|15663105|1:1:0:256,3:1:0:220,5:1:0:256,7:1:5:110,9:1:7:110,11:1:9:110,13:1:0:256,15:1:13:110,17:1:15:110|m,a,s,p",1:65536;2:0;4:6291456;6:262144,15663105.0,"1:1:0:256,3:1:0:220,5:1:0:256,7:1:5:110,9:1:7:110,11:1:9:110,13:1:0:256,15:1:13:110,17:1:15:110","m,a,s,p",9.0,65536.0,0.0,,6291456.0,,262144.0,":method,:authority,:scheme,:path"
trial-007,a28156cd-6cfe-4d63-af66-aee396701dd1,2026-04-19 17:10:48.198818629+00:00,205.172.168.145,POST,/collect,HTTP/2.0,0.208,TLS 1.3,h2,TLS_AES_128_GCM_SHA256,uxbehaviorsuite.com,True,a500b81aac54803108efba3bbbd3b470,t13d1516h2_8daaf6152771_02713d6af862,"h2,http/1.1",h2,2,True,True,0.0,h2_first,"2570,772,771","TLS 1.3,TLS 1.2",2,True,True,True,False,0.0,TLS1.3+TLS1.2,True,15,True,0.0,"2570,4865,4866,4867,49195,49199,49196,49200,52393,52392,49171,49172,156,157,47,53",TLS_AES_128_GCM_SHA256_TLS_AES_256_GCM_SHA384_TLS_CHACHA20_POLY1305_SHA256_ECDHE-ECDSA-AES128-GCM_ECDHE-RSA-AES128-GCM_ECDHE-ECDSA-AES256-GCM_ECDHE-RSA-AES256-GCM_ECDHE-ECDSA-CHACHA20_ECDHE-RSA-CHACHA20_ECDHE-RSA-AES128-CBC_ECDHE-RSA-AES256-CBC_RSA-AES128-GCM_RSA-AES256-GCM_RSA-AES128-CBC_RSA-AES256-CBC,4,True,0.0,"2570,25497,29,23,24",x25519Kyber768_x25519_secp256r1_secp384r1,8,False,,"1027,2052,1025,1283,2053,1281,2054,1537",ecdsa_secp256r1_sha256_rsa_pss_rsae_sha256_rsa_pkcs1_sha256_ecdsa_secp384r1_sha384_rsa_pss_rsae_sha384_rsa_pkcs1_sha384_rsa_pss_rsae_sha512_rsa_pkcs1_sha512,True,t13d1516h2,8daaf6152771,02713d6af862,t,13,d,15,16,h2,"1:65536;2:0;4:6291456;6:262144|15663105|1:1:0:256,3:1:0:220,5:1:0:256,7:1:5:110,9:1:7:110,11:1:9:110,13:1:0:256,15:1:13:110,17:1:15:110,19:1:17:110|m,a,s,p",1:65536;2:0;4:6291456;6:262144,15663105.0,"1:1:0:256,3:1:0:220,5:1:0:256,7:1:5:110,9:1:7:110,11:1:9:110,13:1:0:256,15:1:13:110,17:1:15:110,19:1:17:110","m,a,s,p",10.0,65536.0,0.0,,6291456.0,,262144.0,":method,:authority,:scheme,:path"
trial-007,3e8e8789-dfe5-429b-a58c-c93d8bedda92,2026-04-19 17:11:25.194722533+00:00,104.23.223.57,GET,/wordpress/wp-admin/setup-config.php,HTTP/2.0,0.167,TLS 1.3,h2,TLS_AES_128_GCM_SHA256,uxbehaviorsuite.com,True,1449472ba4c4ddb602762f628f080be4,t13d1412h2_e33ad33b3d25_6b314db333b6,"h2,http/1.1",h2,2,True,True,0.0,h2_first,"772,771,770,769","TLS 1.3,TLS 1.2,TLS 1.1,TLS 1.0",4,False,True,True,True,,TLS1.3+TLS1.2+TLS1.1+TLS1.0,True,14,False,,"4865,4866,4867,49195,49196,49199,49200,49171,49192,156,157,47,53,10",TLS_AES_128_GCM_SHA256_TLS_AES_256_GCM_SHA384_TLS_CHACHA20_POLY1305_SHA256_ECDHE-ECDSA-AES128-GCM_ECDHE-ECDSA-AES256-GCM_ECDHE-RSA-AES128-GCM_ECDHE-RSA-AES256-GCM_ECDHE-RSA-AES128-CBC_49192_RSA-AES128-GCM_RSA-AES256-GCM_RSA-AES128-CBC_RSA-AES256-CBC_10,7,False,,"29,23,24,25,4588,25497,65074",x25519_secp256r1_secp384r1_secp521r1_X25519MLKEM768_x25519Kyber768_65074,10,False,,"1027,2052,1025,1283,2053,1281,2054,1537,513,1539",ecdsa_secp256r1_sha256_rsa_pss_rsae_sha256_rsa_pkcs1_sha256_ecdsa_secp384r1_sha384_rsa_pss_rsae_sha384_rsa_pkcs1_sha384_rsa_pss_rsae_sha512_rsa_pkcs1_sha512_513_1539,True,t13d1412h2,e33ad33b3d25,6b314db333b6,t,13,d,14,12,h2,"2:0;3:1;4:8388608;5:65536|8323073|0|m,s,a,p",2:0;3:1;4:8388608;5:65536,8323073.0,0,"m,s,a,p",1.0,,0.0,1.0,8388608.0,65536.0,,":method,:scheme,:authority,:path"
trial-007,d7a6ea7c-effe-43c4-b4eb-96cc7d71b497,2026-04-19 17:11:30.174407363+00:00,172.68.183.55,GET,/wp-admin/setup-config.php,HTTP/2.0,0.141,TLS 1.3,h2,TLS_AES_128_GCM_SHA256,uxbehaviorsuite.com,True,1449472ba4c4ddb602762f628f080be4,t13d1412h2_e33ad33b3d25_6b314db333b6,"h2,http/1.1",h2,2,True,True,0.0,h2_first,"772,771,770,769","TLS 1.3,TLS 1.2,TLS 1.1,TLS 1.0",4,False,True,True,True,,TLS1.3+TLS1.2+TLS1.1+TLS1.0,True,14,False,,"4865,4866,4867,49195,49196,49199,49200,49171,49192,156,157,47,53,10",TLS_AES_128_GCM_SHA256_TLS_AES_256_GCM_SHA384_TLS_CHACHA20_POLY1305_SHA256_ECDHE-ECDSA-AES128-GCM_ECDHE-ECDSA-AES256-GCM_ECDHE-RSA-AES128-GCM_ECDHE-RSA-AES256-GCM_ECDHE-RSA-AES128-CBC_49192_RSA-AES128-GCM_RSA-AES256-GCM_RSA-AES128-CBC_RSA-AES256-CBC_10,7,False,,"29,23,24,25,4588,25497,65074",x25519_secp256r1_secp384r1_secp521r1_X25519MLKEM768_x25519Kyber768_65074,10,False,,"1027,2052,1025,1283,2053,1281,2054,1537,513,1539",ecdsa_secp256r1_sha256_rsa_pss_rsae_sha256_rsa_pkcs1_sha256_ecdsa_secp384r1_sha384_rsa_pss_rsae_sha384_rsa_pkcs1_sha384_rsa_pss_rsae_sha512_rsa_pkcs1_sha512_513_1539,True,t13d1412h2,e33ad33b3d25,6b314db333b6,t,13,d,14,12,h2,"2:0;3:1;4:8388608;5:65536|8323073|0|m,s,a,p",2:0;3:1;4:8388608;5:65536,8323073.0,0,"m,s,a,p",1.0,,0.0,1.0,8388608.0,65536.0,,":method,:scheme,:authority,:path"
trial-007,caac6368-5900-41d8-8a09-315f7d46f62f,2026-04-19 17:12:11.344507451+00:00,205.172.168.145,GET,/s2-scroll-gate.html,HTTP/2.0,0.434,TLS 1.3,h2,TLS_AES_128_GCM_SHA256,uxbehaviorsuite.com,True,a500b81aac54803108efba3bbbd3b470,t13d1516h2_8daaf6152771_02713d6af862,"h2,http/1.1",h2,2,True,True,0.0,h2_first,"2570,772,771","TLS 1.3,TLS 1.2",2,True,True,True,False,0.0,TLS1.3+TLS1.2,True,15,True,0.0,"2570,4865,4866,4867,49195,49199,49196,49200,52393,52392,49171,49172,156,157,47,53",TLS_AES_128_GCM_SHA256_TLS_AES_256_GCM_SHA384_TLS_CHACHA20_POLY1305_SHA256_ECDHE-ECDSA-AES128-GCM_ECDHE-RSA-AES128-GCM_ECDHE-ECDSA-AES256-GCM_ECDHE-RSA-AES256-GCM_ECDHE-ECDSA-CHACHA20_ECDHE-RSA-CHACHA20_ECDHE-RSA-AES128-CBC_ECDHE-RSA-AES256-CBC_RSA-AES128-GCM_RSA-AES256-GCM_RSA-AES128-CBC_RSA-AES256-CBC,4,True,0.0,"2570,25497,29,23,24",x25519Kyber768_x25519_secp256r1_secp384r1,8,False,,"1027,2052,1025,1283,2053,1281,2054,1537",ecdsa_secp256r1_sha256_rsa_pss_rsae_sha256_rsa_pkcs1_sha256_ecdsa_secp384r1_sha384_rsa_pss_rsae_sha384_rsa_pkcs1_sha384_rsa_pss_rsae_sha512_rsa_pkcs1_sha512,True,t13d1516h2,8daaf6152771,02713d6af862,t,13,d,15,16,h2,"1:65536;2:0;4:6291456;6:262144|15663105|1:1:0:256,3:1:0:220,5:1:0:256,7:1:5:110,9:1:7:110,11:1:9:110,13:1:0:256,15:1:13:110,17:1:15:110,19:1:17:110,21:1:0:256,23:1:21:110|m,a,s,p",1:65536;2:0;4:6291456;6:262144,15663105.0,"1:1:0:256,3:1:0:220,5:1:0:256,7:1:5:110,9:1:7:110,11:1:9:110,13:1:0:256,15:1:13:110,17:1:15:110,19:1:17:110,21:1:0:256,23:1:21:110","m,a,s,p",12.0,65536.0,0.0,,6291456.0,,262144.0,":method,:authority,:scheme,:path"
trial-007,47469718-4b97-431d-a79e-251eed5b4c22,2026-04-19 17:12:11.344568347+00:00,205.172.168.145,POST,/collect,HTTP/2.0,0.48,TLS 1.3,h2,TLS_AES_128_GCM_SHA256,uxbehaviorsuite.com,True,a500b81aac54803108efba3bbbd3b470,t13d1516h2_8daaf6152771_02713d6af862,"h2,http/1.1",h2,2,True,True,0.0,h2_first,"2570,772,771","TLS 1.3,TLS 1.2",2,True,True,True,False,0.0,TLS1.3+TLS1.2,True,15,True,0.0,"2570,4865,4866,4867,49195,49199,49196,49200,52393,52392,49171,49172,156,157,47,53",TLS_AES_128_GCM_SHA256_TLS_AES_256_GCM_SHA384_TLS_CHACHA20_POLY1305_SHA256_ECDHE-ECDSA-AES128-GCM_ECDHE-RSA-AES128-GCM_ECDHE-ECDSA-AES256-GCM_ECDHE-RSA-AES256-GCM_ECDHE-ECDSA-CHACHA20_ECDHE-RSA-CHACHA20_ECDHE-RSA-AES128-CBC_ECDHE-RSA-AES256-CBC_RSA-AES128-GCM_RSA-AES256-GCM_RSA-AES128-CBC_RSA-AES256-CBC,4,True,0.0,"2570,25497,29,23,24",x25519Kyber768_x25519_secp256r1_secp384r1,8,False,,"1027,2052,1025,1283,2053,1281,2054,1537",ecdsa_secp256r1_sha256_rsa_pss_rsae_sha256_rsa_pkcs1_sha256_ecdsa_secp384r1_sha384_rsa_pss_rsae_sha384_rsa_pkcs1_sha384_rsa_pss_rsae_sha512_rsa_pkcs1_sha512,True,t13d1516h2,8daaf6152771,02713d6af862,t,13,d,15,16,h2,"1:65536;2:0;4:6291456;6:262144|15663105|1:1:0:256,3:1:0:220,5:1:0:256,7:1:5:110,9:1:7:110,11:1:9:110,13:1:0:256,15:1:13:110,17:1:15:110,19:1:17:110,21:1:0:256,23:1:21:110|m,a,s,p",1:65536;2:0;4:6291456;6:262144,15663105.0,"1:1:0:256,3:1:0:220,5:1:0:256,7:1:5:110,9:1:7:110,11:1:9:110,13:1:0:256,15:1:13:110,17:1:15:110,19:1:17:110,21:1:0:256,23:1:21:110","m,a,s,p",12.0,65536.0,0.0,,6291456.0,,262144.0,":method,:authority,:scheme,:path"
trial-007,f16fcbcd-d4eb-4487-8e36-7c888b768bd7,2026-04-19 17:12:11.368592386+00:00,205.172.168.145,POST,/collect,HTTP/2.0,0.374,TLS 1.3,h2,TLS_AES_128_GCM_SHA256,uxbehaviorsuite.com,True,a500b81aac54803108efba3bbbd3b470,t13d1516h2_8daaf6152771_02713d6af862,"h2,http/1.1",h2,2,True,True,0.0,h2_first,"2570,772,771","TLS 1.3,TLS 1.2",2,True,True,True,False,0.0,TLS1.3+TLS1.2,True,15,True,0.0,"2570,4865,4866,4867,49195,49199,49196,49200,52393,52392,49171,49172,156,157,47,53",TLS_AES_128_GCM_SHA256_TLS_AES_256_GCM_SHA384_TLS_CHACHA20_POLY1305_SHA256_ECDHE-ECDSA-AES128-GCM_ECDHE-RSA-AES128-GCM_ECDHE-ECDSA-AES256-GCM_ECDHE-RSA-AES256-GCM_ECDHE-ECDSA-CHACHA20_ECDHE-RSA-CHACHA20_ECDHE-RSA-AES128-CBC_ECDHE-RSA-AES256-CBC_RSA-AES128-GCM_RSA-AES256-GCM_RSA-AES128-CBC_RSA-AES256-CBC,4,True,0.0,"2570,25497,29,23,24",x25519Kyber768_x25519_secp256r1_secp384r1,8,False,,"1027,2052,1025,1283,2053,1281,2054,1537",ecdsa_secp256r1_sha256_rsa_pss_rsae_sha256_rsa_pkcs1_sha256_ecdsa_secp384r1_sha384_rsa_pss_rsae_sha384_rsa_pkcs1_sha384_rsa_pss_rsae_sha512_rsa_pkcs1_sha512,True,t13d1516h2,8daaf6152771,02713d6af862,t,13,d,15,16,h2,"1:65536;2:0;4:6291456;6:262144|15663105|1:1:0:256,3:1:0:220,5:1:0:256,7:1:5:110,9:1:7:110,11:1:9:110,13:1:0:256,15:1:13:110,17:1:15:110,19:1:17:110,21:1:0:256,23:1:21:110,25:1:23:110,27:1:25:110|m,a,s,p",1:65536;2:0;4:6291456;6:262144,15663105.0,"1:1:0:256,3:1:0:220,5:1:0:256,7:1:5:110,9:1:7:110,11:1:9:110,13:1:0:256,15:1:13:110,17:1:15:110,19:1:17:110,21:1:0:256,23:1:21:110,25:1:23:110,27:1:25:110","m,a,s,p",14.0,65536.0,0.0,,6291456.0,,262144.0,":method,:authority,:scheme,:path"
trial-007,ce555f6d-555c-42a4-8df1-e373b9367175,2026-04-19 17:12:11.368623530+00:00,205.172.168.145,POST,/collect,HTTP/2.0,0.56,TLS 1.3,h2,TLS_AES_128_GCM_SHA256,uxbehaviorsuite.com,True,a500b81aac54803108efba3bbbd3b470,t13d1516h2_8daaf6152771_02713d6af862,"h2,http/1.1",h2,2,True,True,0.0,h2_first,"2570,772,771","TLS 1.3,TLS 1.2",2,True,True,True,False,0.0,TLS1.3+TLS1.2,True,15,True,0.0,"2570,4865,4866,4867,49195,49199,49196,49200,52393,52392,49171,49172,156,157,47,53",TLS_AES_128_GCM_SHA256_TLS_AES_256_GCM_SHA384_TLS_CHACHA20_POLY1305_SHA256_ECDHE-ECDSA-AES128-GCM_ECDHE-RSA-AES128-GCM_ECDHE-ECDSA-AES256-GCM_ECDHE-RSA-AES256-GCM_ECDHE-ECDSA-CHACHA20_ECDHE-RSA-CHACHA20_ECDHE-RSA-AES128-CBC_ECDHE-RSA-AES256-CBC_RSA-AES128-GCM_RSA-AES256-GCM_RSA-AES128-CBC_RSA-AES256-CBC,4,True,0.0,"2570,25497,29,23,24",x25519Kyber768_x25519_secp256r1_secp384r1,8,False,,"1027,2052,1025,1283,2053,1281,2054,1537",ecdsa_secp256r1_sha256_rsa_pss_rsae_sha256_rsa_pkcs1_sha256_ecdsa_secp384r1_sha384_rsa_pss_rsae_sha384_rsa_pkcs1_sha384_rsa_pss_rsae_sha512_rsa_pkcs1_sha512,True,t13d1516h2,8daaf6152771,02713d6af862,t,13,d,15,16,h2,"1:65536;2:0;4:6291456;6:262144|15663105|1:1:0:256,3:1:0:220,5:1:0:256,7:1:5:110,9:1:7:110,11:1:9:110,13:1:0:256,15:1:13:110,17:1:15:110,19:1:17:110,21:1:0:256,23:1:21:110,25:1:23:110,27:1:25:110|m,a,s,p",1:65536;2:0;4:6291456;6:262144,15663105.0,"1:1:0:256,3:1:0:220,5:1:0:256,7:1:5:110,9:1:7:110,11:1:9:110,13:1:0:256,15:1:13:110,17:1:15:110,19:1:17:110,21:1:0:256,23:1:21:110,25:1:23:110,27:1:25:110","m,a,s,p",14.0,65536.0,0.0,,6291456.0,,262144.0,":method,:authority,:scheme,:path"
trial-007,ab5c7a2d-e305-453c-a1af-f171f3be1c31,2026-04-19 17:12:57.158951160+00:00,104.23.221.223,GET,/wordpress/wp-admin/setup-config.php,HTTP/2.0,0.194,TLS 1.3,h2,TLS_AES_128_GCM_SHA256,uxbehaviorsuite.com,True,1449472ba4c4ddb602762f628f080be4,t13d1412h2_e33ad33b3d25_6b314db333b6,"h2,http/1.1",h2,2,True,True,0.0,h2_first,"772,771,770,769","TLS 1.3,TLS 1.2,TLS 1.1,TLS 1.0",4,False,True,True,True,,TLS1.3+TLS1.2+TLS1.1+TLS1.0,True,14,False,,"4865,4866,4867,49195,49196,49199,49200,49171,49192,156,157,47,53,10",TLS_AES_128_GCM_SHA256_TLS_AES_256_GCM_SHA384_TLS_CHACHA20_POLY1305_SHA256_ECDHE-ECDSA-AES128-GCM_ECDHE-ECDSA-AES256-GCM_ECDHE-RSA-AES128-GCM_ECDHE-RSA-AES256-GCM_ECDHE-RSA-AES128-CBC_49192_RSA-AES128-GCM_RSA-AES256-GCM_RSA-AES128-CBC_RSA-AES256-CBC_10,7,False,,"29,23,24,25,4588,25497,65074",x25519_secp256r1_secp384r1_secp521r1_X25519MLKEM768_x25519Kyber768_65074,10,False,,"1027,2052,1025,1283,2053,1281,2054,1537,513,1539",ecdsa_secp256r1_sha256_rsa_pss_rsae_sha256_rsa_pkcs1_sha256_ecdsa_secp384r1_sha384_rsa_pss_rsae_sha384_rsa_pkcs1_sha384_rsa_pss_rsae_sha512_rsa_pkcs1_sha512_513_1539,True,t13d1412h2,e33ad33b3d25,6b314db333b6,t,13,d,14,12,h2,"2:0;3:1;4:8388608;5:65536|8323073|0|m,s,a,p",2:0;3:1;4:8388608;5:65536,8323073.0,0,"m,s,a,p",1.0,,0.0,1.0,8388608.0,65536.0,,":method,:scheme,:authority,:path"
trial-007,37a6c647-651f-4a56-bba0-1d5ce5752e9b,2026-04-19 17:13:27.552920603+00:00,205.172.168.145,GET,/s3-hover-reveal.html,HTTP/2.0,0.63,TLS 1.3,h2,TLS_AES_128_GCM_SHA256,uxbehaviorsuite.com,True,a500b81aac54803108efba3bbbd3b470,t13d1516h2_8daaf6152771_02713d6af862,"h2,http/1.1",h2,2,True,True,0.0,h2_first,"2570,772,771","TLS 1.3,TLS 1.2",2,True,True,True,False,0.0,TLS1.3+TLS1.2,True,15,True,0.0,"2570,4865,4866,4867,49195,49199,49196,49200,52393,52392,49171,49172,156,157,47,53",TLS_AES_128_GCM_SHA256_TLS_AES_256_GCM_SHA384_TLS_CHACHA20_POLY1305_SHA256_ECDHE-ECDSA-AES128-GCM_ECDHE-RSA-AES128-GCM_ECDHE-ECDSA-AES256-GCM_ECDHE-RSA-AES256-GCM_ECDHE-ECDSA-CHACHA20_ECDHE-RSA-CHACHA20_ECDHE-RSA-AES128-CBC_ECDHE-RSA-AES256-CBC_RSA-AES128-GCM_RSA-AES256-GCM_RSA-AES128-CBC_RSA-AES256-CBC,4,True,0.0,"2570,25497,29,23,24",x25519Kyber768_x25519_secp256r1_secp384r1,8,False,,"1027,2052,1025,1283,2053,1281,2054,1537",ecdsa_secp256r1_sha256_rsa_pss_rsae_sha256_rsa_pkcs1_sha256_ecdsa_secp384r1_sha384_rsa_pss_rsae_sha384_rsa_pkcs1_sha384_rsa_pss_rsae_sha512_rsa_pkcs1_sha512,True,t13d1516h2,8daaf6152771,02713d6af862,t,13,d,15,16,h2,"1:65536;2:0;4:6291456;6:262144|15663105|1:1:0:256,3:1:0:220,5:1:0:256,7:1:5:110,9:1:7:110,11:1:9:110,13:1:0:256,15:1:13:110,17:1:15:110,19:1:17:110,21:1:0:256,23:1:21:110,25:1:23:110,27:1:25:110,29:1:0:256,31:1:29:110|m,a,s,p",1:65536;2:0;4:6291456;6:262144,15663105.0,"1:1:0:256,3:1:0:220,5:1:0:256,7:1:5:110,9:1:7:110,11:1:9:110,13:1:0:256,15:1:13:110,17:1:15:110,19:1:17:110,21:1:0:256,23:1:21:110,25:1:23:110,27:1:25:110,29:1:0:256,31:1:29:110","m,a,s,p",16.0,65536.0,0.0,,6291456.0,,262144.0,":method,:authority,:scheme,:path"
trial-007,a6618eff-200c-4b25-920c-90881957176b,2026-04-19 17:13:27.553025203+00:00,205.172.168.145,POST,/collect,HTTP/2.0,0.356,TLS 1.3,h2,TLS_AES_128_GCM_SHA256,uxbehaviorsuite.com,True,a500b81aac54803108efba3bbbd3b470,t13d1516h2_8daaf6152771_02713d6af862,"h2,http/1.1",h2,2,True,True,0.0,h2_first,"2570,772,771","TLS 1.3,TLS 1.2",2,True,True,True,False,0.0,TLS1.3+TLS1.2,True,15,True,0.0,"2570,4865,4866,4867,49195,49199,49196,49200,52393,52392,49171,49172,156,157,47,53",TLS_AES_128_GCM_SHA256_TLS_AES_256_GCM_SHA384_TLS_CHACHA20_POLY1305_SHA256_ECDHE-ECDSA-AES128-GCM_ECDHE-RSA-AES128-GCM_ECDHE-ECDSA-AES256-GCM_ECDHE-RSA-AES256-GCM_ECDHE-ECDSA-CHACHA20_ECDHE-RSA-CHACHA20_ECDHE-RSA-AES128-CBC_ECDHE-RSA-AES256-CBC_RSA-AES128-GCM_RSA-AES256-GCM_RSA-AES128-CBC_RSA-AES256-CBC,4,True,0.0,"2570,25497,29,23,24",x25519Kyber768_x25519_secp256r1_secp384r1,8,False,,"1027,2052,1025,1283,2053,1281,2054,1537",ecdsa_secp256r1_sha256_rsa_pss_rsae_sha256_rsa_pkcs1_sha256_ecdsa_secp384r1_sha384_rsa_pss_rsae_sha384_rsa_pkcs1_sha384_rsa_pss_rsae_sha512_rsa_pkcs1_sha512,True,t13d1516h2,8daaf6152771,02713d6af862,t,13,d,15,16,h2,"1:65536;2:0;4:6291456;6:262144|15663105|1:1:0:256,3:1:0:220,5:1:0:256,7:1:5:110,9:1:7:110,11:1:9:110,13:1:0:256,15:1:13:110,17:1:15:110,19:1:17:110,21:1:0:256,23:1:21:110,25:1:23:110,27:1:25:110,29:1:0:256,31:1:29:110|m,a,s,p",1:65536;2:0;4:6291456;6:262144,15663105.0,"1:1:0:256,3:1:0:220,5:1:0:256,7:1:5:110,9:1:7:110,11:1:9:110,13:1:0:256,15:1:13:110,17:1:15:110,19:1:17:110,21:1:0:256,23:1:21:110,25:1:23:110,27:1:25:110,29:1:0:256,31:1:29:110","m,a,s,p",16.0,65536.0,0.0,,6291456.0,,262144.0,":method,:authority,:scheme,:path"
trial-007,ec6c73ad-a039-43f2-b6b0-6e1c3a654f07,2026-04-19 17:13:27.574238998+00:00,205.172.168.145,POST,/collect,HTTP/2.0,0.223,TLS 1.3,h2,TLS_AES_128_GCM_SHA256,uxbehaviorsuite.com,True,a500b81aac54803108efba3bbbd3b470,t13d1516h2_8daaf6152771_02713d6af862,"h2,http/1.1",h2,2,True,True,0.0,h2_first,"2570,772,771","TLS 1.3,TLS 1.2",2,True,True,True,False,0.0,TLS1.3+TLS1.2,True,15,True,0.0,"2570,4865,4866,4867,49195,49199,49196,49200,52393,52392,49171,49172,156,157,47,53",TLS_AES_128_GCM_SHA256_TLS_AES_256_GCM_SHA384_TLS_CHACHA20_POLY1305_SHA256_ECDHE-ECDSA-AES128-GCM_ECDHE-RSA-AES128-GCM_ECDHE-ECDSA-AES256-GCM_ECDHE-RSA-AES256-GCM_ECDHE-ECDSA-CHACHA20_ECDHE-RSA-CHACHA20_ECDHE-RSA-AES128-CBC_ECDHE-RSA-AES256-CBC_RSA-AES128-GCM_RSA-AES256-GCM_RSA-AES128-CBC_RSA-AES256-CBC,4,True,0.0,"2570,25497,29,23,24",x25519Kyber768_x25519_secp256r1_secp384r1,8,False,,"1027,2052,1025,1283,2053,1281,2054,1537",ecdsa_secp256r1_sha256_rsa_pss_rsae_sha256_rsa_pkcs1_sha256_ecdsa_secp384r1_sha384_rsa_pss_rsae_sha384_rsa_pkcs1_sha384_rsa_pss_rsae_sha512_rsa_pkcs1_sha512,True,t13d1516h2,8daaf6152771,02713d6af862,t,13,d,15,16,h2,"1:65536;2:0;4:6291456;6:262144|15663105|1:1:0:256,3:1:0:220,5:1:0:256,7:1:5:110,9:1:7:110,11:1:9:110,13:1:0:256,15:1:13:110,17:1:15:110,19:1:17:110,21:1:0:256,23:1:21:110,25:1:23:110,27:1:25:110,29:1:0:256,31:1:29:110,33:1:0:110|m,a,s,p",1:65536;2:0;4:6291456;6:262144,15663105.0,"1:1:0:256,3:1:0:220,5:1:0:256,7:1:5:110,9:1:7:110,11:1:9:110,13:1:0:256,15:1:13:110,17:1:15:110,19:1:17:110,21:1:0:256,23:1:21:110,25:1:23:110,27:1:25:110,29:1:0:256,31:1:29:110,33:1:0:110","m,a,s,p",17.0,65536.0,0.0,,6291456.0,,262144.0,":method,:authority,:scheme,:path"
trial-007,82e423f8-d99b-4ac0-ab51-97d2ad002ddb,2026-04-19 17:13:27.575996575+00:00,205.172.168.145,POST,/collect,HTTP/2.0,0.297,TLS 1.3,h2,TLS_AES_128_GCM_SHA256,uxbehaviorsuite.com,True,a500b81aac54803108efba3bbbd3b470,t13d1516h2_8daaf6152771_02713d6af862,"h2,http/1.1",h2,2,True,True,0.0,h2_first,"2570,772,771","TLS 1.3,TLS 1.2",2,True,True,True,False,0.0,TLS1.3+TLS1.2,True,15,True,0.0,"2570,4865,4866,4867,49195,49199,49196,49200,52393,52392,49171,49172,156,157,47,53",TLS_AES_128_GCM_SHA256_TLS_AES_256_GCM_SHA384_TLS_CHACHA20_POLY1305_SHA256_ECDHE-ECDSA-AES128-GCM_ECDHE-RSA-AES128-GCM_ECDHE-ECDSA-AES256-GCM_ECDHE-RSA-AES256-GCM_ECDHE-ECDSA-CHACHA20_ECDHE-RSA-CHACHA20_ECDHE-RSA-AES128-CBC_ECDHE-RSA-AES256-CBC_RSA-AES128-GCM_RSA-AES256-GCM_RSA-AES128-CBC_RSA-AES256-CBC,4,True,0.0,"2570,25497,29,23,24",x25519Kyber768_x25519_secp256r1_secp384r1,8,False,,"1027,2052,1025,1283,2053,1281,2054,1537",ecdsa_secp256r1_sha256_rsa_pss_rsae_sha256_rsa_pkcs1_sha256_ecdsa_secp384r1_sha384_rsa_pss_rsae_sha384_rsa_pkcs1_sha384_rsa_pss_rsae_sha512_rsa_pkcs1_sha512,True,t13d1516h2,8daaf6152771,02713d6af862,t,13,d,15,16,h2,"1:65536;2:0;4:6291456;6:262144|15663105|1:1:0:256,3:1:0:220,5:1:0:256,7:1:5:110,9:1:7:110,11:1:9:110,13:1:0:256,15:1:13:110,17:1:15:110,19:1:17:110,21:1:0:256,23:1:21:110,25:1:23:110,27:1:25:110,29:1:0:256,31:1:29:110,33:1:0:110,35:1:33:110|m,a,s,p",1:65536;2:0;4:6291456;6:262144,15663105.0,"1:1:0:256,3:1:0:220,5:1:0:256,7:1:5:110,9:1:7:110,11:1:9:110,13:1:0:256,15:1:13:110,17:1:15:110,19:1:17:110,21:1:0:256,23:1:21:110,25:1:23:110,27:1:25:110,29:1:0:256,31:1:29:110,33:1:0:110,35:1:33:110","m,a,s,p",18.0,65536.0,0.0,,6291456.0,,262144.0,":method,:authority,:scheme,:path"
trial-007,ce58cf0c-bc05-4eeb-8a97-d5523c00d261,2026-04-19 17:14:58.252676283+00:00,205.172.168.145,GET,/s4-dom-mismatch.html,HTTP/2.0,0.718,TLS 1.3,h2,TLS_AES_128_GCM_SHA256,uxbehaviorsuite.com,True,a500b81aac54803108efba3bbbd3b470,t13d1516h2_8daaf6152771_02713d6af862,"h2,http/1.1",h2,2,True,True,0.0,h2_first,"2570,772,771","TLS 1.3,TLS 1.2",2,True,True,True,False,0.0,TLS1.3+TLS1.2,True,15,True,0.0,"2570,4865,4866,4867,49195,49199,49196,49200,52393,52392,49171,49172,156,157,47,53",TLS_AES_128_GCM_SHA256_TLS_AES_256_GCM_SHA384_TLS_CHACHA20_POLY1305_SHA256_ECDHE-ECDSA-AES128-GCM_ECDHE-RSA-AES128-GCM_ECDHE-ECDSA-AES256-GCM_ECDHE-RSA-AES256-GCM_ECDHE-ECDSA-CHACHA20_ECDHE-RSA-CHACHA20_ECDHE-RSA-AES128-CBC_ECDHE-RSA-AES256-CBC_RSA-AES128-GCM_RSA-AES256-GCM_RSA-AES128-CBC_RSA-AES256-CBC,4,True,0.0,"2570,25497,29,23,24",x25519Kyber768_x25519_secp256r1_secp384r1,8,False,,"1027,2052,1025,1283,2053,1281,2054,1537",ecdsa_secp256r1_sha256_rsa_pss_rsae_sha256_rsa_pkcs1_sha256_ecdsa_secp384r1_sha384_rsa_pss_rsae_sha384_rsa_pkcs1_sha384_rsa_pss_rsae_sha512_rsa_pkcs1_sha512,True,t13d1516h2,8daaf6152771,02713d6af862,t,13,d,15,16,h2,"1:65536;2:0;4:6291456;6:262144|15663105|1:1:0:256,3:1:0:220,5:1:0:256,7:1:5:110,9:1:7:110,11:1:9:110,13:1:0:256,15:1:13:110,17:1:15:110,19:1:17:110,21:1:0:256,23:1:21:110,25:1:23:110,27:1:25:110,29:1:0:256,31:1:29:110,33:1:0:110,35:1:33:110,37:1:0:256,39:1:37:110|m,a,s,p",1:65536;2:0;4:6291456;6:262144,15663105.0,"1:1:0:256,3:1:0:220,5:1:0:256,7:1:5:110,9:1:7:110,11:1:9:110,13:1:0:256,15:1:13:110,17:1:15:110,19:1:17:110,21:1:0:256,23:1:21:110,25:1:23:110,27:1:25:110,29:1:0:256,31:1:29:110,33:1:0:110,35:1:33:110,37:1:0:256,39:1:37:110","m,a,s,p",20.0,65536.0,0.0,,6291456.0,,262144.0,":method,:authority,:scheme,:path"
trial-007,0ce82d52-f505-4147-bb95-84ce4491c4ff,2026-04-19 17:14:58.252911666+00:00,205.172.168.145,POST,/collect,HTTP/2.0,0.773,TLS 1.3,h2,TLS_AES_128_GCM_SHA256,uxbehaviorsuite.com,True,a500b81aac54803108efba3bbbd3b470,t13d1516h2_8daaf6152771_02713d6af862,"h2,http/1.1",h2,2,True,True,0.0,h2_first,"2570,772,771","TLS 1.3,TLS 1.2",2,True,True,True,False,0.0,TLS1.3+TLS1.2,True,15,True,0.0,"2570,4865,4866,4867,49195,49199,49196,49200,52393,52392,49171,49172,156,157,47,53",TLS_AES_128_GCM_SHA256_TLS_AES_256_GCM_SHA384_TLS_CHACHA20_POLY1305_SHA256_ECDHE-ECDSA-AES128-GCM_ECDHE-RSA-AES128-GCM_ECDHE-ECDSA-AES256-GCM_ECDHE-RSA-AES256-GCM_ECDHE-ECDSA-CHACHA20_ECDHE-RSA-CHACHA20_ECDHE-RSA-AES128-CBC_ECDHE-RSA-AES256-CBC_RSA-AES128-GCM_RSA-AES256-GCM_RSA-AES128-CBC_RSA-AES256-CBC,4,True,0.0,"2570,25497,29,23,24",x25519Kyber768_x25519_secp256r1_secp384r1,8,False,,"1027,2052,1025,1283,2053,1281,2054,1537",ecdsa_secp256r1_sha256_rsa_pss_rsae_sha256_rsa_pkcs1_sha256_ecdsa_secp384r1_sha384_rsa_pss_rsae_sha384_rsa_pkcs1_sha384_rsa_pss_rsae_sha512_rsa_pkcs1_sha512,True,t13d1516h2,8daaf6152771,02713d6af862,t,13,d,15,16,h2,"1:65536;2:0;4:6291456;6:262144|15663105|1:1:0:256,3:1:0:220,5:1:0:256,7:1:5:110,9:1:7:110,11:1:9:110,13:1:0:256,15:1:13:110,17:1:15:110,19:1:17:110,21:1:0:256,23:1:21:110,25:1:23:110,27:1:25:110,29:1:0:256,31:1:29:110,33:1:0:110,35:1:33:110,37:1:0:256,39:1:37:110|m,a,s,p",1:65536;2:0;4:6291456;6:262144,15663105.0,"1:1:0:256,3:1:0:220,5:1:0:256,7:1:5:110,9:1:7:110,11:1:9:110,13:1:0:256,15:1:13:110,17:1:15:110,19:1:17:110,21:1:0:256,23:1:21:110,25:1:23:110,27:1:25:110,29:1:0:256,31:1:29:110,33:1:0:110,35:1:33:110,37:1:0:256,39:1:37:110","m,a,s,p",20.0,65536.0,0.0,,6291456.0,,262144.0,":method,:authority,:scheme,:path"
trial-007,8c41bc2c-8aa2-41a3-bf77-0d606c855ccb,2026-04-19 17:14:58.277092237+00:00,205.172.168.145,POST,/collect,HTTP/2.0,0.229,TLS 1.3,h2,TLS_AES_128_GCM_SHA256,uxbehaviorsuite.com,True,a500b81aac54803108efba3bbbd3b470,t13d1516h2_8daaf6152771_02713d6af862,"h2,http/1.1",h2,2,True,True,0.0,h2_first,"2570,772,771","TLS 1.3,TLS 1.2",2,True,True,True,False,0.0,TLS1.3+TLS1.2,True,15,True,0.0,"2570,4865,4866,4867,49195,49199,49196,49200,52393,52392,49171,49172,156,157,47,53",TLS_AES_128_GCM_SHA256_TLS_AES_256_GCM_SHA384_TLS_CHACHA20_POLY1305_SHA256_ECDHE-ECDSA-AES128-GCM_ECDHE-RSA-AES128-GCM_ECDHE-ECDSA-AES256-GCM_ECDHE-RSA-AES256-GCM_ECDHE-ECDSA-CHACHA20_ECDHE-RSA-CHACHA20_ECDHE-RSA-AES128-CBC_ECDHE-RSA-AES256-CBC_RSA-AES128-GCM_RSA-AES256-GCM_RSA-AES128-CBC_RSA-AES256-CBC,4,True,0.0,"2570,25497,29,23,24",x25519Kyber768_x25519_secp256r1_secp384r1,8,False,,"1027,2052,1025,1283,2053,1281,2054,1537",ecdsa_secp256r1_sha256_rsa_pss_rsae_sha256_rsa_pkcs1_sha256_ecdsa_secp384r1_sha384_rsa_pss_rsae_sha384_rsa_pkcs1_sha384_rsa_pss_rsae_sha512_rsa_pkcs1_sha512,True,t13d1516h2,8daaf6152771,02713d6af862,t,13,d,15,16,h2,"1:65536;2:0;4:6291456;6:262144|15663105|1:1:0:256,3:1:0:220,5:1:0:256,7:1:5:110,9:1:7:110,11:1:9:110,13:1:0:256,15:1:13:110,17:1:15:110,19:1:17:110,21:1:0:256,23:1:21:110,25:1:23:110,27:1:25:110,29:1:0:256,31:1:29:110,33:1:0:110,35:1:33:110,37:1:0:256,39:1:37:110,41:1:39:110|m,a,s,p",1:65536;2:0;4:6291456;6:262144,15663105.0,"1:1:0:256,3:1:0:220,5:1:0:256,7:1:5:110,9:1:7:110,11:1:9:110,13:1:0:256,15:1:13:110,17:1:15:110,19:1:17:110,21:1:0:256,23:1:21:110,25:1:23:110,27:1:25:110,29:1:0:256,31:1:29:110,33:1:0:110,35:1:33:110,37:1:0:256,39:1:37:110,41:1:39:110","m,a,s,p",21.0,65536.0,0.0,,6291456.0,,262144.0,":method,:authority,:scheme,:path"
trial-007,ccb40e19-be58-4070-a1fd-478c386b468f,2026-04-19 17:14:58.278626179+00:00,205.172.168.145,POST,/collect,HTTP/2.0,0.342,TLS 1.3,h2,TLS_AES_128_GCM_SHA256,uxbehaviorsuite.com,True,a500b81aac54803108efba3bbbd3b470,t13d1516h2_8daaf6152771_02713d6af862,"h2,http/1.1",h2,2,True,True,0.0,h2_first,"2570,772,771","TLS 1.3,TLS 1.2",2,True,True,True,False,0.0,TLS1.3+TLS1.2,True,15,True,0.0,"2570,4865,4866,4867,49195,49199,49196,49200,52393,52392,49171,49172,156,157,47,53",TLS_AES_128_GCM_SHA256_TLS_AES_256_GCM_SHA384_TLS_CHACHA20_POLY1305_SHA256_ECDHE-ECDSA-AES128-GCM_ECDHE-RSA-AES128-GCM_ECDHE-ECDSA-AES256-GCM_ECDHE-RSA-AES256-GCM_ECDHE-ECDSA-CHACHA20_ECDHE-RSA-CHACHA20_ECDHE-RSA-AES128-CBC_ECDHE-RSA-AES256-CBC_RSA-AES128-GCM_RSA-AES256-GCM_RSA-AES128-CBC_RSA-AES256-CBC,4,True,0.0,"2570,25497,29,23,24",x25519Kyber768_x25519_secp256r1_secp384r1,8,False,,"1027,2052,1025,1283,2053,1281,2054,1537",ecdsa_secp256r1_sha256_rsa_pss_rsae_sha256_rsa_pkcs1_sha256_ecdsa_secp384r1_sha384_rsa_pss_rsae_sha384_rsa_pkcs1_sha384_rsa_pss_rsae_sha512_rsa_pkcs1_sha512,True,t13d1516h2,8daaf6152771,02713d6af862,t,13,d,15,16,h2,"1:65536;2:0;4:6291456;6:262144|15663105|1:1:0:256,3:1:0:220,5:1:0:256,7:1:5:110,9:1:7:110,11:1:9:110,13:1:0:256,15:1:13:110,17:1:15:110,19:1:17:110,21:1:0:256,23:1:21:110,25:1:23:110,27:1:25:110,29:1:0:256,31:1:29:110,33:1:0:110,35:1:33:110,37:1:0:256,39:1:37:110,41:1:39:110,43:1:41:110|m,a,s,p",1:65536;2:0;4:6291456;6:262144,15663105.0,"1:1:0:256,3:1:0:220,5:1:0:256,7:1:5:110,9:1:7:110,11:1:9:110,13:1:0:256,15:1:13:110,17:1:15:110,19:1:17:110,21:1:0:256,23:1:21:110,25:1:23:110,27:1:25:110,29:1:0:256,31:1:29:110,33:1:0:110,35:1:33:110,37:1:0:256,39:1:37:110,41:1:39:110,43:1:41:110","m,a,s,p",22.0,65536.0,0.0,,6291456.0,,262144.0,":method,:authority,:scheme,:path"
trial-007,ec0db69c-c3da-438b-9ab6-1b13a65766cf,2026-04-19 17:15:56.577950637+00:00,205.172.168.145,GET,/s5-delayed-feedback.html,HTTP/2.0,0.413,TLS 1.3,h2,TLS_AES_128_GCM_SHA256,uxbehaviorsuite.com,True,a500b81aac54803108efba3bbbd3b470,t13d1516h2_8daaf6152771_02713d6af862,"h2,http/1.1",h2,2,True,True,0.0,h2_first,"2570,772,771","TLS 1.3,TLS 1.2",2,True,True,True,False,0.0,TLS1.3+TLS1.2,True,15,True,0.0,"2570,4865,4866,4867,49195,49199,49196,49200,52393,52392,49171,49172,156,157,47,53",TLS_AES_128_GCM_SHA256_TLS_AES_256_GCM_SHA384_TLS_CHACHA20_POLY1305_SHA256_ECDHE-ECDSA-AES128-GCM_ECDHE-RSA-AES128-GCM_ECDHE-ECDSA-AES256-GCM_ECDHE-RSA-AES256-GCM_ECDHE-ECDSA-CHACHA20_ECDHE-RSA-CHACHA20_ECDHE-RSA-AES128-CBC_ECDHE-RSA-AES256-CBC_RSA-AES128-GCM_RSA-AES256-GCM_RSA-AES128-CBC_RSA-AES256-CBC,4,True,0.0,"2570,25497,29,23,24",x25519Kyber768_x25519_secp256r1_secp384r1,8,False,,"1027,2052,1025,1283,2053,1281,2054,1537",ecdsa_secp256r1_sha256_rsa_pss_rsae_sha256_rsa_pkcs1_sha256_ecdsa_secp384r1_sha384_rsa_pss_rsae_sha384_rsa_pkcs1_sha384_rsa_pss_rsae_sha512_rsa_pkcs1_sha512,True,t13d1516h2,8daaf6152771,02713d6af862,t,13,d,15,16,h2,"1:65536;2:0;4:6291456;6:262144|15663105|1:1:0:256,3:1:0:220,5:1:0:256,7:1:5:110,9:1:7:110,11:1:9:110,13:1:0:256,15:1:13:110,17:1:15:110,19:1:17:110,21:1:0:256,23:1:21:110,25:1:23:110,27:1:25:110,29:1:0:256,31:1:29:110,33:1:0:110,35:1:33:110,37:1:0:256,39:1:37:110,41:1:39:110,43:1:41:110,45:1:0:110,47:1:0:256|m,a,s,p",1:65536;2:0;4:6291456;6:262144,15663105.0,"1:1:0:256,3:1:0:220,5:1:0:256,7:1:5:110,9:1:7:110,11:1:9:110,13:1:0:256,15:1:13:110,17:1:15:110,19:1:17:110,21:1:0:256,23:1:21:110,25:1:23:110,27:1:25:110,29:1:0:256,31:1:29:110,33:1:0:110,35:1:33:110,37:1:0:256,39:1:37:110,41:1:39:110,43:1:41:110,45:1:0:110,47:1:0:256","m,a,s,p",24.0,65536.0,0.0,,6291456.0,,262144.0,":method,:authority,:scheme,:path"
trial-007,6ccad032-c64d-47b5-a87e-0536e0157e0e,2026-04-19 17:15:56.599240459+00:00,205.172.168.145,POST,/collect,HTTP/2.0,0.198,TLS 1.3,h2,TLS_AES_128_GCM_SHA256,uxbehaviorsuite.com,True,a500b81aac54803108efba3bbbd3b470,t13d1516h2_8daaf6152771_02713d6af862,"h2,http/1.1",h2,2,True,True,0.0,h2_first,"2570,772,771","TLS 1.3,TLS 1.2",2,True,True,True,False,0.0,TLS1.3+TLS1.2,True,15,True,0.0,"2570,4865,4866,4867,49195,49199,49196,49200,52393,52392,49171,49172,156,157,47,53",TLS_AES_128_GCM_SHA256_TLS_AES_256_GCM_SHA384_TLS_CHACHA20_POLY1305_SHA256_ECDHE-ECDSA-AES128-GCM_ECDHE-RSA-AES128-GCM_ECDHE-ECDSA-AES256-GCM_ECDHE-RSA-AES256-GCM_ECDHE-ECDSA-CHACHA20_ECDHE-RSA-CHACHA20_ECDHE-RSA-AES128-CBC_ECDHE-RSA-AES256-CBC_RSA-AES128-GCM_RSA-AES256-GCM_RSA-AES128-CBC_RSA-AES256-CBC,4,True,0.0,"2570,25497,29,23,24",x25519Kyber768_x25519_secp256r1_secp384r1,8,False,,"1027,2052,1025,1283,2053,1281,2054,1537",ecdsa_secp256r1_sha256_rsa_pss_rsae_sha256_rsa_pkcs1_sha256_ecdsa_secp384r1_sha384_rsa_pss_rsae_sha384_rsa_pkcs1_sha384_rsa_pss_rsae_sha512_rsa_pkcs1_sha512,True,t13d1516h2,8daaf6152771,02713d6af862,t,13,d,15,16,h2,"1:65536;2:0;4:6291456;6:262144|15663105|1:1:0:256,3:1:0:220,5:1:0:256,7:1:5:110,9:1:7:110,11:1:9:110,13:1:0:256,15:1:13:110,17:1:15:110,19:1:17:110,21:1:0:256,23:1:21:110,25:1:23:110,27:1:25:110,29:1:0:256,31:1:29:110,33:1:0:110,35:1:33:110,37:1:0:256,39:1:37:110,41:1:39:110,43:1:41:110,45:1:0:110,47:1:0:256,49:1:45:110|m,a,s,p",1:65536;2:0;4:6291456;6:262144,15663105.0,"1:1:0:256,3:1:0:220,5:1:0:256,7:1:5:110,9:1:7:110,11:1:9:110,13:1:0:256,15:1:13:110,17:1:15:110,19:1:17:110,21:1:0:256,23:1:21:110,25:1:23:110,27:1:25:110,29:1:0:256,31:1:29:110,33:1:0:110,35:1:33:110,37:1:0:256,39:1:37:110,41:1:39:110,43:1:41:110,45:1:0:110,47:1:0:256,49:1:45:110","m,a,s,p",25.0,65536.0,0.0,,6291456.0,,262144.0,":method,:authority,:scheme,:path"
trial-007,e3175450-54f8-4e58-84a1-b9c783c6fca6,2026-04-19 17:15:56.603167535+00:00,205.172.168.145,POST,/collect,HTTP/2.0,0.194,TLS 1.3,h2,TLS_AES_128_GCM_SHA256,uxbehaviorsuite.com,True,a500b81aac54803108efba3bbbd3b470,t13d1516h2_8daaf6152771_02713d6af862,"h2,http/1.1",h2,2,True,True,0.0,h2_first,"2570,772,771","TLS 1.3,TLS 1.2",2,True,True,True,False,0.0,TLS1.3+TLS1.2,True,15,True,0.0,"2570,4865,4866,4867,49195,49199,49196,49200,52393,52392,49171,49172,156,157,47,53",TLS_AES_128_GCM_SHA256_TLS_AES_256_GCM_SHA384_TLS_CHACHA20_POLY1305_SHA256_ECDHE-ECDSA-AES128-GCM_ECDHE-RSA-AES128-GCM_ECDHE-ECDSA-AES256-GCM_ECDHE-RSA-AES256-GCM_ECDHE-ECDSA-CHACHA20_ECDHE-RSA-CHACHA20_ECDHE-RSA-AES128-CBC_ECDHE-RSA-AES256-CBC_RSA-AES128-GCM_RSA-AES256-GCM_RSA-AES128-CBC_RSA-AES256-CBC,4,True,0.0,"2570,25497,29,23,24",x25519Kyber768_x25519_secp256r1_secp384r1,8,False,,"1027,2052,1025,1283,2053,1281,2054,1537",ecdsa_secp256r1_sha256_rsa_pss_rsae_sha256_rsa_pkcs1_sha256_ecdsa_secp384r1_sha384_rsa_pss_rsae_sha384_rsa_pkcs1_sha384_rsa_pss_rsae_sha512_rsa_pkcs1_sha512,True,t13d1516h2,8daaf6152771,02713d6af862,t,13,d,15,16,h2,"1:65536;2:0;4:6291456;6:262144|15663105|1:1:0:256,3:1:0:220,5:1:0:256,7:1:5:110,9:1:7:110,11:1:9:110,13:1:0:256,15:1:13:110,17:1:15:110,19:1:17:110,21:1:0:256,23:1:21:110,25:1:23:110,27:1:25:110,29:1:0:256,31:1:29:110,33:1:0:110,35:1:33:110,37:1:0:256,39:1:37:110,41:1:39:110,43:1:41:110,45:1:0:110,47:1:0:256,49:1:45:110,51:1:49:110|m,a,s,p",1:65536;2:0;4:6291456;6:262144,15663105.0,"1:1:0:256,3:1:0:220,5:1:0:256,7:1:5:110,9:1:7:110,11:1:9:110,13:1:0:256,15:1:13:110,17:1:15:110,19:1:17:110,21:1:0:256,23:1:21:110,25:1:23:110,27:1:25:110,29:1:0:256,31:1:29:110,33:1:0:110,35:1:33:110,37:1:0:256,39:1:37:110,41:1:39:110,43:1:41:110,45:1:0:110,47:1:0:256,49:1:45:110,51:1:49:110","m,a,s,p",26.0,65536.0,0.0,,6291456.0,,262144.0,":method,:authority,:scheme,:path"
trial-007,12bbd2da-047e-4f76-9444-bb589e124450,2026-04-19 17:15:57.543127909+00:00,168.144.96.218,GET,/,HTTP/1.1,0.35,TLS 1.2,,TLS_ECDHE_ECDSA_WITH_AES_128_GCM_SHA256,uxbehaviorsuite.com,True,fd80fa9c6120cdeea8520510f3c644ac,t12d860600_e18388e7f3a3_a1e935682795,,,0,False,False,,none,,,0,False,False,False,False,,none,,86,False,,"49200,49196,49192,49188,49172,49162,165,163,161,159,107,106,105,104,57,56,55,54,136,135,134,133,49202,49198,49194,49190,49167,49157,157,61,53,132,49199,49195,49191,49187,49171,49161,164,162,160,158,103,64,63,62,51,50,49,48,154,153,152,151,69,68,67,66,49201,49197,49193,49189,49166,49156,156,60,47,150,65,7,49169,49159,49164,49154,5,4,49170,49160,22,19,16,13,49165,49155,10,255",ECDHE-RSA-AES256-GCM_ECDHE-ECDSA-AES256-GCM_49192_49188_ECDHE-RSA-AES256-CBC_49162_165_163_161_159_107_106_105_104_57_56_55_54_136_135_134_133_49202_49198_49194_49190_49167_49157_RSA-AES256-GCM_61_RSA-AES256-CBC_132_ECDHE-RSA-AES128-GCM_ECDHE-ECDSA-AES128-GCM_49191_49187_ECDHE-RSA-AES128-CBC_49161_164_162_160_158_103_64_63_62_51_50_49_48_154_153_152_151_69_68_67_66_49201_49197_49193_49189_49166_49156_RSA-AES128-GCM_60_RSA-AES128-CBC_150_65_7_49169_49159_49164_49154_5_4_49170_49160_22_19_16_13_49165_49155_10_EMPTY_RENEGOTIATION,13,False,,"23,25,28,27,24,26,22,14,13,11,12,9,10",secp256r1_secp521r1_28_27_secp384r1_26_22_14_13_11_12_9_10,15,False,,"1537,1538,1539,1281,1282,1283,1025,1026,1027,769,770,771,513,514,515",rsa_pkcs1_sha512_1538_1539_rsa_pkcs1_sha384_1282_ecdsa_secp384r1_sha384_rsa_pkcs1_sha256_1026_ecdsa_secp256r1_sha256_769_770_771_513_514_ecdsa_sha1,False,t12d860600,e18388e7f3a3,a1e935682795,t,12,d,86,6,00,,,,,,,,,,,,,
trial-007,b2c987e5-33f1-4a09-a3e0-0b78c485120d,2026-04-19 17:15:58.745508834+00:00,168.144.96.218,GET,//xmlrpc.php,HTTP/1.1,0.132,TLS 1.2,,TLS_ECDHE_ECDSA_WITH_AES_128_GCM_SHA256,uxbehaviorsuite.com,True,fd80fa9c6120cdeea8520510f3c644ac,t12d860600_e18388e7f3a3_a1e935682795,,,0,False,False,,none,,,0,False,False,False,False,,none,,86,False,,"49200,49196,49192,49188,49172,49162,165,163,161,159,107,106,105,104,57,56,55,54,136,135,134,133,49202,49198,49194,49190,49167,49157,157,61,53,132,49199,49195,49191,49187,49171,49161,164,162,160,158,103,64,63,62,51,50,49,48,154,153,152,151,69,68,67,66,49201,49197,49193,49189,49166,49156,156,60,47,150,65,7,49169,49159,49164,49154,5,4,49170,49160,22,19,16,13,49165,49155,10,255",ECDHE-RSA-AES256-GCM_ECDHE-ECDSA-AES256-GCM_49192_49188_ECDHE-RSA-AES256-CBC_49162_165_163_161_159_107_106_105_104_57_56_55_54_136_135_134_133_49202_49198_49194_49190_49167_49157_RSA-AES256-GCM_61_RSA-AES256-CBC_132_ECDHE-RSA-AES128-GCM_ECDHE-ECDSA-AES128-GCM_49191_49187_ECDHE-RSA-AES128-CBC_49161_164_162_160_158_103_64_63_62_51_50_49_48_154_153_152_151_69_68_67_66_49201_49197_49193_49189_49166_49156_RSA-AES128-GCM_60_RSA-AES128-CBC_150_65_7_49169_49159_49164_49154_5_4_49170_49160_22_19_16_13_49165_49155_10_EMPTY_RENEGOTIATION,13,False,,"23,25,28,27,24,26,22,14,13,11,12,9,10",secp256r1_secp521r1_28_27_secp384r1_26_22_14_13_11_12_9_10,15,False,,"1537,1538,1539,1281,1282,1283,1025,1026,1027,769,770,771,513,514,515",rsa_pkcs1_sha512_1538_1539_rsa_pkcs1_sha384_1282_ecdsa_secp384r1_sha384_rsa_pkcs1_sha256_1026_ecdsa_secp256r1_sha256_769_770_771_513_514_ecdsa_sha1,False,t12d860600,e18388e7f3a3,a1e935682795,t,12,d,86,6,00,,,,,,,,,,,,,
trial-007,3edf52cd-e43b-4dbb-86c1-0ad1a8cdd6ff,2026-04-19 17:15:59.961207707+00:00,168.144.96.218,GET,//blog/wp-includes/wlwmanifest.xml,HTTP/1.1,0.146,TLS 1.2,,TLS_ECDHE_ECDSA_WITH_AES_128_GCM_SHA256,uxbehaviorsuite.com,True,fd80fa9c6120cdeea8520510f3c644ac,t12d860600_e18388e7f3a3_a1e935682795,,,0,False,False,,none,,,0,False,False,False,False,,none,,86,False,,"49200,49196,49192,49188,49172,49162,165,163,161,159,107,106,105,104,57,56,55,54,136,135,134,133,49202,49198,49194,49190,49167,49157,157,61,53,132,49199,49195,49191,49187,49171,49161,164,162,160,158,103,64,63,62,51,50,49,48,154,153,152,151,69,68,67,66,49201,49197,49193,49189,49166,49156,156,60,47,150,65,7,49169,49159,49164,49154,5,4,49170,49160,22,19,16,13,49165,49155,10,255",ECDHE-RSA-AES256-GCM_ECDHE-ECDSA-AES256-GCM_49192_49188_ECDHE-RSA-AES256-CBC_49162_165_163_161_159_107_106_105_104_57_56_55_54_136_135_134_133_49202_49198_49194_49190_49167_49157_RSA-AES256-GCM_61_RSA-AES256-CBC_132_ECDHE-RSA-AES128-GCM_ECDHE-ECDSA-AES128-GCM_49191_49187_ECDHE-RSA-AES128-CBC_49161_164_162_160_158_103_64_63_62_51_50_49_48_154_153_152_151_69_68_67_66_49201_49197_49193_49189_49166_49156_RSA-AES128-GCM_60_RSA-AES128-CBC_150_65_7_49169_49159_49164_49154_5_4_49170_49160_22_19_16_13_49165_49155_10_EMPTY_RENEGOTIATION,13,False,,"23,25,28,27,24,26,22,14,13,11,12,9,10",secp256r1_secp521r1_28_27_secp384r1_26_22_14_13_11_12_9_10,15,False,,"1537,1538,1539,1281,1282,1283,1025,1026,1027,769,770,771,513,514,515",rsa_pkcs1_sha512_1538_1539_rsa_pkcs1_sha384_1282_ecdsa_secp384r1_sha384_rsa_pkcs1_sha256_1026_ecdsa_secp256r1_sha256_769_770_771_513_514_ecdsa_sha1,False,t12d860600,e18388e7f3a3,a1e935682795,t,12,d,86,6,00,,,,,,,,,,,,,
trial-007,2cde0294-0f1c-4d4b-9c8e-1acd25480dc0,2026-04-19 17:16:01.149502957+00:00,168.144.96.218,GET,//wordpress/wp-includes/wlwmanifest.xml,HTTP/1.1,0.12,TLS 1.2,,TLS_ECDHE_ECDSA_WITH_AES_128_GCM_SHA256,uxbehaviorsuite.com,True,fd80fa9c6120cdeea8520510f3c644ac,t12d860600_e18388e7f3a3_a1e935682795,,,0,False,False,,none,,,0,False,False,False,False,,none,,86,False,,"49200,49196,49192,49188,49172,49162,165,163,161,159,107,106,105,104,57,56,55,54,136,135,134,133,49202,49198,49194,49190,49167,49157,157,61,53,132,49199,49195,49191,49187,49171,49161,164,162,160,158,103,64,63,62,51,50,49,48,154,153,152,151,69,68,67,66,49201,49197,49193,49189,49166,49156,156,60,47,150,65,7,49169,49159,49164,49154,5,4,49170,49160,22,19,16,13,49165,49155,10,255",ECDHE-RSA-AES256-GCM_ECDHE-ECDSA-AES256-GCM_49192_49188_ECDHE-RSA-AES256-CBC_49162_165_163_161_159_107_106_105_104_57_56_55_54_136_135_134_133_49202_49198_49194_49190_49167_49157_RSA-AES256-GCM_61_RSA-AES256-CBC_132_ECDHE-RSA-AES128-GCM_ECDHE-ECDSA-AES128-GCM_49191_49187_ECDHE-RSA-AES128-CBC_49161_164_162_160_158_103_64_63_62_51_50_49_48_154_153_152_151_69_68_67_66_49201_49197_49193_49189_49166_49156_RSA-AES128-GCM_60_RSA-AES128-CBC_150_65_7_49169_49159_49164_49154_5_4_49170_49160_22_19_16_13_49165_49155_10_EMPTY_RENEGOTIATION,13,False,,"23,25,28,27,24,26,22,14,13,11,12,9,10",secp256r1_secp521r1_28_27_secp384r1_26_22_14_13_11_12_9_10,15,False,,"1537,1538,1539,1281,1282,1283,1025,1026,1027,769,770,771,513,514,515",rsa_pkcs1_sha512_1538_1539_rsa_pkcs1_sha384_1282_ecdsa_secp384r1_sha384_rsa_pkcs1_sha256_1026_ecdsa_secp256r1_sha256_769_770_771_513_514_ecdsa_sha1,False,t12d860600,e18388e7f3a3,a1e935682795,t,12,d,86,6,00,,,,,,,,,,,,,
trial-007,3d9ba6e8-8a52-482f-b76d-c371e64f9834,2026-04-19 17:16:02.344297499+00:00,168.144.96.218,GET,//wp/wp-includes/wlwmanifest.xml,HTTP/1.1,0.121,TLS 1.2,,TLS_ECDHE_ECDSA_WITH_AES_128_GCM_SHA256,uxbehaviorsuite.com,True,fd80fa9c6120cdeea8520510f3c644ac,t12d860600_e18388e7f3a3_a1e935682795,,,0,False,False,,none,,,0,False,False,False,False,,none,,86,False,,"49200,49196,49192,49188,49172,49162,165,163,161,159,107,106,105,104,57,56,55,54,136,135,134,133,49202,49198,49194,49190,49167,49157,157,61,53,132,49199,49195,49191,49187,49171,49161,164,162,160,158,103,64,63,62,51,50,49,48,154,153,152,151,69,68,67,66,49201,49197,49193,49189,49166,49156,156,60,47,150,65,7,49169,49159,49164,49154,5,4,49170,49160,22,19,16,13,49165,49155,10,255",ECDHE-RSA-AES256-GCM_ECDHE-ECDSA-AES256-GCM_49192_49188_ECDHE-RSA-AES256-CBC_49162_165_163_161_159_107_106_105_104_57_56_55_54_136_135_134_133_49202_49198_49194_49190_49167_49157_RSA-AES256-GCM_61_RSA-AES256-CBC_132_ECDHE-RSA-AES128-GCM_ECDHE-ECDSA-AES128-GCM_49191_49187_ECDHE-RSA-AES128-CBC_49161_164_162_160_158_103_64_63_62_51_50_49_48_154_153_152_151_69_68_67_66_49201_49197_49193_49189_49166_49156_RSA-AES128-GCM_60_RSA-AES128-CBC_150_65_7_49169_49159_49164_49154_5_4_49170_49160_22_19_16_13_49165_49155_10_EMPTY_RENEGOTIATION,13,False,,"23,25,28,27,24,26,22,14,13,11,12,9,10",secp256r1_secp521r1_28_27_secp384r1_26_22_14_13_11_12_9_10,15,False,,"1537,1538,1539,1281,1282,1283,1025,1026,1027,769,770,771,513,514,515",rsa_pkcs1_sha512_1538_1539_rsa_pkcs1_sha384_1282_ecdsa_secp384r1_sha384_rsa_pkcs1_sha256_1026_ecdsa_secp256r1_sha256_769_770_771_513_514_ecdsa_sha1,False,t12d860600,e18388e7f3a3,a1e935682795,t,12,d,86,6,00,,,,,,,,,,,,,
trial-007,e1c49043-7579-4164-83ea-d5096a14cb85,2026-04-19 17:16:03.556317737+00:00,168.144.96.218,GET,//2018/wp-includes/wlwmanifest.xml,HTTP/1.1,0.127,TLS 1.2,,TLS_ECDHE_ECDSA_WITH_AES_128_GCM_SHA256,uxbehaviorsuite.com,True,fd80fa9c6120cdeea8520510f3c644ac,t12d860600_e18388e7f3a3_a1e935682795,,,0,False,False,,none,,,0,False,False,False,False,,none,,86,False,,"49200,49196,49192,49188,49172,49162,165,163,161,159,107,106,105,104,57,56,55,54,136,135,134,133,49202,49198,49194,49190,49167,49157,157,61,53,132,49199,49195,49191,49187,49171,49161,164,162,160,158,103,64,63,62,51,50,49,48,154,153,152,151,69,68,67,66,49201,49197,49193,49189,49166,49156,156,60,47,150,65,7,49169,49159,49164,49154,5,4,49170,49160,22,19,16,13,49165,49155,10,255",ECDHE-RSA-AES256-GCM_ECDHE-ECDSA-AES256-GCM_49192_49188_ECDHE-RSA-AES256-CBC_49162_165_163_161_159_107_106_105_104_57_56_55_54_136_135_134_133_49202_49198_49194_49190_49167_49157_RSA-AES256-GCM_61_RSA-AES256-CBC_132_ECDHE-RSA-AES128-GCM_ECDHE-ECDSA-AES128-GCM_49191_49187_ECDHE-RSA-AES128-CBC_49161_164_162_160_158_103_64_63_62_51_50_49_48_154_153_152_151_69_68_67_66_49201_49197_49193_49189_49166_49156_RSA-AES128-GCM_60_RSA-AES128-CBC_150_65_7_49169_49159_49164_49154_5_4_49170_49160_22_19_16_13_49165_49155_10_EMPTY_RENEGOTIATION,13,False,,"23,25,28,27,24,26,22,14,13,11,12,9,10",secp256r1_secp521r1_28_27_secp384r1_26_22_14_13_11_12_9_10,15,False,,"1537,1538,1539,1281,1282,1283,1025,1026,1027,769,770,771,513,514,515",rsa_pkcs1_sha512_1538_1539_rsa_pkcs1_sha384_1282_ecdsa_secp384r1_sha384_rsa_pkcs1_sha256_1026_ecdsa_secp256r1_sha256_769_770_771_513_514_ecdsa_sha1,False,t12d860600,e18388e7f3a3,a1e935682795,t,12,d,86,6,00,,,,,,,,,,,,,
trial-007,90db9d3c-16c7-4ee6-8dd5-d23f0a248144,2026-04-19 17:16:04.769283578+00:00,168.144.96.218,GET,//shop/wp-includes/wlwmanifest.xml,HTTP/1.1,0.143,TLS 1.2,,TLS_ECDHE_ECDSA_WITH_AES_128_GCM_SHA256,uxbehaviorsuite.com,True,fd80fa9c6120cdeea8520510f3c644ac,t12d860600_e18388e7f3a3_a1e935682795,,,0,False,False,,none,,,0,False,False,False,False,,none,,86,False,,"49200,49196,49192,49188,49172,49162,165,163,161,159,107,106,105,104,57,56,55,54,136,135,134,133,49202,49198,49194,49190,49167,49157,157,61,53,132,49199,49195,49191,49187,49171,49161,164,162,160,158,103,64,63,62,51,50,49,48,154,153,152,151,69,68,67,66,49201,49197,49193,49189,49166,49156,156,60,47,150,65,7,49169,49159,49164,49154,5,4,49170,49160,22,19,16,13,49165,49155,10,255",ECDHE-RSA-AES256-GCM_ECDHE-ECDSA-AES256-GCM_49192_49188_ECDHE-RSA-AES256-CBC_49162_165_163_161_159_107_106_105_104_57_56_55_54_136_135_134_133_49202_49198_49194_49190_49167_49157_RSA-AES256-GCM_61_RSA-AES256-CBC_132_ECDHE-RSA-AES128-GCM_ECDHE-ECDSA-AES128-GCM_49191_49187_ECDHE-RSA-AES128-CBC_49161_164_162_160_158_103_64_63_62_51_50_49_48_154_153_152_151_69_68_67_66_49201_49197_49193_49189_49166_49156_RSA-AES128-GCM_60_RSA-AES128-CBC_150_65_7_49169_49159_49164_49154_5_4_49170_49160_22_19_16_13_49165_49155_10_EMPTY_RENEGOTIATION,13,False,,"23,25,28,27,24,26,22,14,13,11,12,9,10",secp256r1_secp521r1_28_27_secp384r1_26_22_14_13_11_12_9_10,15,False,,"1537,1538,1539,1281,1282,1283,1025,1026,1027,769,770,771,513,514,515",rsa_pkcs1_sha512_1538_1539_rsa_pkcs1_sha384_1282_ecdsa_secp384r1_sha384_rsa_pkcs1_sha256_1026_ecdsa_secp256r1_sha256_769_770_771_513_514_ecdsa_sha1,False,t12d860600,e18388e7f3a3,a1e935682795,t,12,d,86,6,00,,,,,,,,,,,,,
trial-007,4766b6f9-4973-4662-866e-e62df9c37753,2026-04-19 17:16:05.979791853+00:00,168.144.96.218,GET,//test/wp-includes/wlwmanifest.xml,HTTP/1.1,0.127,TLS 1.2,,TLS_ECDHE_ECDSA_WITH_AES_128_GCM_SHA256,uxbehaviorsuite.com,True,fd80fa9c6120cdeea8520510f3c644ac,t12d860600_e18388e7f3a3_a1e935682795,,,0,False,False,,none,,,0,False,False,False,False,,none,,86,False,,"49200,49196,49192,49188,49172,49162,165,163,161,159,107,106,105,104,57,56,55,54,136,135,134,133,49202,49198,49194,49190,49167,49157,157,61,53,132,49199,49195,49191,49187,49171,49161,164,162,160,158,103,64,63,62,51,50,49,48,154,153,152,151,69,68,67,66,49201,49197,49193,49189,49166,49156,156,60,47,150,65,7,49169,49159,49164,49154,5,4,49170,49160,22,19,16,13,49165,49155,10,255",ECDHE-RSA-AES256-GCM_ECDHE-ECDSA-AES256-GCM_49192_49188_ECDHE-RSA-AES256-CBC_49162_165_163_161_159_107_106_105_104_57_56_55_54_136_135_134_133_49202_49198_49194_49190_49167_49157_RSA-AES256-GCM_61_RSA-AES256-CBC_132_ECDHE-RSA-AES128-GCM_ECDHE-ECDSA-AES128-GCM_49191_49187_ECDHE-RSA-AES128-CBC_49161_164_162_160_158_103_64_63_62_51_50_49_48_154_153_152_151_69_68_67_66_49201_49197_49193_49189_49166_49156_RSA-AES128-GCM_60_RSA-AES128-CBC_150_65_7_49169_49159_49164_49154_5_4_49170_49160_22_19_16_13_49165_49155_10_EMPTY_RENEGOTIATION,13,False,,"23,25,28,27,24,26,22,14,13,11,12,9,10",secp256r1_secp521r1_28_27_secp384r1_26_22_14_13_11_12_9_10,15,False,,"1537,1538,1539,1281,1282,1283,1025,1026,1027,769,770,771,513,514,515",rsa_pkcs1_sha512_1538_1539_rsa_pkcs1_sha384_1282_ecdsa_secp384r1_sha384_rsa_pkcs1_sha256_1026_ecdsa_secp256r1_sha256_769_770_771_513_514_ecdsa_sha1,False,t12d860600,e18388e7f3a3,a1e935682795,t,12,d,86,6,00,,,,,,,,,,,,,
trial-007,0689e91a-cef5-4ca7-8c44-ffbfcf3d376f,2026-04-19 17:16:07.169295735+00:00,168.144.96.218,GET,//wp2/wp-includes/wlwmanifest.xml,HTTP/1.1,0.138,TLS 1.2,,TLS_ECDHE_ECDSA_WITH_AES_128_GCM_SHA256,uxbehaviorsuite.com,True,fd80fa9c6120cdeea8520510f3c644ac,t12d860600_e18388e7f3a3_a1e935682795,,,0,False,False,,none,,,0,False,False,False,False,,none,,86,False,,"49200,49196,49192,49188,49172,49162,165,163,161,159,107,106,105,104,57,56,55,54,136,135,134,133,49202,49198,49194,49190,49167,49157,157,61,53,132,49199,49195,49191,49187,49171,49161,164,162,160,158,103,64,63,62,51,50,49,48,154,153,152,151,69,68,67,66,49201,49197,49193,49189,49166,49156,156,60,47,150,65,7,49169,49159,49164,49154,5,4,49170,49160,22,19,16,13,49165,49155,10,255",ECDHE-RSA-AES256-GCM_ECDHE-ECDSA-AES256-GCM_49192_49188_ECDHE-RSA-AES256-CBC_49162_165_163_161_159_107_106_105_104_57_56_55_54_136_135_134_133_49202_49198_49194_49190_49167_49157_RSA-AES256-GCM_61_RSA-AES256-CBC_132_ECDHE-RSA-AES128-GCM_ECDHE-ECDSA-AES128-GCM_49191_49187_ECDHE-RSA-AES128-CBC_49161_164_162_160_158_103_64_63_62_51_50_49_48_154_153_152_151_69_68_67_66_49201_49197_49193_49189_49166_49156_RSA-AES128-GCM_60_RSA-AES128-CBC_150_65_7_49169_49159_49164_49154_5_4_49170_49160_22_19_16_13_49165_49155_10_EMPTY_RENEGOTIATION,13,False,,"23,25,28,27,24,26,22,14,13,11,12,9,10",secp256r1_secp521r1_28_27_secp384r1_26_22_14_13_11_12_9_10,15,False,,"1537,1538,1539,1281,1282,1283,1025,1026,1027,769,770,771,513,514,515",rsa_pkcs1_sha512_1538_1539_rsa_pkcs1_sha384_1282_ecdsa_secp384r1_sha384_rsa_pkcs1_sha256_1026_ecdsa_secp256r1_sha256_769_770_771_513_514_ecdsa_sha1,False,t12d860600,e18388e7f3a3,a1e935682795,t,12,d,86,6,00,,,,,,,,,,,,,
trial-007,2e0108ae-eb53-459a-b1e1-21514aff32af,2026-04-19 17:16:08.352392428+00:00,168.144.96.218,GET,//cms/wp-includes/wlwmanifest.xml,HTTP/1.1,0.143,TLS 1.2,,TLS_ECDHE_ECDSA_WITH_AES_128_GCM_SHA256,uxbehaviorsuite.com,True,fd80fa9c6120cdeea8520510f3c644ac,t12d860600_e18388e7f3a3_a1e935682795,,,0,False,False,,none,,,0,False,False,False,False,,none,,86,False,,"49200,49196,49192,49188,49172,49162,165,163,161,159,107,106,105,104,57,56,55,54,136,135,134,133,49202,49198,49194,49190,49167,49157,157,61,53,132,49199,49195,49191,49187,49171,49161,164,162,160,158,103,64,63,62,51,50,49,48,154,153,152,151,69,68,67,66,49201,49197,49193,49189,49166,49156,156,60,47,150,65,7,49169,49159,49164,49154,5,4,49170,49160,22,19,16,13,49165,49155,10,255",ECDHE-RSA-AES256-GCM_ECDHE-ECDSA-AES256-GCM_49192_49188_ECDHE-RSA-AES256-CBC_49162_165_163_161_159_107_106_105_104_57_56_55_54_136_135_134_133_49202_49198_49194_49190_49167_49157_RSA-AES256-GCM_61_RSA-AES256-CBC_132_ECDHE-RSA-AES128-GCM_ECDHE-ECDSA-AES128-GCM_49191_49187_ECDHE-RSA-AES128-CBC_49161_164_162_160_158_103_64_63_62_51_50_49_48_154_153_152_151_69_68_67_66_49201_49197_49193_49189_49166_49156_RSA-AES128-GCM_60_RSA-AES128-CBC_150_65_7_49169_49159_49164_49154_5_4_49170_49160_22_19_16_13_49165_49155_10_EMPTY_RENEGOTIATION,13,False,,"23,25,28,27,24,26,22,14,13,11,12,9,10",secp256r1_secp521r1_28_27_secp384r1_26_22_14_13_11_12_9_10,15,False,,"1537,1538,1539,1281,1282,1283,1025,1026,1027,769,770,771,513,514,515",rsa_pkcs1_sha512_1538_1539_rsa_pkcs1_sha384_1282_ecdsa_secp384r1_sha384_rsa_pkcs1_sha256_1026_ecdsa_secp256r1_sha256_769_770_771_513_514_ecdsa_sha1,False,t12d860600,e18388e7f3a3,a1e935682795,t,12,d,86,6,00,,,,,,,,,,,,,
trial-007,5fe0c07b-99d9-478e-9662-8373533bb03a,2026-04-19 17:16:12.350634174+00:00,137.59.5.18,GET,/.env,HTTP/1.1,0.128,TLS 1.3,http/1.1,TLS_AES_128_GCM_SHA256,,False,80de6e81f4d77bb5d16114d4ebfe5e30,t13i3713h1_91ec122131b4_97a66a8f4cb1,http/1.1,http/1.1,1,False,True,,http11_only,"772,771","TLS 1.3,TLS 1.2",2,False,True,True,False,,TLS1.3+TLS1.2,True,37,False,,"4866,4867,4865,4868,49196,49200,49195,49199,52393,52392,159,158,52394,49325,49324,49188,49192,49187,49191,49162,49172,49161,49171,49311,49310,107,103,57,51,157,156,49309,49308,61,60,53,47",TLS_AES_256_GCM_SHA384_TLS_CHACHA20_POLY1305_SHA256_TLS_AES_128_GCM_SHA256_4868_ECDHE-ECDSA-AES256-GCM_ECDHE-RSA-AES256-GCM_ECDHE-ECDSA-AES128-GCM_ECDHE-RSA-AES128-GCM_ECDHE-ECDSA-CHACHA20_ECDHE-RSA-CHACHA20_159_158_52394_49325_49324_49188_49192_49187_49191_49162_ECDHE-RSA-AES256-CBC_49161_ECDHE-RSA-AES128-CBC_49311_49310_107_103_57_51_RSA-AES256-GCM_RSA-AES128-GCM_49309_49308_61_60_RSA-AES256-CBC_RSA-AES128-CBC,10,False,,"29,23,30,25,24,256,257,258,259,260",x25519_secp256r1_30_secp521r1_secp384r1_256_257_258_259_260,16,False,,"1027,1283,1539,2055,2056,2057,2058,2059,2052,2053,2054,1025,1281,1537,771,769",ecdsa_secp256r1_sha256_ecdsa_secp384r1_sha384_1539_2055_2056_2057_2058_2059_rsa_pss_rsae_sha256_rsa_pss_rsae_sha384_rsa_pss_rsae_sha512_rsa_pkcs1_sha256_rsa_pkcs1_sha384_rsa_pkcs1_sha512_771_769,False,t13i3713h1,91ec122131b4,97a66a8f4cb1,t,13,i,37,13,h1,,,,,,,,,,,,,
trial-007,1e26c33c-d729-4089-aba9-95c9a65be617,2026-04-19 17:16:13.176152082+00:00,137.59.5.18,POST,/,HTTP/1.1,0.358,TLS 1.3,http/1.1,TLS_AES_128_GCM_SHA256,,False,80de6e81f4d77bb5d16114d4ebfe5e30,t13i3713h1_91ec122131b4_97a66a8f4cb1,http/1.1,http/1.1,1,False,True,,http11_only,"772,771","TLS 1.3,TLS 1.2",2,False,True,True,False,,TLS1.3+TLS1.2,True,37,False,,"4866,4867,4865,4868,49196,49200,49195,49199,52393,52392,159,158,52394,49325,49324,49188,49192,49187,49191,49162,49172,49161,49171,49311,49310,107,103,57,51,157,156,49309,49308,61,60,53,47",TLS_AES_256_GCM_SHA384_TLS_CHACHA20_POLY1305_SHA256_TLS_AES_128_GCM_SHA256_4868_ECDHE-ECDSA-AES256-GCM_ECDHE-RSA-AES256-GCM_ECDHE-ECDSA-AES128-GCM_ECDHE-RSA-AES128-GCM_ECDHE-ECDSA-CHACHA20_ECDHE-RSA-CHACHA20_159_158_52394_49325_49324_49188_49192_49187_49191_49162_ECDHE-RSA-AES256-CBC_49161_ECDHE-RSA-AES128-CBC_49311_49310_107_103_57_51_RSA-AES256-GCM_RSA-AES128-GCM_49309_49308_61_60_RSA-AES256-CBC_RSA-AES128-CBC,10,False,,"29,23,30,25,24,256,257,258,259,260",x25519_secp256r1_30_secp521r1_secp384r1_256_257_258_259_260,16,False,,"1027,1283,1539,2055,2056,2057,2058,2059,2052,2053,2054,1025,1281,1537,771,769",ecdsa_secp256r1_sha256_ecdsa_secp384r1_sha384_1539_2055_2056_2057_2058_2059_rsa_pss_rsae_sha256_rsa_pss_rsae_sha384_rsa_pss_rsae_sha512_rsa_pkcs1_sha256_rsa_pkcs1_sha384_rsa_pkcs1_sha512_771_769,False,t13i3713h1,91ec122131b4,97a66a8f4cb1,t,13,i,37,13,h1,,,,,,,,,,,,,
trial-008,9007ae59-f747-4037-9e65-748b45eee06d,2026-04-19 17:22:20.609527685+00:00,205.172.168.145,GET,/subscribe-v1.html,HTTP/2.0,0.304,TLS 1.3,h2,TLS_AES_128_GCM_SHA256,uxbehaviorsuite.com,True,a53816b85ea4d4d3392f28d01180a571,t13d1516h2_8daaf6152771_02713d6af862,"h2,http/1.1",h2,2,True,True,0.0,h2_first,"2570,772,771","TLS 1.3,TLS 1.2",2,True,True,True,False,0.0,TLS1.3+TLS1.2,True,15,True,0.0,"2570,4865,4866,4867,49195,49199,49196,49200,52393,52392,49171,49172,156,157,47,53",TLS_AES_128_GCM_SHA256_TLS_AES_256_GCM_SHA384_TLS_CHACHA20_POLY1305_SHA256_ECDHE-ECDSA-AES128-GCM_ECDHE-RSA-AES128-GCM_ECDHE-ECDSA-AES256-GCM_ECDHE-RSA-AES256-GCM_ECDHE-ECDSA-CHACHA20_ECDHE-RSA-CHACHA20_ECDHE-RSA-AES128-CBC_ECDHE-RSA-AES256-CBC_RSA-AES128-GCM_RSA-AES256-GCM_RSA-AES128-CBC_RSA-AES256-CBC,4,True,0.0,"2570,25497,29,23,24",x25519Kyber768_x25519_secp256r1_secp384r1,8,False,,"1027,2052,1025,1283,2053,1281,2054,1537",ecdsa_secp256r1_sha256_rsa_pss_rsae_sha256_rsa_pkcs1_sha256_ecdsa_secp384r1_sha384_rsa_pss_rsae_sha384_rsa_pkcs1_sha384_rsa_pss_rsae_sha512_rsa_pkcs1_sha512,True,t13d1516h2,8daaf6152771,02713d6af862,t,13,d,15,16,h2,"1:65536;2:0;4:6291456;6:262144|15663105|1:1:0:256|m,a,s,p",1:65536;2:0;4:6291456;6:262144,15663105.0,1:1:0:256,"m,a,s,p",1.0,65536.0,0.0,,6291456.0,,262144.0,":method,:authority,:scheme,:path"
trial-008,964a25f8-8b12-491a-8fdb-58eaa3433c79,2026-04-19 17:22:20.644729640+00:00,205.172.168.145,GET,/logger.js,HTTP/2.0,0.434,TLS 1.3,h2,TLS_AES_128_GCM_SHA256,uxbehaviorsuite.com,True,a53816b85ea4d4d3392f28d01180a571,t13d1516h2_8daaf6152771_02713d6af862,"h2,http/1.1",h2,2,True,True,0.0,h2_first,"2570,772,771","TLS 1.3,TLS 1.2",2,True,True,True,False,0.0,TLS1.3+TLS1.2,True,15,True,0.0,"2570,4865,4866,4867,49195,49199,49196,49200,52393,52392,49171,49172,156,157,47,53",TLS_AES_128_GCM_SHA256_TLS_AES_256_GCM_SHA384_TLS_CHACHA20_POLY1305_SHA256_ECDHE-ECDSA-AES128-GCM_ECDHE-RSA-AES128-GCM_ECDHE-ECDSA-AES256-GCM_ECDHE-RSA-AES256-GCM_ECDHE-ECDSA-CHACHA20_ECDHE-RSA-CHACHA20_ECDHE-RSA-AES128-CBC_ECDHE-RSA-AES256-CBC_RSA-AES128-GCM_RSA-AES256-GCM_RSA-AES128-CBC_RSA-AES256-CBC,4,True,0.0,"2570,25497,29,23,24",x25519Kyber768_x25519_secp256r1_secp384r1,8,False,,"1027,2052,1025,1283,2053,1281,2054,1537",ecdsa_secp256r1_sha256_rsa_pss_rsae_sha256_rsa_pkcs1_sha256_ecdsa_secp384r1_sha384_rsa_pss_rsae_sha384_rsa_pkcs1_sha384_rsa_pss_rsae_sha512_rsa_pkcs1_sha512,True,t13d1516h2,8daaf6152771,02713d6af862,t,13,d,15,16,h2,"1:65536;2:0;4:6291456;6:262144|15663105|1:1:0:256,3:1:0:220|m,a,s,p",1:65536;2:0;4:6291456;6:262144,15663105.0,"1:1:0:256,3:1:0:220","m,a,s,p",2.0,65536.0,0.0,,6291456.0,,262144.0,":method,:authority,:scheme,:path"
trial-008,d4164a84-dc33-4a1b-adb8-4009df2b4b33,2026-04-19 17:23:29.983689114+00:00,205.172.168.145,GET,/subscribe-v2.html,HTTP/2.0,0.706,TLS 1.3,h2,TLS_AES_128_GCM_SHA256,uxbehaviorsuite.com,True,a53816b85ea4d4d3392f28d01180a571,t13d1516h2_8daaf6152771_02713d6af862,"h2,http/1.1",h2,2,True,True,0.0,h2_first,"2570,772,771","TLS 1.3,TLS 1.2",2,True,True,True,False,0.0,TLS1.3+TLS1.2,True,15,True,0.0,"2570,4865,4866,4867,49195,49199,49196,49200,52393,52392,49171,49172,156,157,47,53",TLS_AES_128_GCM_SHA256_TLS_AES_256_GCM_SHA384_TLS_CHACHA20_POLY1305_SHA256_ECDHE-ECDSA-AES128-GCM_ECDHE-RSA-AES128-GCM_ECDHE-ECDSA-AES256-GCM_ECDHE-RSA-AES256-GCM_ECDHE-ECDSA-CHACHA20_ECDHE-RSA-CHACHA20_ECDHE-RSA-AES128-CBC_ECDHE-RSA-AES256-CBC_RSA-AES128-GCM_RSA-AES256-GCM_RSA-AES128-CBC_RSA-AES256-CBC,4,True,0.0,"2570,25497,29,23,24",x25519Kyber768_x25519_secp256r1_secp384r1,8,False,,"1027,2052,1025,1283,2053,1281,2054,1537",ecdsa_secp256r1_sha256_rsa_pss_rsae_sha256_rsa_pkcs1_sha256_ecdsa_secp384r1_sha384_rsa_pss_rsae_sha384_rsa_pkcs1_sha384_rsa_pss_rsae_sha512_rsa_pkcs1_sha512,True,t13d1516h2,8daaf6152771,02713d6af862,t,13,d,15,16,h2,"1:65536;2:0;4:6291456;6:262144|15663105|1:1:0:256,3:1:0:220,5:1:0:256,7:1:5:110|m,a,s,p",1:65536;2:0;4:6291456;6:262144,15663105.0,"1:1:0:256,3:1:0:220,5:1:0:256,7:1:5:110","m,a,s,p",4.0,65536.0,0.0,,6291456.0,,262144.0,":method,:authority,:scheme,:path"
trial-008,9b1e35c0-e946-42b6-9dd7-4e4ad82490c6,2026-04-19 17:23:29.983804403+00:00,205.172.168.145,POST,/collect,HTTP/2.0,0.462,TLS 1.3,h2,TLS_AES_128_GCM_SHA256,uxbehaviorsuite.com,True,a53816b85ea4d4d3392f28d01180a571,t13d1516h2_8daaf6152771_02713d6af862,"h2,http/1.1",h2,2,True,True,0.0,h2_first,"2570,772,771","TLS 1.3,TLS 1.2",2,True,True,True,False,0.0,TLS1.3+TLS1.2,True,15,True,0.0,"2570,4865,4866,4867,49195,49199,49196,49200,52393,52392,49171,49172,156,157,47,53",TLS_AES_128_GCM_SHA256_TLS_AES_256_GCM_SHA384_TLS_CHACHA20_POLY1305_SHA256_ECDHE-ECDSA-AES128-GCM_ECDHE-RSA-AES128-GCM_ECDHE-ECDSA-AES256-GCM_ECDHE-RSA-AES256-GCM_ECDHE-ECDSA-CHACHA20_ECDHE-RSA-CHACHA20_ECDHE-RSA-AES128-CBC_ECDHE-RSA-AES256-CBC_RSA-AES128-GCM_RSA-AES256-GCM_RSA-AES128-CBC_RSA-AES256-CBC,4,True,0.0,"2570,25497,29,23,24",x25519Kyber768_x25519_secp256r1_secp384r1,8,False,,"1027,2052,1025,1283,2053,1281,2054,1537",ecdsa_secp256r1_sha256_rsa_pss_rsae_sha256_rsa_pkcs1_sha256_ecdsa_secp384r1_sha384_rsa_pss_rsae_sha384_rsa_pkcs1_sha384_rsa_pss_rsae_sha512_rsa_pkcs1_sha512,True,t13d1516h2,8daaf6152771,02713d6af862,t,13,d,15,16,h2,"1:65536;2:0;4:6291456;6:262144|15663105|1:1:0:256,3:1:0:220,5:1:0:256,7:1:5:110|m,a,s,p",1:65536;2:0;4:6291456;6:262144,15663105.0,"1:1:0:256,3:1:0:220,5:1:0:256,7:1:5:110","m,a,s,p",4.0,65536.0,0.0,,6291456.0,,262144.0,":method,:authority,:scheme,:path"
trial-008,50fcbcea-132c-4871-8456-c95365622a1b,2026-04-19 17:23:30.006215926+00:00,205.172.168.145,POST,/collect,HTTP/2.0,0.218,TLS 1.3,h2,TLS_AES_128_GCM_SHA256,uxbehaviorsuite.com,True,a53816b85ea4d4d3392f28d01180a571,t13d1516h2_8daaf6152771_02713d6af862,"h2,http/1.1",h2,2,True,True,0.0,h2_first,"2570,772,771","TLS 1.3,TLS 1.2",2,True,True,True,False,0.0,TLS1.3+TLS1.2,True,15,True,0.0,"2570,4865,4866,4867,49195,49199,49196,49200,52393,52392,49171,49172,156,157,47,53",TLS_AES_128_GCM_SHA256_TLS_AES_256_GCM_SHA384_TLS_CHACHA20_POLY1305_SHA256_ECDHE-ECDSA-AES128-GCM_ECDHE-RSA-AES128-GCM_ECDHE-ECDSA-AES256-GCM_ECDHE-RSA-AES256-GCM_ECDHE-ECDSA-CHACHA20_ECDHE-RSA-CHACHA20_ECDHE-RSA-AES128-CBC_ECDHE-RSA-AES256-CBC_RSA-AES128-GCM_RSA-AES256-GCM_RSA-AES128-CBC_RSA-AES256-CBC,4,True,0.0,"2570,25497,29,23,24",x25519Kyber768_x25519_secp256r1_secp384r1,8,False,,"1027,2052,1025,1283,2053,1281,2054,1537",ecdsa_secp256r1_sha256_rsa_pss_rsae_sha256_rsa_pkcs1_sha256_ecdsa_secp384r1_sha384_rsa_pss_rsae_sha384_rsa_pkcs1_sha384_rsa_pss_rsae_sha512_rsa_pkcs1_sha512,True,t13d1516h2,8daaf6152771,02713d6af862,t,13,d,15,16,h2,"1:65536;2:0;4:6291456;6:262144|15663105|1:1:0:256,3:1:0:220,5:1:0:256,7:1:5:110,9:1:5:110|m,a,s,p",1:65536;2:0;4:6291456;6:262144,15663105.0,"1:1:0:256,3:1:0:220,5:1:0:256,7:1:5:110,9:1:5:110","m,a,s,p",5.0,65536.0,0.0,,6291456.0,,262144.0,":method,:authority,:scheme,:path"
trial-008,36e654ae-5267-4e19-897b-f79be6a5884a,2026-04-19 17:23:30.008424104+00:00,205.172.168.145,POST,/collect,HTTP/2.0,0.262,TLS 1.3,h2,TLS_AES_128_GCM_SHA256,uxbehaviorsuite.com,True,a53816b85ea4d4d3392f28d01180a571,t13d1516h2_8daaf6152771_02713d6af862,"h2,http/1.1",h2,2,True,True,0.0,h2_first,"2570,772,771","TLS 1.3,TLS 1.2",2,True,True,True,False,0.0,TLS1.3+TLS1.2,True,15,True,0.0,"2570,4865,4866,4867,49195,49199,49196,49200,52393,52392,49171,49172,156,157,47,53",TLS_AES_128_GCM_SHA256_TLS_AES_256_GCM_SHA384_TLS_CHACHA20_POLY1305_SHA256_ECDHE-ECDSA-AES128-GCM_ECDHE-RSA-AES128-GCM_ECDHE-ECDSA-AES256-GCM_ECDHE-RSA-AES256-GCM_ECDHE-ECDSA-CHACHA20_ECDHE-RSA-CHACHA20_ECDHE-RSA-AES128-CBC_ECDHE-RSA-AES256-CBC_RSA-AES128-GCM_RSA-AES256-GCM_RSA-AES128-CBC_RSA-AES256-CBC,4,True,0.0,"2570,25497,29,23,24",x25519Kyber768_x25519_secp256r1_secp384r1,8,False,,"1027,2052,1025,1283,2053,1281,2054,1537",ecdsa_secp256r1_sha256_rsa_pss_rsae_sha256_rsa_pkcs1_sha256_ecdsa_secp384r1_sha384_rsa_pss_rsae_sha384_rsa_pkcs1_sha384_rsa_pss_rsae_sha512_rsa_pkcs1_sha512,True,t13d1516h2,8daaf6152771,02713d6af862,t,13,d,15,16,h2,"1:65536;2:0;4:6291456;6:262144|15663105|1:1:0:256,3:1:0:220,5:1:0:256,7:1:5:110,9:1:5:110,11:1:9:110|m,a,s,p",1:65536;2:0;4:6291456;6:262144,15663105.0,"1:1:0:256,3:1:0:220,5:1:0:256,7:1:5:110,9:1:5:110,11:1:9:110","m,a,s,p",6.0,65536.0,0.0,,6291456.0,,262144.0,":method,:authority,:scheme,:path"
trial-008,34e688ac-d241-4148-9737-fac1fe36aeea,2026-04-19 17:24:24.767845388+00:00,205.172.168.145,GET,/subscribe-v3.html,HTTP/2.0,0.66,TLS 1.3,h2,TLS_AES_128_GCM_SHA256,uxbehaviorsuite.com,True,a53816b85ea4d4d3392f28d01180a571,t13d1516h2_8daaf6152771_02713d6af862,"h2,http/1.1",h2,2,True,True,0.0,h2_first,"2570,772,771","TLS 1.3,TLS 1.2",2,True,True,True,False,0.0,TLS1.3+TLS1.2,True,15,True,0.0,"2570,4865,4866,4867,49195,49199,49196,49200,52393,52392,49171,49172,156,157,47,53",TLS_AES_128_GCM_SHA256_TLS_AES_256_GCM_SHA384_TLS_CHACHA20_POLY1305_SHA256_ECDHE-ECDSA-AES128-GCM_ECDHE-RSA-AES128-GCM_ECDHE-ECDSA-AES256-GCM_ECDHE-RSA-AES256-GCM_ECDHE-ECDSA-CHACHA20_ECDHE-RSA-CHACHA20_ECDHE-RSA-AES128-CBC_ECDHE-RSA-AES256-CBC_RSA-AES128-GCM_RSA-AES256-GCM_RSA-AES128-CBC_RSA-AES256-CBC,4,True,0.0,"2570,25497,29,23,24",x25519Kyber768_x25519_secp256r1_secp384r1,8,False,,"1027,2052,1025,1283,2053,1281,2054,1537",ecdsa_secp256r1_sha256_rsa_pss_rsae_sha256_rsa_pkcs1_sha256_ecdsa_secp384r1_sha384_rsa_pss_rsae_sha384_rsa_pkcs1_sha384_rsa_pss_rsae_sha512_rsa_pkcs1_sha512,True,t13d1516h2,8daaf6152771,02713d6af862,t,13,d,15,16,h2,"1:65536;2:0;4:6291456;6:262144|15663105|1:1:0:256,3:1:0:220,5:1:0:256,7:1:5:110,9:1:5:110,11:1:9:110,13:1:0:256,15:1:13:110|m,a,s,p",1:65536;2:0;4:6291456;6:262144,15663105.0,"1:1:0:256,3:1:0:220,5:1:0:256,7:1:5:110,9:1:5:110,11:1:9:110,13:1:0:256,15:1:13:110","m,a,s,p",8.0,65536.0,0.0,,6291456.0,,262144.0,":method,:authority,:scheme,:path"
trial-008,19aa1a03-3aab-474c-9f5e-f4589b84c0b5,2026-04-19 17:24:24.768178731+00:00,205.172.168.145,POST,/collect,HTTP/2.0,0.536,TLS 1.3,h2,TLS_AES_128_GCM_SHA256,uxbehaviorsuite.com,True,a53816b85ea4d4d3392f28d01180a571,t13d1516h2_8daaf6152771_02713d6af862,"h2,http/1.1",h2,2,True,True,0.0,h2_first,"2570,772,771","TLS 1.3,TLS 1.2",2,True,True,True,False,0.0,TLS1.3+TLS1.2,True,15,True,0.0,"2570,4865,4866,4867,49195,49199,49196,49200,52393,52392,49171,49172,156,157,47,53",TLS_AES_128_GCM_SHA256_TLS_AES_256_GCM_SHA384_TLS_CHACHA20_POLY1305_SHA256_ECDHE-ECDSA-AES128-GCM_ECDHE-RSA-AES128-GCM_ECDHE-ECDSA-AES256-GCM_ECDHE-RSA-AES256-GCM_ECDHE-ECDSA-CHACHA20_ECDHE-RSA-CHACHA20_ECDHE-RSA-AES128-CBC_ECDHE-RSA-AES256-CBC_RSA-AES128-GCM_RSA-AES256-GCM_RSA-AES128-CBC_RSA-AES256-CBC,4,True,0.0,"2570,25497,29,23,24",x25519Kyber768_x25519_secp256r1_secp384r1,8,False,,"1027,2052,1025,1283,2053,1281,2054,1537",ecdsa_secp256r1_sha256_rsa_pss_rsae_sha256_rsa_pkcs1_sha256_ecdsa_secp384r1_sha384_rsa_pss_rsae_sha384_rsa_pkcs1_sha384_rsa_pss_rsae_sha512_rsa_pkcs1_sha512,True,t13d1516h2,8daaf6152771,02713d6af862,t,13,d,15,16,h2,"1:65536;2:0;4:6291456;6:262144|15663105|1:1:0:256,3:1:0:220,5:1:0:256,7:1:5:110,9:1:5:110,11:1:9:110,13:1:0:256,15:1:13:110|m,a,s,p",1:65536;2:0;4:6291456;6:262144,15663105.0,"1:1:0:256,3:1:0:220,5:1:0:256,7:1:5:110,9:1:5:110,11:1:9:110,13:1:0:256,15:1:13:110","m,a,s,p",8.0,65536.0,0.0,,6291456.0,,262144.0,":method,:authority,:scheme,:path"
trial-008,30f2aab2-b064-4c5d-96df-071287e62eb4,2026-04-19 17:24:24.792628278+00:00,205.172.168.145,POST,/collect,HTTP/2.0,0.209,TLS 1.3,h2,TLS_AES_128_GCM_SHA256,uxbehaviorsuite.com,True,a53816b85ea4d4d3392f28d01180a571,t13d1516h2_8daaf6152771_02713d6af862,"h2,http/1.1",h2,2,True,True,0.0,h2_first,"2570,772,771","TLS 1.3,TLS 1.2",2,True,True,True,False,0.0,TLS1.3+TLS1.2,True,15,True,0.0,"2570,4865,4866,4867,49195,49199,49196,49200,52393,52392,49171,49172,156,157,47,53",TLS_AES_128_GCM_SHA256_TLS_AES_256_GCM_SHA384_TLS_CHACHA20_POLY1305_SHA256_ECDHE-ECDSA-AES128-GCM_ECDHE-RSA-AES128-GCM_ECDHE-ECDSA-AES256-GCM_ECDHE-RSA-AES256-GCM_ECDHE-ECDSA-CHACHA20_ECDHE-RSA-CHACHA20_ECDHE-RSA-AES128-CBC_ECDHE-RSA-AES256-CBC_RSA-AES128-GCM_RSA-AES256-GCM_RSA-AES128-CBC_RSA-AES256-CBC,4,True,0.0,"2570,25497,29,23,24",x25519Kyber768_x25519_secp256r1_secp384r1,8,False,,"1027,2052,1025,1283,2053,1281,2054,1537",ecdsa_secp256r1_sha256_rsa_pss_rsae_sha256_rsa_pkcs1_sha256_ecdsa_secp384r1_sha384_rsa_pss_rsae_sha384_rsa_pkcs1_sha384_rsa_pss_rsae_sha512_rsa_pkcs1_sha512,True,t13d1516h2,8daaf6152771,02713d6af862,t,13,d,15,16,h2,"1:65536;2:0;4:6291456;6:262144|15663105|1:1:0:256,3:1:0:220,5:1:0:256,7:1:5:110,9:1:5:110,11:1:9:110,13:1:0:256,15:1:13:110,17:1:15:110|m,a,s,p",1:65536;2:0;4:6291456;6:262144,15663105.0,"1:1:0:256,3:1:0:220,5:1:0:256,7:1:5:110,9:1:5:110,11:1:9:110,13:1:0:256,15:1:13:110,17:1:15:110","m,a,s,p",9.0,65536.0,0.0,,6291456.0,,262144.0,":method,:authority,:scheme,:path"
trial-008,41ae5bcf-4623-4160-bee3-d2def4413a24,2026-04-19 17:24:24.795769337+00:00,205.172.168.145,POST,/collect,HTTP/2.0,0.205,TLS 1.3,h2,TLS_AES_128_GCM_SHA256,uxbehaviorsuite.com,True,a53816b85ea4d4d3392f28d01180a571,t13d1516h2_8daaf6152771_02713d6af862,"h2,http/1.1",h2,2,True,True,0.0,h2_first,"2570,772,771","TLS 1.3,TLS 1.2",2,True,True,True,False,0.0,TLS1.3+TLS1.2,True,15,True,0.0,"2570,4865,4866,4867,49195,49199,49196,49200,52393,52392,49171,49172,156,157,47,53",TLS_AES_128_GCM_SHA256_TLS_AES_256_GCM_SHA384_TLS_CHACHA20_POLY1305_SHA256_ECDHE-ECDSA-AES128-GCM_ECDHE-RSA-AES128-GCM_ECDHE-ECDSA-AES256-GCM_ECDHE-RSA-AES256-GCM_ECDHE-ECDSA-CHACHA20_ECDHE-RSA-CHACHA20_ECDHE-RSA-AES128-CBC_ECDHE-RSA-AES256-CBC_RSA-AES128-GCM_RSA-AES256-GCM_RSA-AES128-CBC_RSA-AES256-CBC,4,True,0.0,"2570,25497,29,23,24",x25519Kyber768_x25519_secp256r1_secp384r1,8,False,,"1027,2052,1025,1283,2053,1281,2054,1537",ecdsa_secp256r1_sha256_rsa_pss_rsae_sha256_rsa_pkcs1_sha256_ecdsa_secp384r1_sha384_rsa_pss_rsae_sha384_rsa_pkcs1_sha384_rsa_pss_rsae_sha512_rsa_pkcs1_sha512,True,t13d1516h2,8daaf6152771,02713d6af862,t,13,d,15,16,h2,"1:65536;2:0;4:6291456;6:262144|15663105|1:1:0:256,3:1:0:220,5:1:0:256,7:1:5:110,9:1:5:110,11:1:9:110,13:1:0:256,15:1:13:110,17:1:15:110,19:1:17:110|m,a,s,p",1:65536;2:0;4:6291456;6:262144,15663105.0,"1:1:0:256,3:1:0:220,5:1:0:256,7:1:5:110,9:1:5:110,11:1:9:110,13:1:0:256,15:1:13:110,17:1:15:110,19:1:17:110","m,a,s,p",10.0,65536.0,0.0,,6291456.0,,262144.0,":method,:authority,:scheme,:path"
trial-008,e1daffca-44de-41f5-81c6-d9860ba06551,2026-04-19 17:25:18.409607850+00:00,216.73.217.69,GET,/robots.txt,HTTP/2.0,0.201,TLS 1.3,h2,TLS_AES_128_GCM_SHA256,uxbehaviorsuite.com,True,39769b67a0cea587cd30f77bfd7a02df,t13d1011h2_61a7ad8aa9b6_3fcd1a44f3e3,"h2,http/1.1",h2,2,True,True,0.0,h2_first,"772,771","TLS 1.3,TLS 1.2",2,False,True,True,False,,TLS1.3+TLS1.2,True,10,False,,"4866,4865,4867,49196,49195,52393,49200,49199,52392,255",TLS_AES_256_GCM_SHA384_TLS_AES_128_GCM_SHA256_TLS_CHACHA20_POLY1305_SHA256_ECDHE-ECDSA-AES256-GCM_ECDHE-ECDSA-AES128-GCM_ECDHE-ECDSA-CHACHA20_ECDHE-RSA-AES256-GCM_ECDHE-RSA-AES128-GCM_ECDHE-RSA-CHACHA20_EMPTY_RENEGOTIATION,3,False,,"29,23,24",x25519_secp256r1_secp384r1,9,False,,"1283,1027,2055,2054,2053,2052,1537,1281,1025",ecdsa_secp384r1_sha384_ecdsa_secp256r1_sha256_2055_rsa_pss_rsae_sha512_rsa_pss_rsae_sha384_rsa_pss_rsae_sha256_rsa_pkcs1_sha512_rsa_pkcs1_sha384_rsa_pkcs1_sha256,False,t13d1011h2,61a7ad8aa9b6,3fcd1a44f3e3,t,13,d,10,11,h2,"2:0;4:2097152;5:16384;6:16384|5177345|0|m,s,a,p",2:0;4:2097152;5:16384;6:16384,5177345.0,0,"m,s,a,p",1.0,,0.0,,2097152.0,16384.0,16384.0,":method,:scheme,:authority,:path"
trial-008,8bcce0c5-2789-4d85-8a4d-42e6950a01b1,2026-04-19 17:25:18.429805763+00:00,216.73.217.69,GET,/sitemap.xml,HTTP/2.0,0.153,TLS 1.3,h2,TLS_AES_128_GCM_SHA256,uxbehaviorsuite.com,True,39769b67a0cea587cd30f77bfd7a02df,t13d1011h2_61a7ad8aa9b6_3fcd1a44f3e3,"h2,http/1.1",h2,2,True,True,0.0,h2_first,"772,771","TLS 1.3,TLS 1.2",2,False,True,True,False,,TLS1.3+TLS1.2,True,10,False,,"4866,4865,4867,49196,49195,52393,49200,49199,52392,255",TLS_AES_256_GCM_SHA384_TLS_AES_128_GCM_SHA256_TLS_CHACHA20_POLY1305_SHA256_ECDHE-ECDSA-AES256-GCM_ECDHE-ECDSA-AES128-GCM_ECDHE-ECDSA-CHACHA20_ECDHE-RSA-AES256-GCM_ECDHE-RSA-AES128-GCM_ECDHE-RSA-CHACHA20_EMPTY_RENEGOTIATION,3,False,,"29,23,24",x25519_secp256r1_secp384r1,9,False,,"1283,1027,2055,2054,2053,2052,1537,1281,1025",ecdsa_secp384r1_sha384_ecdsa_secp256r1_sha256_2055_rsa_pss_rsae_sha512_rsa_pss_rsae_sha384_rsa_pss_rsae_sha256_rsa_pkcs1_sha512_rsa_pkcs1_sha384_rsa_pkcs1_sha256,False,t13d1011h2,61a7ad8aa9b6,3fcd1a44f3e3,t,13,d,10,11,h2,"2:0;4:2097152;5:16384;6:16384|5177345|0|m,s,a,p",2:0;4:2097152;5:16384;6:16384,5177345.0,0,"m,s,a,p",1.0,,0.0,,2097152.0,16384.0,16384.0,":method,:scheme,:authority,:path"
trial-008,3715de5b-4e97-41c7-ac34-29f12fb0eb92,2026-04-19 17:25:55.386031324+00:00,205.172.168.145,GET,/s2-scroll-gate.html,HTTP/2.0,0.598,TLS 1.3,h2,TLS_AES_128_GCM_SHA256,uxbehaviorsuite.com,True,a53816b85ea4d4d3392f28d01180a571,t13d1516h2_8daaf6152771_02713d6af862,"h2,http/1.1",h2,2,True,True,0.0,h2_first,"2570,772,771","TLS 1.3,TLS 1.2",2,True,True,True,False,0.0,TLS1.3+TLS1.2,True,15,True,0.0,"2570,4865,4866,4867,49195,49199,49196,49200,52393,52392,49171,49172,156,157,47,53",TLS_AES_128_GCM_SHA256_TLS_AES_256_GCM_SHA384_TLS_CHACHA20_POLY1305_SHA256_ECDHE-ECDSA-AES128-GCM_ECDHE-RSA-AES128-GCM_ECDHE-ECDSA-AES256-GCM_ECDHE-RSA-AES256-GCM_ECDHE-ECDSA-CHACHA20_ECDHE-RSA-CHACHA20_ECDHE-RSA-AES128-CBC_ECDHE-RSA-AES256-CBC_RSA-AES128-GCM_RSA-AES256-GCM_RSA-AES128-CBC_RSA-AES256-CBC,4,True,0.0,"2570,25497,29,23,24",x25519Kyber768_x25519_secp256r1_secp384r1,8,False,,"1027,2052,1025,1283,2053,1281,2054,1537",ecdsa_secp256r1_sha256_rsa_pss_rsae_sha256_rsa_pkcs1_sha256_ecdsa_secp384r1_sha384_rsa_pss_rsae_sha384_rsa_pkcs1_sha384_rsa_pss_rsae_sha512_rsa_pkcs1_sha512,True,t13d1516h2,8daaf6152771,02713d6af862,t,13,d,15,16,h2,"1:65536;2:0;4:6291456;6:262144|15663105|1:1:0:256,3:1:0:220,5:1:0:256,7:1:5:110,9:1:5:110,11:1:9:110,13:1:0:256,15:1:13:110,17:1:15:110,19:1:17:110,21:1:0:256,23:1:21:110|m,a,s,p",1:65536;2:0;4:6291456;6:262144,15663105.0,"1:1:0:256,3:1:0:220,5:1:0:256,7:1:5:110,9:1:5:110,11:1:9:110,13:1:0:256,15:1:13:110,17:1:15:110,19:1:17:110,21:1:0:256,23:1:21:110","m,a,s,p",12.0,65536.0,0.0,,6291456.0,,262144.0,":method,:authority,:scheme,:path"
trial-008,1168bc73-ae96-4554-b683-72c9cca5957f,2026-04-19 17:25:55.386189024+00:00,205.172.168.145,POST,/collect,HTTP/2.0,0.496,TLS 1.3,h2,TLS_AES_128_GCM_SHA256,uxbehaviorsuite.com,True,a53816b85ea4d4d3392f28d01180a571,t13d1516h2_8daaf6152771_02713d6af862,"h2,http/1.1",h2,2,True,True,0.0,h2_first,"2570,772,771","TLS 1.3,TLS 1.2",2,True,True,True,False,0.0,TLS1.3+TLS1.2,True,15,True,0.0,"2570,4865,4866,4867,49195,49199,49196,49200,52393,52392,49171,49172,156,157,47,53",TLS_AES_128_GCM_SHA256_TLS_AES_256_GCM_SHA384_TLS_CHACHA20_POLY1305_SHA256_ECDHE-ECDSA-AES128-GCM_ECDHE-RSA-AES128-GCM_ECDHE-ECDSA-AES256-GCM_ECDHE-RSA-AES256-GCM_ECDHE-ECDSA-CHACHA20_ECDHE-RSA-CHACHA20_ECDHE-RSA-AES128-CBC_ECDHE-RSA-AES256-CBC_RSA-AES128-GCM_RSA-AES256-GCM_RSA-AES128-CBC_RSA-AES256-CBC,4,True,0.0,"2570,25497,29,23,24",x25519Kyber768_x25519_secp256r1_secp384r1,8,False,,"1027,2052,1025,1283,2053,1281,2054,1537",ecdsa_secp256r1_sha256_rsa_pss_rsae_sha256_rsa_pkcs1_sha256_ecdsa_secp384r1_sha384_rsa_pss_rsae_sha384_rsa_pkcs1_sha384_rsa_pss_rsae_sha512_rsa_pkcs1_sha512,True,t13d1516h2,8daaf6152771,02713d6af862,t,13,d,15,16,h2,"1:65536;2:0;4:6291456;6:262144|15663105|1:1:0:256,3:1:0:220,5:1:0:256,7:1:5:110,9:1:5:110,11:1:9:110,13:1:0:256,15:1:13:110,17:1:15:110,19:1:17:110,21:1:0:256,23:1:21:110|m,a,s,p",1:65536;2:0;4:6291456;6:262144,15663105.0,"1:1:0:256,3:1:0:220,5:1:0:256,7:1:5:110,9:1:5:110,11:1:9:110,13:1:0:256,15:1:13:110,17:1:15:110,19:1:17:110,21:1:0:256,23:1:21:110","m,a,s,p",12.0,65536.0,0.0,,6291456.0,,262144.0,":method,:authority,:scheme,:path"
trial-008,21869398-574e-4059-bdd9-a9504149f5f7,2026-04-19 17:25:55.409054066+00:00,205.172.168.145,POST,/collect,HTTP/2.0,0.284,TLS 1.3,h2,TLS_AES_128_GCM_SHA256,uxbehaviorsuite.com,True,a53816b85ea4d4d3392f28d01180a571,t13d1516h2_8daaf6152771_02713d6af862,"h2,http/1.1",h2,2,True,True,0.0,h2_first,"2570,772,771","TLS 1.3,TLS 1.2",2,True,True,True,False,0.0,TLS1.3+TLS1.2,True,15,True,0.0,"2570,4865,4866,4867,49195,49199,49196,49200,52393,52392,49171,49172,156,157,47,53",TLS_AES_128_GCM_SHA256_TLS_AES_256_GCM_SHA384_TLS_CHACHA20_POLY1305_SHA256_ECDHE-ECDSA-AES128-GCM_ECDHE-RSA-AES128-GCM_ECDHE-ECDSA-AES256-GCM_ECDHE-RSA-AES256-GCM_ECDHE-ECDSA-CHACHA20_ECDHE-RSA-CHACHA20_ECDHE-RSA-AES128-CBC_ECDHE-RSA-AES256-CBC_RSA-AES128-GCM_RSA-AES256-GCM_RSA-AES128-CBC_RSA-AES256-CBC,4,True,0.0,"2570,25497,29,23,24",x25519Kyber768_x25519_secp256r1_secp384r1,8,False,,"1027,2052,1025,1283,2053,1281,2054,1537",ecdsa_secp256r1_sha256_rsa_pss_rsae_sha256_rsa_pkcs1_sha256_ecdsa_secp384r1_sha384_rsa_pss_rsae_sha384_rsa_pkcs1_sha384_rsa_pss_rsae_sha512_rsa_pkcs1_sha512,True,t13d1516h2,8daaf6152771,02713d6af862,t,13,d,15,16,h2,"1:65536;2:0;4:6291456;6:262144|15663105|1:1:0:256,3:1:0:220,5:1:0:256,7:1:5:110,9:1:5:110,11:1:9:110,13:1:0:256,15:1:13:110,17:1:15:110,19:1:17:110,21:1:0:256,23:1:21:110,25:1:23:110|m,a,s,p",1:65536;2:0;4:6291456;6:262144,15663105.0,"1:1:0:256,3:1:0:220,5:1:0:256,7:1:5:110,9:1:5:110,11:1:9:110,13:1:0:256,15:1:13:110,17:1:15:110,19:1:17:110,21:1:0:256,23:1:21:110,25:1:23:110","m,a,s,p",13.0,65536.0,0.0,,6291456.0,,262144.0,":method,:authority,:scheme,:path"
trial-008,aa96c3e7-2ecb-4229-994b-6a0366ed9739,2026-04-19 17:25:55.411313709+00:00,205.172.168.145,POST,/collect,HTTP/2.0,0.189,TLS 1.3,h2,TLS_AES_128_GCM_SHA256,uxbehaviorsuite.com,True,a53816b85ea4d4d3392f28d01180a571,t13d1516h2_8daaf6152771_02713d6af862,"h2,http/1.1",h2,2,True,True,0.0,h2_first,"2570,772,771","TLS 1.3,TLS 1.2",2,True,True,True,False,0.0,TLS1.3+TLS1.2,True,15,True,0.0,"2570,4865,4866,4867,49195,49199,49196,49200,52393,52392,49171,49172,156,157,47,53",TLS_AES_128_GCM_SHA256_TLS_AES_256_GCM_SHA384_TLS_CHACHA20_POLY1305_SHA256_ECDHE-ECDSA-AES128-GCM_ECDHE-RSA-AES128-GCM_ECDHE-ECDSA-AES256-GCM_ECDHE-RSA-AES256-GCM_ECDHE-ECDSA-CHACHA20_ECDHE-RSA-CHACHA20_ECDHE-RSA-AES128-CBC_ECDHE-RSA-AES256-CBC_RSA-AES128-GCM_RSA-AES256-GCM_RSA-AES128-CBC_RSA-AES256-CBC,4,True,0.0,"2570,25497,29,23,24",x25519Kyber768_x25519_secp256r1_secp384r1,8,False,,"1027,2052,1025,1283,2053,1281,2054,1537",ecdsa_secp256r1_sha256_rsa_pss_rsae_sha256_rsa_pkcs1_sha256_ecdsa_secp384r1_sha384_rsa_pss_rsae_sha384_rsa_pkcs1_sha384_rsa_pss_rsae_sha512_rsa_pkcs1_sha512,True,t13d1516h2,8daaf6152771,02713d6af862,t,13,d,15,16,h2,"1:65536;2:0;4:6291456;6:262144|15663105|1:1:0:256,3:1:0:220,5:1:0:256,7:1:5:110,9:1:5:110,11:1:9:110,13:1:0:256,15:1:13:110,17:1:15:110,19:1:17:110,21:1:0:256,23:1:21:110,25:1:23:110,27:1:25:110|m,a,s,p",1:65536;2:0;4:6291456;6:262144,15663105.0,"1:1:0:256,3:1:0:220,5:1:0:256,7:1:5:110,9:1:5:110,11:1:9:110,13:1:0:256,15:1:13:110,17:1:15:110,19:1:17:110,21:1:0:256,23:1:21:110,25:1:23:110,27:1:25:110","m,a,s,p",14.0,65536.0,0.0,,6291456.0,,262144.0,":method,:authority,:scheme,:path"
trial-008,f314bd79-cf0b-4f82-a273-2fecb6bb05eb,2026-04-19 17:26:47.030077256+00:00,205.172.168.145,GET,/s3-hover-reveal.html,HTTP/2.0,0.366,TLS 1.3,h2,TLS_AES_128_GCM_SHA256,uxbehaviorsuite.com,True,a53816b85ea4d4d3392f28d01180a571,t13d1516h2_8daaf6152771_02713d6af862,"h2,http/1.1",h2,2,True,True,0.0,h2_first,"2570,772,771","TLS 1.3,TLS 1.2",2,True,True,True,False,0.0,TLS1.3+TLS1.2,True,15,True,0.0,"2570,4865,4866,4867,49195,49199,49196,49200,52393,52392,49171,49172,156,157,47,53",TLS_AES_128_GCM_SHA256_TLS_AES_256_GCM_SHA384_TLS_CHACHA20_POLY1305_SHA256_ECDHE-ECDSA-AES128-GCM_ECDHE-RSA-AES128-GCM_ECDHE-ECDSA-AES256-GCM_ECDHE-RSA-AES256-GCM_ECDHE-ECDSA-CHACHA20_ECDHE-RSA-CHACHA20_ECDHE-RSA-AES128-CBC_ECDHE-RSA-AES256-CBC_RSA-AES128-GCM_RSA-AES256-GCM_RSA-AES128-CBC_RSA-AES256-CBC,4,True,0.0,"2570,25497,29,23,24",x25519Kyber768_x25519_secp256r1_secp384r1,8,False,,"1027,2052,1025,1283,2053,1281,2054,1537",ecdsa_secp256r1_sha256_rsa_pss_rsae_sha256_rsa_pkcs1_sha256_ecdsa_secp384r1_sha384_rsa_pss_rsae_sha384_rsa_pkcs1_sha384_rsa_pss_rsae_sha512_rsa_pkcs1_sha512,True,t13d1516h2,8daaf6152771,02713d6af862,t,13,d,15,16,h2,"1:65536;2:0;4:6291456;6:262144|15663105|1:1:0:256,3:1:0:220,5:1:0:256,7:1:5:110,9:1:5:110,11:1:9:110,13:1:0:256,15:1:13:110,17:1:15:110,19:1:17:110,21:1:0:256,23:1:21:110,25:1:23:110,27:1:25:110,29:1:0:110,31:1:0:256|m,a,s,p",1:65536;2:0;4:6291456;6:262144,15663105.0,"1:1:0:256,3:1:0:220,5:1:0:256,7:1:5:110,9:1:5:110,11:1:9:110,13:1:0:256,15:1:13:110,17:1:15:110,19:1:17:110,21:1:0:256,23:1:21:110,25:1:23:110,27:1:25:110,29:1:0:110,31:1:0:256","m,a,s,p",16.0,65536.0,0.0,,6291456.0,,262144.0,":method,:authority,:scheme,:path"
trial-008,125d0932-f1c8-4232-8a63-1fd95c3363fc,2026-04-19 17:26:47.050525957+00:00,205.172.168.145,POST,/collect,HTTP/2.0,0.525,TLS 1.3,h2,TLS_AES_128_GCM_SHA256,uxbehaviorsuite.com,True,a53816b85ea4d4d3392f28d01180a571,t13d1516h2_8daaf6152771_02713d6af862,"h2,http/1.1",h2,2,True,True,0.0,h2_first,"2570,772,771","TLS 1.3,TLS 1.2",2,True,True,True,False,0.0,TLS1.3+TLS1.2,True,15,True,0.0,"2570,4865,4866,4867,49195,49199,49196,49200,52393,52392,49171,49172,156,157,47,53",TLS_AES_128_GCM_SHA256_TLS_AES_256_GCM_SHA384_TLS_CHACHA20_POLY1305_SHA256_ECDHE-ECDSA-AES128-GCM_ECDHE-RSA-AES128-GCM_ECDHE-ECDSA-AES256-GCM_ECDHE-RSA-AES256-GCM_ECDHE-ECDSA-CHACHA20_ECDHE-RSA-CHACHA20_ECDHE-RSA-AES128-CBC_ECDHE-RSA-AES256-CBC_RSA-AES128-GCM_RSA-AES256-GCM_RSA-AES128-CBC_RSA-AES256-CBC,4,True,0.0,"2570,25497,29,23,24",x25519Kyber768_x25519_secp256r1_secp384r1,8,False,,"1027,2052,1025,1283,2053,1281,2054,1537",ecdsa_secp256r1_sha256_rsa_pss_rsae_sha256_rsa_pkcs1_sha256_ecdsa_secp384r1_sha384_rsa_pss_rsae_sha384_rsa_pkcs1_sha384_rsa_pss_rsae_sha512_rsa_pkcs1_sha512,True,t13d1516h2,8daaf6152771,02713d6af862,t,13,d,15,16,h2,"1:65536;2:0;4:6291456;6:262144|15663105|1:1:0:256,3:1:0:220,5:1:0:256,7:1:5:110,9:1:5:110,11:1:9:110,13:1:0:256,15:1:13:110,17:1:15:110,19:1:17:110,21:1:0:256,23:1:21:110,25:1:23:110,27:1:25:110,29:1:0:110,31:1:0:256,33:1:31:110|m,a,s,p",1:65536;2:0;4:6291456;6:262144,15663105.0,"1:1:0:256,3:1:0:220,5:1:0:256,7:1:5:110,9:1:5:110,11:1:9:110,13:1:0:256,15:1:13:110,17:1:15:110,19:1:17:110,21:1:0:256,23:1:21:110,25:1:23:110,27:1:25:110,29:1:0:110,31:1:0:256,33:1:31:110","m,a,s,p",17.0,65536.0,0.0,,6291456.0,,262144.0,":method,:authority,:scheme,:path"
trial-008,f6a8246a-1f18-4967-854d-b04c170386c0,2026-04-19 17:26:47.052643744+00:00,205.172.168.145,POST,/collect,HTTP/2.0,0.209,TLS 1.3,h2,TLS_AES_128_GCM_SHA256,uxbehaviorsuite.com,True,a53816b85ea4d4d3392f28d01180a571,t13d1516h2_8daaf6152771_02713d6af862,"h2,http/1.1",h2,2,True,True,0.0,h2_first,"2570,772,771","TLS 1.3,TLS 1.2",2,True,True,True,False,0.0,TLS1.3+TLS1.2,True,15,True,0.0,"2570,4865,4866,4867,49195,49199,49196,49200,52393,52392,49171,49172,156,157,47,53",TLS_AES_128_GCM_SHA256_TLS_AES_256_GCM_SHA384_TLS_CHACHA20_POLY1305_SHA256_ECDHE-ECDSA-AES128-GCM_ECDHE-RSA-AES128-GCM_ECDHE-ECDSA-AES256-GCM_ECDHE-RSA-AES256-GCM_ECDHE-ECDSA-CHACHA20_ECDHE-RSA-CHACHA20_ECDHE-RSA-AES128-CBC_ECDHE-RSA-AES256-CBC_RSA-AES128-GCM_RSA-AES256-GCM_RSA-AES128-CBC_RSA-AES256-CBC,4,True,0.0,"2570,25497,29,23,24",x25519Kyber768_x25519_secp256r1_secp384r1,8,False,,"1027,2052,1025,1283,2053,1281,2054,1537",ecdsa_secp256r1_sha256_rsa_pss_rsae_sha256_rsa_pkcs1_sha256_ecdsa_secp384r1_sha384_rsa_pss_rsae_sha384_rsa_pkcs1_sha384_rsa_pss_rsae_sha512_rsa_pkcs1_sha512,True,t13d1516h2,8daaf6152771,02713d6af862,t,13,d,15,16,h2,"1:65536;2:0;4:6291456;6:262144|15663105|1:1:0:256,3:1:0:220,5:1:0:256,7:1:5:110,9:1:5:110,11:1:9:110,13:1:0:256,15:1:13:110,17:1:15:110,19:1:17:110,21:1:0:256,23:1:21:110,25:1:23:110,27:1:25:110,29:1:0:110,31:1:0:256,33:1:31:110,35:1:33:110|m,a,s,p",1:65536;2:0;4:6291456;6:262144,15663105.0,"1:1:0:256,3:1:0:220,5:1:0:256,7:1:5:110,9:1:5:110,11:1:9:110,13:1:0:256,15:1:13:110,17:1:15:110,19:1:17:110,21:1:0:256,23:1:21:110,25:1:23:110,27:1:25:110,29:1:0:110,31:1:0:256,33:1:31:110,35:1:33:110","m,a,s,p",18.0,65536.0,0.0,,6291456.0,,262144.0,":method,:authority,:scheme,:path"
trial-008,abd0040a-c8af-418b-8edb-edea5488f44a,2026-04-19 17:28:06.389426533+00:00,205.172.168.145,GET,/s4-dom-mismatch.html,HTTP/2.0,0.514,TLS 1.3,h2,TLS_AES_128_GCM_SHA256,uxbehaviorsuite.com,True,a53816b85ea4d4d3392f28d01180a571,t13d1516h2_8daaf6152771_02713d6af862,"h2,http/1.1",h2,2,True,True,0.0,h2_first,"2570,772,771","TLS 1.3,TLS 1.2",2,True,True,True,False,0.0,TLS1.3+TLS1.2,True,15,True,0.0,"2570,4865,4866,4867,49195,49199,49196,49200,52393,52392,49171,49172,156,157,47,53",TLS_AES_128_GCM_SHA256_TLS_AES_256_GCM_SHA384_TLS_CHACHA20_POLY1305_SHA256_ECDHE-ECDSA-AES128-GCM_ECDHE-RSA-AES128-GCM_ECDHE-ECDSA-AES256-GCM_ECDHE-RSA-AES256-GCM_ECDHE-ECDSA-CHACHA20_ECDHE-RSA-CHACHA20_ECDHE-RSA-AES128-CBC_ECDHE-RSA-AES256-CBC_RSA-AES128-GCM_RSA-AES256-GCM_RSA-AES128-CBC_RSA-AES256-CBC,4,True,0.0,"2570,25497,29,23,24",x25519Kyber768_x25519_secp256r1_secp384r1,8,False,,"1027,2052,1025,1283,2053,1281,2054,1537",ecdsa_secp256r1_sha256_rsa_pss_rsae_sha256_rsa_pkcs1_sha256_ecdsa_secp384r1_sha384_rsa_pss_rsae_sha384_rsa_pkcs1_sha384_rsa_pss_rsae_sha512_rsa_pkcs1_sha512,True,t13d1516h2,8daaf6152771,02713d6af862,t,13,d,15,16,h2,"1:65536;2:0;4:6291456;6:262144|15663105|1:1:0:256,3:1:0:220,5:1:0:256,7:1:5:110,9:1:5:110,11:1:9:110,13:1:0:256,15:1:13:110,17:1:15:110,19:1:17:110,21:1:0:256,23:1:21:110,25:1:23:110,27:1:25:110,29:1:0:110,31:1:0:256,33:1:31:110,35:1:33:110,37:1:0:256,39:1:37:110|m,a,s,p",1:65536;2:0;4:6291456;6:262144,15663105.0,"1:1:0:256,3:1:0:220,5:1:0:256,7:1:5:110,9:1:5:110,11:1:9:110,13:1:0:256,15:1:13:110,17:1:15:110,19:1:17:110,21:1:0:256,23:1:21:110,25:1:23:110,27:1:25:110,29:1:0:110,31:1:0:256,33:1:31:110,35:1:33:110,37:1:0:256,39:1:37:110","m,a,s,p",20.0,65536.0,0.0,,6291456.0,,262144.0,":method,:authority,:scheme,:path"
trial-008,5407d9d7-a379-4796-8b79-3c3bea5d2ed2,2026-04-19 17:28:06.389506936+00:00,205.172.168.145,POST,/collect,HTTP/2.0,0.667,TLS 1.3,h2,TLS_AES_128_GCM_SHA256,uxbehaviorsuite.com,True,a53816b85ea4d4d3392f28d01180a571,t13d1516h2_8daaf6152771_02713d6af862,"h2,http/1.1",h2,2,True,True,0.0,h2_first,"2570,772,771","TLS 1.3,TLS 1.2",2,True,True,True,False,0.0,TLS1.3+TLS1.2,True,15,True,0.0,"2570,4865,4866,4867,49195,49199,49196,49200,52393,52392,49171,49172,156,157,47,53",TLS_AES_128_GCM_SHA256_TLS_AES_256_GCM_SHA384_TLS_CHACHA20_POLY1305_SHA256_ECDHE-ECDSA-AES128-GCM_ECDHE-RSA-AES128-GCM_ECDHE-ECDSA-AES256-GCM_ECDHE-RSA-AES256-GCM_ECDHE-ECDSA-CHACHA20_ECDHE-RSA-CHACHA20_ECDHE-RSA-AES128-CBC_ECDHE-RSA-AES256-CBC_RSA-AES128-GCM_RSA-AES256-GCM_RSA-AES128-CBC_RSA-AES256-CBC,4,True,0.0,"2570,25497,29,23,24",x25519Kyber768_x25519_secp256r1_secp384r1,8,False,,"1027,2052,1025,1283,2053,1281,2054,1537",ecdsa_secp256r1_sha256_rsa_pss_rsae_sha256_rsa_pkcs1_sha256_ecdsa_secp384r1_sha384_rsa_pss_rsae_sha384_rsa_pkcs1_sha384_rsa_pss_rsae_sha512_rsa_pkcs1_sha512,True,t13d1516h2,8daaf6152771,02713d6af862,t,13,d,15,16,h2,"1:65536;2:0;4:6291456;6:262144|15663105|1:1:0:256,3:1:0:220,5:1:0:256,7:1:5:110,9:1:5:110,11:1:9:110,13:1:0:256,15:1:13:110,17:1:15:110,19:1:17:110,21:1:0:256,23:1:21:110,25:1:23:110,27:1:25:110,29:1:0:110,31:1:0:256,33:1:31:110,35:1:33:110,37:1:0:256,39:1:37:110|m,a,s,p",1:65536;2:0;4:6291456;6:262144,15663105.0,"1:1:0:256,3:1:0:220,5:1:0:256,7:1:5:110,9:1:5:110,11:1:9:110,13:1:0:256,15:1:13:110,17:1:15:110,19:1:17:110,21:1:0:256,23:1:21:110,25:1:23:110,27:1:25:110,29:1:0:110,31:1:0:256,33:1:31:110,35:1:33:110,37:1:0:256,39:1:37:110","m,a,s,p",20.0,65536.0,0.0,,6291456.0,,262144.0,":method,:authority,:scheme,:path"
trial-008,2bdf5a54-94c5-442b-9603-8f8f4eefbac6,2026-04-19 17:28:06.413156941+00:00,205.172.168.145,POST,/collect,HTTP/2.0,1.069,TLS 1.3,h2,TLS_AES_128_GCM_SHA256,uxbehaviorsuite.com,True,a53816b85ea4d4d3392f28d01180a571,t13d1516h2_8daaf6152771_02713d6af862,"h2,http/1.1",h2,2,True,True,0.0,h2_first,"2570,772,771","TLS 1.3,TLS 1.2",2,True,True,True,False,0.0,TLS1.3+TLS1.2,True,15,True,0.0,"2570,4865,4866,4867,49195,49199,49196,49200,52393,52392,49171,49172,156,157,47,53",TLS_AES_128_GCM_SHA256_TLS_AES_256_GCM_SHA384_TLS_CHACHA20_POLY1305_SHA256_ECDHE-ECDSA-AES128-GCM_ECDHE-RSA-AES128-GCM_ECDHE-ECDSA-AES256-GCM_ECDHE-RSA-AES256-GCM_ECDHE-ECDSA-CHACHA20_ECDHE-RSA-CHACHA20_ECDHE-RSA-AES128-CBC_ECDHE-RSA-AES256-CBC_RSA-AES128-GCM_RSA-AES256-GCM_RSA-AES128-CBC_RSA-AES256-CBC,4,True,0.0,"2570,25497,29,23,24",x25519Kyber768_x25519_secp256r1_secp384r1,8,False,,"1027,2052,1025,1283,2053,1281,2054,1537",ecdsa_secp256r1_sha256_rsa_pss_rsae_sha256_rsa_pkcs1_sha256_ecdsa_secp384r1_sha384_rsa_pss_rsae_sha384_rsa_pkcs1_sha384_rsa_pss_rsae_sha512_rsa_pkcs1_sha512,True,t13d1516h2,8daaf6152771,02713d6af862,t,13,d,15,16,h2,"1:65536;2:0;4:6291456;6:262144|15663105|1:1:0:256,3:1:0:220,5:1:0:256,7:1:5:110,9:1:5:110,11:1:9:110,13:1:0:256,15:1:13:110,17:1:15:110,19:1:17:110,21:1:0:256,23:1:21:110,25:1:23:110,27:1:25:110,29:1:0:110,31:1:0:256,33:1:31:110,35:1:33:110,37:1:0:256,39:1:37:110,41:1:39:110|m,a,s,p",1:65536;2:0;4:6291456;6:262144,15663105.0,"1:1:0:256,3:1:0:220,5:1:0:256,7:1:5:110,9:1:5:110,11:1:9:110,13:1:0:256,15:1:13:110,17:1:15:110,19:1:17:110,21:1:0:256,23:1:21:110,25:1:23:110,27:1:25:110,29:1:0:110,31:1:0:256,33:1:31:110,35:1:33:110,37:1:0:256,39:1:37:110,41:1:39:110","m,a,s,p",21.0,65536.0,0.0,,6291456.0,,262144.0,":method,:authority,:scheme,:path"
trial-008,451a4850-ba6b-4f74-99be-8bad25720cb7,2026-04-19 17:28:06.416102667+00:00,205.172.168.145,POST,/collect,HTTP/2.0,0.219,TLS 1.3,h2,TLS_AES_128_GCM_SHA256,uxbehaviorsuite.com,True,a53816b85ea4d4d3392f28d01180a571,t13d1516h2_8daaf6152771_02713d6af862,"h2,http/1.1",h2,2,True,True,0.0,h2_first,"2570,772,771","TLS 1.3,TLS 1.2",2,True,True,True,False,0.0,TLS1.3+TLS1.2,True,15,True,0.0,"2570,4865,4866,4867,49195,49199,49196,49200,52393,52392,49171,49172,156,157,47,53",TLS_AES_128_GCM_SHA256_TLS_AES_256_GCM_SHA384_TLS_CHACHA20_POLY1305_SHA256_ECDHE-ECDSA-AES128-GCM_ECDHE-RSA-AES128-GCM_ECDHE-ECDSA-AES256-GCM_ECDHE-RSA-AES256-GCM_ECDHE-ECDSA-CHACHA20_ECDHE-RSA-CHACHA20_ECDHE-RSA-AES128-CBC_ECDHE-RSA-AES256-CBC_RSA-AES128-GCM_RSA-AES256-GCM_RSA-AES128-CBC_RSA-AES256-CBC,4,True,0.0,"2570,25497,29,23,24",x25519Kyber768_x25519_secp256r1_secp384r1,8,False,,"1027,2052,1025,1283,2053,1281,2054,1537",ecdsa_secp256r1_sha256_rsa_pss_rsae_sha256_rsa_pkcs1_sha256_ecdsa_secp384r1_sha384_rsa_pss_rsae_sha384_rsa_pkcs1_sha384_rsa_pss_rsae_sha512_rsa_pkcs1_sha512,True,t13d1516h2,8daaf6152771,02713d6af862,t,13,d,15,16,h2,"1:65536;2:0;4:6291456;6:262144|15663105|1:1:0:256,3:1:0:220,5:1:0:256,7:1:5:110,9:1:5:110,11:1:9:110,13:1:0:256,15:1:13:110,17:1:15:110,19:1:17:110,21:1:0:256,23:1:21:110,25:1:23:110,27:1:25:110,29:1:0:110,31:1:0:256,33:1:31:110,35:1:33:110,37:1:0:256,39:1:37:110,41:1:39:110,43:1:41:110|m,a,s,p",1:65536;2:0;4:6291456;6:262144,15663105.0,"1:1:0:256,3:1:0:220,5:1:0:256,7:1:5:110,9:1:5:110,11:1:9:110,13:1:0:256,15:1:13:110,17:1:15:110,19:1:17:110,21:1:0:256,23:1:21:110,25:1:23:110,27:1:25:110,29:1:0:110,31:1:0:256,33:1:31:110,35:1:33:110,37:1:0:256,39:1:37:110,41:1:39:110,43:1:41:110","m,a,s,p",22.0,65536.0,0.0,,6291456.0,,262144.0,":method,:authority,:scheme,:path"
trial-008,59c24490-e843-4e38-a392-82c54510a71a,2026-04-19 17:28:30.904418522+00:00,172.71.148.103,GET,/wordpress/wp-admin/setup-config.php,HTTP/2.0,0.155,TLS 1.3,h2,TLS_AES_128_GCM_SHA256,uxbehaviorsuite.com,True,1449472ba4c4ddb602762f628f080be4,t13d1412h2_e33ad33b3d25_6b314db333b6,"h2,http/1.1",h2,2,True,True,0.0,h2_first,"772,771,770,769","TLS 1.3,TLS 1.2,TLS 1.1,TLS 1.0",4,False,True,True,True,,TLS1.3+TLS1.2+TLS1.1+TLS1.0,True,14,False,,"4865,4866,4867,49195,49196,49199,49200,49171,49192,156,157,47,53,10",TLS_AES_128_GCM_SHA256_TLS_AES_256_GCM_SHA384_TLS_CHACHA20_POLY1305_SHA256_ECDHE-ECDSA-AES128-GCM_ECDHE-ECDSA-AES256-GCM_ECDHE-RSA-AES128-GCM_ECDHE-RSA-AES256-GCM_ECDHE-RSA-AES128-CBC_49192_RSA-AES128-GCM_RSA-AES256-GCM_RSA-AES128-CBC_RSA-AES256-CBC_10,7,False,,"29,23,24,25,4588,25497,65074",x25519_secp256r1_secp384r1_secp521r1_X25519MLKEM768_x25519Kyber768_65074,10,False,,"1027,2052,1025,1283,2053,1281,2054,1537,513,1539",ecdsa_secp256r1_sha256_rsa_pss_rsae_sha256_rsa_pkcs1_sha256_ecdsa_secp384r1_sha384_rsa_pss_rsae_sha384_rsa_pkcs1_sha384_rsa_pss_rsae_sha512_rsa_pkcs1_sha512_513_1539,True,t13d1412h2,e33ad33b3d25,6b314db333b6,t,13,d,14,12,h2,"2:0;3:1;4:8388608;5:65536|8323073|0|m,s,a,p",2:0;3:1;4:8388608;5:65536,8323073.0,0,"m,s,a,p",1.0,,0.0,1.0,8388608.0,65536.0,,":method,:scheme,:authority,:path"
trial-008,2b18c7b4-8957-4112-953d-699c30d11a4f,2026-04-19 17:29:00.323198015+00:00,205.172.168.145,GET,/s5-delayed-feedback.html,HTTP/2.0,0.442,TLS 1.3,h2,TLS_AES_128_GCM_SHA256,uxbehaviorsuite.com,True,a53816b85ea4d4d3392f28d01180a571,t13d1516h2_8daaf6152771_02713d6af862,"h2,http/1.1",h2,2,True,True,0.0,h2_first,"2570,772,771","TLS 1.3,TLS 1.2",2,True,True,True,False,0.0,TLS1.3+TLS1.2,True,15,True,0.0,"2570,4865,4866,4867,49195,49199,49196,49200,52393,52392,49171,49172,156,157,47,53",TLS_AES_128_GCM_SHA256_TLS_AES_256_GCM_SHA384_TLS_CHACHA20_POLY1305_SHA256_ECDHE-ECDSA-AES128-GCM_ECDHE-RSA-AES128-GCM_ECDHE-ECDSA-AES256-GCM_ECDHE-RSA-AES256-GCM_ECDHE-ECDSA-CHACHA20_ECDHE-RSA-CHACHA20_ECDHE-RSA-AES128-CBC_ECDHE-RSA-AES256-CBC_RSA-AES128-GCM_RSA-AES256-GCM_RSA-AES128-CBC_RSA-AES256-CBC,4,True,0.0,"2570,25497,29,23,24",x25519Kyber768_x25519_secp256r1_secp384r1,8,False,,"1027,2052,1025,1283,2053,1281,2054,1537",ecdsa_secp256r1_sha256_rsa_pss_rsae_sha256_rsa_pkcs1_sha256_ecdsa_secp384r1_sha384_rsa_pss_rsae_sha384_rsa_pkcs1_sha384_rsa_pss_rsae_sha512_rsa_pkcs1_sha512,True,t13d1516h2,8daaf6152771,02713d6af862,t,13,d,15,16,h2,"1:65536;2:0;4:6291456;6:262144|15663105|1:1:0:256,3:1:0:220,5:1:0:256,7:1:5:110,9:1:5:110,11:1:9:110,13:1:0:256,15:1:13:110,17:1:15:110,19:1:17:110,21:1:0:256,23:1:21:110,25:1:23:110,27:1:25:110,29:1:0:110,31:1:0:256,33:1:31:110,35:1:33:110,37:1:0:256,39:1:37:110,41:1:39:110,43:1:41:110,45:1:0:256,47:1:45:110|m,a,s,p",1:65536;2:0;4:6291456;6:262144,15663105.0,"1:1:0:256,3:1:0:220,5:1:0:256,7:1:5:110,9:1:5:110,11:1:9:110,13:1:0:256,15:1:13:110,17:1:15:110,19:1:17:110,21:1:0:256,23:1:21:110,25:1:23:110,27:1:25:110,29:1:0:110,31:1:0:256,33:1:31:110,35:1:33:110,37:1:0:256,39:1:37:110,41:1:39:110,43:1:41:110,45:1:0:256,47:1:45:110","m,a,s,p",24.0,65536.0,0.0,,6291456.0,,262144.0,":method,:authority,:scheme,:path"
trial-008,dfb3043c-95b3-4dc0-8d71-a647c512ddda,2026-04-19 17:29:00.323312314+00:00,205.172.168.145,POST,/collect,HTTP/2.0,0.313,TLS 1.3,h2,TLS_AES_128_GCM_SHA256,uxbehaviorsuite.com,True,a53816b85ea4d4d3392f28d01180a571,t13d1516h2_8daaf6152771_02713d6af862,"h2,http/1.1",h2,2,True,True,0.0,h2_first,"2570,772,771","TLS 1.3,TLS 1.2",2,True,True,True,False,0.0,TLS1.3+TLS1.2,True,15,True,0.0,"2570,4865,4866,4867,49195,49199,49196,49200,52393,52392,49171,49172,156,157,47,53",TLS_AES_128_GCM_SHA256_TLS_AES_256_GCM_SHA384_TLS_CHACHA20_POLY1305_SHA256_ECDHE-ECDSA-AES128-GCM_ECDHE-RSA-AES128-GCM_ECDHE-ECDSA-AES256-GCM_ECDHE-RSA-AES256-GCM_ECDHE-ECDSA-CHACHA20_ECDHE-RSA-CHACHA20_ECDHE-RSA-AES128-CBC_ECDHE-RSA-AES256-CBC_RSA-AES128-GCM_RSA-AES256-GCM_RSA-AES128-CBC_RSA-AES256-CBC,4,True,0.0,"2570,25497,29,23,24",x25519Kyber768_x25519_secp256r1_secp384r1,8,False,,"1027,2052,1025,1283,2053,1281,2054,1537",ecdsa_secp256r1_sha256_rsa_pss_rsae_sha256_rsa_pkcs1_sha256_ecdsa_secp384r1_sha384_rsa_pss_rsae_sha384_rsa_pkcs1_sha384_rsa_pss_rsae_sha512_rsa_pkcs1_sha512,True,t13d1516h2,8daaf6152771,02713d6af862,t,13,d,15,16,h2,"1:65536;2:0;4:6291456;6:262144|15663105|1:1:0:256,3:1:0:220,5:1:0:256,7:1:5:110,9:1:5:110,11:1:9:110,13:1:0:256,15:1:13:110,17:1:15:110,19:1:17:110,21:1:0:256,23:1:21:110,25:1:23:110,27:1:25:110,29:1:0:110,31:1:0:256,33:1:31:110,35:1:33:110,37:1:0:256,39:1:37:110,41:1:39:110,43:1:41:110,45:1:0:256,47:1:45:110|m,a,s,p",1:65536;2:0;4:6291456;6:262144,15663105.0,"1:1:0:256,3:1:0:220,5:1:0:256,7:1:5:110,9:1:5:110,11:1:9:110,13:1:0:256,15:1:13:110,17:1:15:110,19:1:17:110,21:1:0:256,23:1:21:110,25:1:23:110,27:1:25:110,29:1:0:110,31:1:0:256,33:1:31:110,35:1:33:110,37:1:0:256,39:1:37:110,41:1:39:110,43:1:41:110,45:1:0:256,47:1:45:110","m,a,s,p",24.0,65536.0,0.0,,6291456.0,,262144.0,":method,:authority,:scheme,:path"
trial-008,669570d7-999f-4a82-802d-553655b6ac7f,2026-04-19 17:29:00.348888451+00:00,205.172.168.145,POST,/collect,HTTP/2.0,0.219,TLS 1.3,h2,TLS_AES_128_GCM_SHA256,uxbehaviorsuite.com,True,a53816b85ea4d4d3392f28d01180a571,t13d1516h2_8daaf6152771_02713d6af862,"h2,http/1.1",h2,2,True,True,0.0,h2_first,"2570,772,771","TLS 1.3,TLS 1.2",2,True,True,True,False,0.0,TLS1.3+TLS1.2,True,15,True,0.0,"2570,4865,4866,4867,49195,49199,49196,49200,52393,52392,49171,49172,156,157,47,53",TLS_AES_128_GCM_SHA256_TLS_AES_256_GCM_SHA384_TLS_CHACHA20_POLY1305_SHA256_ECDHE-ECDSA-AES128-GCM_ECDHE-RSA-AES128-GCM_ECDHE-ECDSA-AES256-GCM_ECDHE-RSA-AES256-GCM_ECDHE-ECDSA-CHACHA20_ECDHE-RSA-CHACHA20_ECDHE-RSA-AES128-CBC_ECDHE-RSA-AES256-CBC_RSA-AES128-GCM_RSA-AES256-GCM_RSA-AES128-CBC_RSA-AES256-CBC,4,True,0.0,"2570,25497,29,23,24",x25519Kyber768_x25519_secp256r1_secp384r1,8,False,,"1027,2052,1025,1283,2053,1281,2054,1537",ecdsa_secp256r1_sha256_rsa_pss_rsae_sha256_rsa_pkcs1_sha256_ecdsa_secp384r1_sha384_rsa_pss_rsae_sha384_rsa_pkcs1_sha384_rsa_pss_rsae_sha512_rsa_pkcs1_sha512,True,t13d1516h2,8daaf6152771,02713d6af862,t,13,d,15,16,h2,"1:65536;2:0;4:6291456;6:262144|15663105|1:1:0:256,3:1:0:220,5:1:0:256,7:1:5:110,9:1:5:110,11:1:9:110,13:1:0:256,15:1:13:110,17:1:15:110,19:1:17:110,21:1:0:256,23:1:21:110,25:1:23:110,27:1:25:110,29:1:0:110,31:1:0:256,33:1:31:110,35:1:33:110,37:1:0:256,39:1:37:110,41:1:39:110,43:1:41:110,45:1:0:256,47:1:45:110,49:1:47:110,51:1:49:110|m,a,s,p",1:65536;2:0;4:6291456;6:262144,15663105.0,"1:1:0:256,3:1:0:220,5:1:0:256,7:1:5:110,9:1:5:110,11:1:9:110,13:1:0:256,15:1:13:110,17:1:15:110,19:1:17:110,21:1:0:256,23:1:21:110,25:1:23:110,27:1:25:110,29:1:0:110,31:1:0:256,33:1:31:110,35:1:33:110,37:1:0:256,39:1:37:110,41:1:39:110,43:1:41:110,45:1:0:256,47:1:45:110,49:1:47:110,51:1:49:110","m,a,s,p",26.0,65536.0,0.0,,6291456.0,,262144.0,":method,:authority,:scheme,:path"
trial-008,5207b4cb-91e4-4731-9c0b-10f22bc20ca5,2026-04-19 17:29:00.348965860+00:00,205.172.168.145,POST,/collect,HTTP/2.0,0.324,TLS 1.3,h2,TLS_AES_128_GCM_SHA256,uxbehaviorsuite.com,True,a53816b85ea4d4d3392f28d01180a571,t13d1516h2_8daaf6152771_02713d6af862,"h2,http/1.1",h2,2,True,True,0.0,h2_first,"2570,772,771","TLS 1.3,TLS 1.2",2,True,True,True,False,0.0,TLS1.3+TLS1.2,True,15,True,0.0,"2570,4865,4866,4867,49195,49199,49196,49200,52393,52392,49171,49172,156,157,47,53",TLS_AES_128_GCM_SHA256_TLS_AES_256_GCM_SHA384_TLS_CHACHA20_POLY1305_SHA256_ECDHE-ECDSA-AES128-GCM_ECDHE-RSA-AES128-GCM_ECDHE-ECDSA-AES256-GCM_ECDHE-RSA-AES256-GCM_ECDHE-ECDSA-CHACHA20_ECDHE-RSA-CHACHA20_ECDHE-RSA-AES128-CBC_ECDHE-RSA-AES256-CBC_RSA-AES128-GCM_RSA-AES256-GCM_RSA-AES128-CBC_RSA-AES256-CBC,4,True,0.0,"2570,25497,29,23,24",x25519Kyber768_x25519_secp256r1_secp384r1,8,False,,"1027,2052,1025,1283,2053,1281,2054,1537",ecdsa_secp256r1_sha256_rsa_pss_rsae_sha256_rsa_pkcs1_sha256_ecdsa_secp384r1_sha384_rsa_pss_rsae_sha384_rsa_pkcs1_sha384_rsa_pss_rsae_sha512_rsa_pkcs1_sha512,True,t13d1516h2,8daaf6152771,02713d6af862,t,13,d,15,16,h2,"1:65536;2:0;4:6291456;6:262144|15663105|1:1:0:256,3:1:0:220,5:1:0:256,7:1:5:110,9:1:5:110,11:1:9:110,13:1:0:256,15:1:13:110,17:1:15:110,19:1:17:110,21:1:0:256,23:1:21:110,25:1:23:110,27:1:25:110,29:1:0:110,31:1:0:256,33:1:31:110,35:1:33:110,37:1:0:256,39:1:37:110,41:1:39:110,43:1:41:110,45:1:0:256,47:1:45:110,49:1:47:110,51:1:49:110|m,a,s,p",1:65536;2:0;4:6291456;6:262144,15663105.0,"1:1:0:256,3:1:0:220,5:1:0:256,7:1:5:110,9:1:5:110,11:1:9:110,13:1:0:256,15:1:13:110,17:1:15:110,19:1:17:110,21:1:0:256,23:1:21:110,25:1:23:110,27:1:25:110,29:1:0:110,31:1:0:256,33:1:31:110,35:1:33:110,37:1:0:256,39:1:37:110,41:1:39:110,43:1:41:110,45:1:0:256,47:1:45:110,49:1:47:110,51:1:49:110","m,a,s,p",26.0,65536.0,0.0,,6291456.0,,262144.0,":method,:authority,:scheme,:path"
trial-008,26cb185a-678f-490e-a48f-ced1c5ad9db0,2026-04-19 17:29:20.046084375+00:00,172.70.251.176,GET,/wp-admin/setup-config.php,HTTP/2.0,0.179,TLS 1.3,h2,TLS_AES_128_GCM_SHA256,uxbehaviorsuite.com,True,1449472ba4c4ddb602762f628f080be4,t13d1412h2_e33ad33b3d25_6b314db333b6,"h2,http/1.1",h2,2,True,True,0.0,h2_first,"772,771,770,769","TLS 1.3,TLS 1.2,TLS 1.1,TLS 1.0",4,False,True,True,True,,TLS1.3+TLS1.2+TLS1.1+TLS1.0,True,14,False,,"4865,4866,4867,49195,49196,49199,49200,49171,49192,156,157,47,53,10",TLS_AES_128_GCM_SHA256_TLS_AES_256_GCM_SHA384_TLS_CHACHA20_POLY1305_SHA256_ECDHE-ECDSA-AES128-GCM_ECDHE-ECDSA-AES256-GCM_ECDHE-RSA-AES128-GCM_ECDHE-RSA-AES256-GCM_ECDHE-RSA-AES128-CBC_49192_RSA-AES128-GCM_RSA-AES256-GCM_RSA-AES128-CBC_RSA-AES256-CBC_10,7,False,,"29,23,24,25,4588,25497,65074",x25519_secp256r1_secp384r1_secp521r1_X25519MLKEM768_x25519Kyber768_65074,10,False,,"1027,2052,1025,1283,2053,1281,2054,1537,513,1539",ecdsa_secp256r1_sha256_rsa_pss_rsae_sha256_rsa_pkcs1_sha256_ecdsa_secp384r1_sha384_rsa_pss_rsae_sha384_rsa_pkcs1_sha384_rsa_pss_rsae_sha512_rsa_pkcs1_sha512_513_1539,True,t13d1412h2,e33ad33b3d25,6b314db333b6,t,13,d,14,12,h2,"2:0;3:1;4:8388608;5:65536|8323073|0|m,s,a,p",2:0;3:1;4:8388608;5:65536,8323073.0,0,"m,s,a,p",1.0,,0.0,1.0,8388608.0,65536.0,,":method,:scheme,:authority,:path"
trial-009,096d7b96-244c-4c43-8d77-a6bb985ec816,2026-04-19 17:35:16.799569417+00:00,205.172.168.145,GET,/subscribe-v1.html,HTTP/2.0,0.33,TLS 1.3,h2,TLS_AES_128_GCM_SHA256,uxbehaviorsuite.com,True,1a9e2e7445d976bf152fc0a97e301ac0,t13d1516h2_8daaf6152771_02713d6af862,"h2,http/1.1",h2,2,True,True,0.0,h2_first,"2570,772,771","TLS 1.3,TLS 1.2",2,True,True,True,False,0.0,TLS1.3+TLS1.2,True,15,True,0.0,"2570,4865,4866,4867,49195,49199,49196,49200,52393,52392,49171,49172,156,157,47,53",TLS_AES_128_GCM_SHA256_TLS_AES_256_GCM_SHA384_TLS_CHACHA20_POLY1305_SHA256_ECDHE-ECDSA-AES128-GCM_ECDHE-RSA-AES128-GCM_ECDHE-ECDSA-AES256-GCM_ECDHE-RSA-AES256-GCM_ECDHE-ECDSA-CHACHA20_ECDHE-RSA-CHACHA20_ECDHE-RSA-AES128-CBC_ECDHE-RSA-AES256-CBC_RSA-AES128-GCM_RSA-AES256-GCM_RSA-AES128-CBC_RSA-AES256-CBC,4,True,0.0,"2570,25497,29,23,24",x25519Kyber768_x25519_secp256r1_secp384r1,8,False,,"1027,2052,1025,1283,2053,1281,2054,1537",ecdsa_secp256r1_sha256_rsa_pss_rsae_sha256_rsa_pkcs1_sha256_ecdsa_secp384r1_sha384_rsa_pss_rsae_sha384_rsa_pkcs1_sha384_rsa_pss_rsae_sha512_rsa_pkcs1_sha512,True,t13d1516h2,8daaf6152771,02713d6af862,t,13,d,15,16,h2,"1:65536;2:0;4:6291456;6:262144|15663105|1:1:0:256|m,a,s,p",1:65536;2:0;4:6291456;6:262144,15663105.0,1:1:0:256,"m,a,s,p",1.0,65536.0,0.0,,6291456.0,,262144.0,":method,:authority,:scheme,:path"
trial-009,8879068e-b328-4494-b8d5-7edc49ef80aa,2026-04-19 17:35:16.847138608+00:00,205.172.168.145,GET,/logger.js,HTTP/2.0,0.292,TLS 1.3,h2,TLS_AES_128_GCM_SHA256,uxbehaviorsuite.com,True,1a9e2e7445d976bf152fc0a97e301ac0,t13d1516h2_8daaf6152771_02713d6af862,"h2,http/1.1",h2,2,True,True,0.0,h2_first,"2570,772,771","TLS 1.3,TLS 1.2",2,True,True,True,False,0.0,TLS1.3+TLS1.2,True,15,True,0.0,"2570,4865,4866,4867,49195,49199,49196,49200,52393,52392,49171,49172,156,157,47,53",TLS_AES_128_GCM_SHA256_TLS_AES_256_GCM_SHA384_TLS_CHACHA20_POLY1305_SHA256_ECDHE-ECDSA-AES128-GCM_ECDHE-RSA-AES128-GCM_ECDHE-ECDSA-AES256-GCM_ECDHE-RSA-AES256-GCM_ECDHE-ECDSA-CHACHA20_ECDHE-RSA-CHACHA20_ECDHE-RSA-AES128-CBC_ECDHE-RSA-AES256-CBC_RSA-AES128-GCM_RSA-AES256-GCM_RSA-AES128-CBC_RSA-AES256-CBC,4,True,0.0,"2570,25497,29,23,24",x25519Kyber768_x25519_secp256r1_secp384r1,8,False,,"1027,2052,1025,1283,2053,1281,2054,1537",ecdsa_secp256r1_sha256_rsa_pss_rsae_sha256_rsa_pkcs1_sha256_ecdsa_secp384r1_sha384_rsa_pss_rsae_sha384_rsa_pkcs1_sha384_rsa_pss_rsae_sha512_rsa_pkcs1_sha512,True,t13d1516h2,8daaf6152771,02713d6af862,t,13,d,15,16,h2,"1:65536;2:0;4:6291456;6:262144|15663105|1:1:0:256,3:1:0:220|m,a,s,p",1:65536;2:0;4:6291456;6:262144,15663105.0,"1:1:0:256,3:1:0:220","m,a,s,p",2.0,65536.0,0.0,,6291456.0,,262144.0,":method,:authority,:scheme,:path"
trial-009,1a1b110b-11a0-4f7a-892b-4fde3ecacc42,2026-04-19 17:36:22.583979656+00:00,205.172.168.145,GET,/subscribe-v2.html,HTTP/2.0,0.722,TLS 1.3,h2,TLS_AES_128_GCM_SHA256,uxbehaviorsuite.com,True,1a9e2e7445d976bf152fc0a97e301ac0,t13d1516h2_8daaf6152771_02713d6af862,"h2,http/1.1",h2,2,True,True,0.0,h2_first,"2570,772,771","TLS 1.3,TLS 1.2",2,True,True,True,False,0.0,TLS1.3+TLS1.2,True,15,True,0.0,"2570,4865,4866,4867,49195,49199,49196,49200,52393,52392,49171,49172,156,157,47,53",TLS_AES_128_GCM_SHA256_TLS_AES_256_GCM_SHA384_TLS_CHACHA20_POLY1305_SHA256_ECDHE-ECDSA-AES128-GCM_ECDHE-RSA-AES128-GCM_ECDHE-ECDSA-AES256-GCM_ECDHE-RSA-AES256-GCM_ECDHE-ECDSA-CHACHA20_ECDHE-RSA-CHACHA20_ECDHE-RSA-AES128-CBC_ECDHE-RSA-AES256-CBC_RSA-AES128-GCM_RSA-AES256-GCM_RSA-AES128-CBC_RSA-AES256-CBC,4,True,0.0,"2570,25497,29,23,24",x25519Kyber768_x25519_secp256r1_secp384r1,8,False,,"1027,2052,1025,1283,2053,1281,2054,1537",ecdsa_secp256r1_sha256_rsa_pss_rsae_sha256_rsa_pkcs1_sha256_ecdsa_secp384r1_sha384_rsa_pss_rsae_sha384_rsa_pkcs1_sha384_rsa_pss_rsae_sha512_rsa_pkcs1_sha512,True,t13d1516h2,8daaf6152771,02713d6af862,t,13,d,15,16,h2,"1:65536;2:0;4:6291456;6:262144|15663105|1:1:0:256,3:1:0:220,5:1:0:256,7:1:5:110|m,a,s,p",1:65536;2:0;4:6291456;6:262144,15663105.0,"1:1:0:256,3:1:0:220,5:1:0:256,7:1:5:110","m,a,s,p",4.0,65536.0,0.0,,6291456.0,,262144.0,":method,:authority,:scheme,:path"
trial-009,e0dde8d1-a2dc-4090-9fba-9119d166d42f,2026-04-19 17:36:22.584148633+00:00,205.172.168.145,POST,/collect,HTTP/2.0,0.97,TLS 1.3,h2,TLS_AES_128_GCM_SHA256,uxbehaviorsuite.com,True,1a9e2e7445d976bf152fc0a97e301ac0,t13d1516h2_8daaf6152771_02713d6af862,"h2,http/1.1",h2,2,True,True,0.0,h2_first,"2570,772,771","TLS 1.3,TLS 1.2",2,True,True,True,False,0.0,TLS1.3+TLS1.2,True,15,True,0.0,"2570,4865,4866,4867,49195,49199,49196,49200,52393,52392,49171,49172,156,157,47,53",TLS_AES_128_GCM_SHA256_TLS_AES_256_GCM_SHA384_TLS_CHACHA20_POLY1305_SHA256_ECDHE-ECDSA-AES128-GCM_ECDHE-RSA-AES128-GCM_ECDHE-ECDSA-AES256-GCM_ECDHE-RSA-AES256-GCM_ECDHE-ECDSA-CHACHA20_ECDHE-RSA-CHACHA20_ECDHE-RSA-AES128-CBC_ECDHE-RSA-AES256-CBC_RSA-AES128-GCM_RSA-AES256-GCM_RSA-AES128-CBC_RSA-AES256-CBC,4,True,0.0,"2570,25497,29,23,24",x25519Kyber768_x25519_secp256r1_secp384r1,8,False,,"1027,2052,1025,1283,2053,1281,2054,1537",ecdsa_secp256r1_sha256_rsa_pss_rsae_sha256_rsa_pkcs1_sha256_ecdsa_secp384r1_sha384_rsa_pss_rsae_sha384_rsa_pkcs1_sha384_rsa_pss_rsae_sha512_rsa_pkcs1_sha512,True,t13d1516h2,8daaf6152771,02713d6af862,t,13,d,15,16,h2,"1:65536;2:0;4:6291456;6:262144|15663105|1:1:0:256,3:1:0:220,5:1:0:256,7:1:5:110|m,a,s,p",1:65536;2:0;4:6291456;6:262144,15663105.0,"1:1:0:256,3:1:0:220,5:1:0:256,7:1:5:110","m,a,s,p",4.0,65536.0,0.0,,6291456.0,,262144.0,":method,:authority,:scheme,:path"
trial-009,5d7702ab-35de-4d22-9622-fa4be21690ff,2026-04-19 17:36:22.608179805+00:00,205.172.168.145,POST,/collect,HTTP/2.0,0.273,TLS 1.3,h2,TLS_AES_128_GCM_SHA256,uxbehaviorsuite.com,True,1a9e2e7445d976bf152fc0a97e301ac0,t13d1516h2_8daaf6152771_02713d6af862,"h2,http/1.1",h2,2,True,True,0.0,h2_first,"2570,772,771","TLS 1.3,TLS 1.2",2,True,True,True,False,0.0,TLS1.3+TLS1.2,True,15,True,0.0,"2570,4865,4866,4867,49195,49199,49196,49200,52393,52392,49171,49172,156,157,47,53",TLS_AES_128_GCM_SHA256_TLS_AES_256_GCM_SHA384_TLS_CHACHA20_POLY1305_SHA256_ECDHE-ECDSA-AES128-GCM_ECDHE-RSA-AES128-GCM_ECDHE-ECDSA-AES256-GCM_ECDHE-RSA-AES256-GCM_ECDHE-ECDSA-CHACHA20_ECDHE-RSA-CHACHA20_ECDHE-RSA-AES128-CBC_ECDHE-RSA-AES256-CBC_RSA-AES128-GCM_RSA-AES256-GCM_RSA-AES128-CBC_RSA-AES256-CBC,4,True,0.0,"2570,25497,29,23,24",x25519Kyber768_x25519_secp256r1_secp384r1,8,False,,"1027,2052,1025,1283,2053,1281,2054,1537",ecdsa_secp256r1_sha256_rsa_pss_rsae_sha256_rsa_pkcs1_sha256_ecdsa_secp384r1_sha384_rsa_pss_rsae_sha384_rsa_pkcs1_sha384_rsa_pss_rsae_sha512_rsa_pkcs1_sha512,True,t13d1516h2,8daaf6152771,02713d6af862,t,13,d,15,16,h2,"1:65536;2:0;4:6291456;6:262144|15663105|1:1:0:256,3:1:0:220,5:1:0:256,7:1:5:110,9:1:7:110|m,a,s,p",1:65536;2:0;4:6291456;6:262144,15663105.0,"1:1:0:256,3:1:0:220,5:1:0:256,7:1:5:110,9:1:7:110","m,a,s,p",5.0,65536.0,0.0,,6291456.0,,262144.0,":method,:authority,:scheme,:path"
trial-009,181d418c-248f-4f9d-a5d9-c6aac6dcc466,2026-04-19 17:36:22.609915046+00:00,205.172.168.145,POST,/collect,HTTP/2.0,0.305,TLS 1.3,h2,TLS_AES_128_GCM_SHA256,uxbehaviorsuite.com,True,1a9e2e7445d976bf152fc0a97e301ac0,t13d1516h2_8daaf6152771_02713d6af862,"h2,http/1.1",h2,2,True,True,0.0,h2_first,"2570,772,771","TLS 1.3,TLS 1.2",2,True,True,True,False,0.0,TLS1.3+TLS1.2,True,15,True,0.0,"2570,4865,4866,4867,49195,49199,49196,49200,52393,52392,49171,49172,156,157,47,53",TLS_AES_128_GCM_SHA256_TLS_AES_256_GCM_SHA384_TLS_CHACHA20_POLY1305_SHA256_ECDHE-ECDSA-AES128-GCM_ECDHE-RSA-AES128-GCM_ECDHE-ECDSA-AES256-GCM_ECDHE-RSA-AES256-GCM_ECDHE-ECDSA-CHACHA20_ECDHE-RSA-CHACHA20_ECDHE-RSA-AES128-CBC_ECDHE-RSA-AES256-CBC_RSA-AES128-GCM_RSA-AES256-GCM_RSA-AES128-CBC_RSA-AES256-CBC,4,True,0.0,"2570,25497,29,23,24",x25519Kyber768_x25519_secp256r1_secp384r1,8,False,,"1027,2052,1025,1283,2053,1281,2054,1537",ecdsa_secp256r1_sha256_rsa_pss_rsae_sha256_rsa_pkcs1_sha256_ecdsa_secp384r1_sha384_rsa_pss_rsae_sha384_rsa_pkcs1_sha384_rsa_pss_rsae_sha512_rsa_pkcs1_sha512,True,t13d1516h2,8daaf6152771,02713d6af862,t,13,d,15,16,h2,"1:65536;2:0;4:6291456;6:262144|15663105|1:1:0:256,3:1:0:220,5:1:0:256,7:1:5:110,9:1:7:110,11:1:9:110|m,a,s,p",1:65536;2:0;4:6291456;6:262144,15663105.0,"1:1:0:256,3:1:0:220,5:1:0:256,7:1:5:110,9:1:7:110,11:1:9:110","m,a,s,p",6.0,65536.0,0.0,,6291456.0,,262144.0,":method,:authority,:scheme,:path"
trial-009,9d243cff-5a04-424c-8572-376405f2a2b5,2026-04-19 17:37:26.943734602+00:00,205.172.168.145,GET,/subscribe-v3.html,HTTP/2.0,0.542,TLS 1.3,h2,TLS_AES_128_GCM_SHA256,uxbehaviorsuite.com,True,1a9e2e7445d976bf152fc0a97e301ac0,t13d1516h2_8daaf6152771_02713d6af862,"h2,http/1.1",h2,2,True,True,0.0,h2_first,"2570,772,771","TLS 1.3,TLS 1.2",2,True,True,True,False,0.0,TLS1.3+TLS1.2,True,15,True,0.0,"2570,4865,4866,4867,49195,49199,49196,49200,52393,52392,49171,49172,156,157,47,53",TLS_AES_128_GCM_SHA256_TLS_AES_256_GCM_SHA384_TLS_CHACHA20_POLY1305_SHA256_ECDHE-ECDSA-AES128-GCM_ECDHE-RSA-AES128-GCM_ECDHE-ECDSA-AES256-GCM_ECDHE-RSA-AES256-GCM_ECDHE-ECDSA-CHACHA20_ECDHE-RSA-CHACHA20_ECDHE-RSA-AES128-CBC_ECDHE-RSA-AES256-CBC_RSA-AES128-GCM_RSA-AES256-GCM_RSA-AES128-CBC_RSA-AES256-CBC,4,True,0.0,"2570,25497,29,23,24",x25519Kyber768_x25519_secp256r1_secp384r1,8,False,,"1027,2052,1025,1283,2053,1281,2054,1537",ecdsa_secp256r1_sha256_rsa_pss_rsae_sha256_rsa_pkcs1_sha256_ecdsa_secp384r1_sha384_rsa_pss_rsae_sha384_rsa_pkcs1_sha384_rsa_pss_rsae_sha512_rsa_pkcs1_sha512,True,t13d1516h2,8daaf6152771,02713d6af862,t,13,d,15,16,h2,"1:65536;2:0;4:6291456;6:262144|15663105|1:1:0:256,3:1:0:220,5:1:0:256,7:1:5:110,9:1:7:110,11:1:9:110,13:1:0:256,15:1:13:110|m,a,s,p",1:65536;2:0;4:6291456;6:262144,15663105.0,"1:1:0:256,3:1:0:220,5:1:0:256,7:1:5:110,9:1:7:110,11:1:9:110,13:1:0:256,15:1:13:110","m,a,s,p",8.0,65536.0,0.0,,6291456.0,,262144.0,":method,:authority,:scheme,:path"
trial-009,53b3944b-1012-49db-9428-5e69c0bbcce7,2026-04-19 17:37:26.943844308+00:00,205.172.168.145,POST,/collect,HTTP/2.0,0.399,TLS 1.3,h2,TLS_AES_128_GCM_SHA256,uxbehaviorsuite.com,True,1a9e2e7445d976bf152fc0a97e301ac0,t13d1516h2_8daaf6152771_02713d6af862,"h2,http/1.1",h2,2,True,True,0.0,h2_first,"2570,772,771","TLS 1.3,TLS 1.2",2,True,True,True,False,0.0,TLS1.3+TLS1.2,True,15,True,0.0,"2570,4865,4866,4867,49195,49199,49196,49200,52393,52392,49171,49172,156,157,47,53",TLS_AES_128_GCM_SHA256_TLS_AES_256_GCM_SHA384_TLS_CHACHA20_POLY1305_SHA256_ECDHE-ECDSA-AES128-GCM_ECDHE-RSA-AES128-GCM_ECDHE-ECDSA-AES256-GCM_ECDHE-RSA-AES256-GCM_ECDHE-ECDSA-CHACHA20_ECDHE-RSA-CHACHA20_ECDHE-RSA-AES128-CBC_ECDHE-RSA-AES256-CBC_RSA-AES128-GCM_RSA-AES256-GCM_RSA-AES128-CBC_RSA-AES256-CBC,4,True,0.0,"2570,25497,29,23,24",x25519Kyber768_x25519_secp256r1_secp384r1,8,False,,"1027,2052,1025,1283,2053,1281,2054,1537",ecdsa_secp256r1_sha256_rsa_pss_rsae_sha256_rsa_pkcs1_sha256_ecdsa_secp384r1_sha384_rsa_pss_rsae_sha384_rsa_pkcs1_sha384_rsa_pss_rsae_sha512_rsa_pkcs1_sha512,True,t13d1516h2,8daaf6152771,02713d6af862,t,13,d,15,16,h2,"1:65536;2:0;4:6291456;6:262144|15663105|1:1:0:256,3:1:0:220,5:1:0:256,7:1:5:110,9:1:7:110,11:1:9:110,13:1:0:256,15:1:13:110|m,a,s,p",1:65536;2:0;4:6291456;6:262144,15663105.0,"1:1:0:256,3:1:0:220,5:1:0:256,7:1:5:110,9:1:7:110,11:1:9:110,13:1:0:256,15:1:13:110","m,a,s,p",8.0,65536.0,0.0,,6291456.0,,262144.0,":method,:authority,:scheme,:path"
trial-009,4202a2bc-486c-4115-a4a3-2ea5ebd5a6e9,2026-04-19 17:37:26.965596159+00:00,205.172.168.145,POST,/collect,HTTP/2.0,0.23,TLS 1.3,h2,TLS_AES_128_GCM_SHA256,uxbehaviorsuite.com,True,1a9e2e7445d976bf152fc0a97e301ac0,t13d1516h2_8daaf6152771_02713d6af862,"h2,http/1.1",h2,2,True,True,0.0,h2_first,"2570,772,771","TLS 1.3,TLS 1.2",2,True,True,True,False,0.0,TLS1.3+TLS1.2,True,15,True,0.0,"2570,4865,4866,4867,49195,49199,49196,49200,52393,52392,49171,49172,156,157,47,53",TLS_AES_128_GCM_SHA256_TLS_AES_256_GCM_SHA384_TLS_CHACHA20_POLY1305_SHA256_ECDHE-ECDSA-AES128-GCM_ECDHE-RSA-AES128-GCM_ECDHE-ECDSA-AES256-GCM_ECDHE-RSA-AES256-GCM_ECDHE-ECDSA-CHACHA20_ECDHE-RSA-CHACHA20_ECDHE-RSA-AES128-CBC_ECDHE-RSA-AES256-CBC_RSA-AES128-GCM_RSA-AES256-GCM_RSA-AES128-CBC_RSA-AES256-CBC,4,True,0.0,"2570,25497,29,23,24",x25519Kyber768_x25519_secp256r1_secp384r1,8,False,,"1027,2052,1025,1283,2053,1281,2054,1537",ecdsa_secp256r1_sha256_rsa_pss_rsae_sha256_rsa_pkcs1_sha256_ecdsa_secp384r1_sha384_rsa_pss_rsae_sha384_rsa_pkcs1_sha384_rsa_pss_rsae_sha512_rsa_pkcs1_sha512,True,t13d1516h2,8daaf6152771,02713d6af862,t,13,d,15,16,h2,"1:65536;2:0;4:6291456;6:262144|15663105|1:1:0:256,3:1:0:220,5:1:0:256,7:1:5:110,9:1:7:110,11:1:9:110,13:1:0:256,15:1:13:110,17:1:15:110|m,a,s,p",1:65536;2:0;4:6291456;6:262144,15663105.0,"1:1:0:256,3:1:0:220,5:1:0:256,7:1:5:110,9:1:7:110,11:1:9:110,13:1:0:256,15:1:13:110,17:1:15:110","m,a,s,p",9.0,65536.0,0.0,,6291456.0,,262144.0,":method,:authority,:scheme,:path"
trial-009,7989b310-a99d-4636-b50a-df58fb549dba,2026-04-19 17:37:26.968314883+00:00,205.172.168.145,POST,/collect,HTTP/2.0,0.194,TLS 1.3,h2,TLS_AES_128_GCM_SHA256,uxbehaviorsuite.com,True,1a9e2e7445d976bf152fc0a97e301ac0,t13d1516h2_8daaf6152771_02713d6af862,"h2,http/1.1",h2,2,True,True,0.0,h2_first,"2570,772,771","TLS 1.3,TLS 1.2",2,True,True,True,False,0.0,TLS1.3+TLS1.2,True,15,True,0.0,"2570,4865,4866,4867,49195,49199,49196,49200,52393,52392,49171,49172,156,157,47,53",TLS_AES_128_GCM_SHA256_TLS_AES_256_GCM_SHA384_TLS_CHACHA20_POLY1305_SHA256_ECDHE-ECDSA-AES128-GCM_ECDHE-RSA-AES128-GCM_ECDHE-ECDSA-AES256-GCM_ECDHE-RSA-AES256-GCM_ECDHE-ECDSA-CHACHA20_ECDHE-RSA-CHACHA20_ECDHE-RSA-AES128-CBC_ECDHE-RSA-AES256-CBC_RSA-AES128-GCM_RSA-AES256-GCM_RSA-AES128-CBC_RSA-AES256-CBC,4,True,0.0,"2570,25497,29,23,24",x25519Kyber768_x25519_secp256r1_secp384r1,8,False,,"1027,2052,1025,1283,2053,1281,2054,1537",ecdsa_secp256r1_sha256_rsa_pss_rsae_sha256_rsa_pkcs1_sha256_ecdsa_secp384r1_sha384_rsa_pss_rsae_sha384_rsa_pkcs1_sha384_rsa_pss_rsae_sha512_rsa_pkcs1_sha512,True,t13d1516h2,8daaf6152771,02713d6af862,t,13,d,15,16,h2,"1:65536;2:0;4:6291456;6:262144|15663105|1:1:0:256,3:1:0:220,5:1:0:256,7:1:5:110,9:1:7:110,11:1:9:110,13:1:0:256,15:1:13:110,17:1:15:110,19:1:17:110|m,a,s,p",1:65536;2:0;4:6291456;6:262144,15663105.0,"1:1:0:256,3:1:0:220,5:1:0:256,7:1:5:110,9:1:7:110,11:1:9:110,13:1:0:256,15:1:13:110,17:1:15:110,19:1:17:110","m,a,s,p",10.0,65536.0,0.0,,6291456.0,,262144.0,":method,:authority,:scheme,:path"
trial-009,89c358d3-6f49-4dec-a7b9-5b2cd06c1fe0,2026-04-19 17:38:18.579290319+00:00,205.172.168.145,GET,/s2-scroll-gate.html,HTTP/2.0,0.934,TLS 1.3,h2,TLS_AES_128_GCM_SHA256,uxbehaviorsuite.com,True,1a9e2e7445d976bf152fc0a97e301ac0,t13d1516h2_8daaf6152771_02713d6af862,"h2,http/1.1",h2,2,True,True,0.0,h2_first,"2570,772,771","TLS 1.3,TLS 1.2",2,True,True,True,False,0.0,TLS1.3+TLS1.2,True,15,True,0.0,"2570,4865,4866,4867,49195,49199,49196,49200,52393,52392,49171,49172,156,157,47,53",TLS_AES_128_GCM_SHA256_TLS_AES_256_GCM_SHA384_TLS_CHACHA20_POLY1305_SHA256_ECDHE-ECDSA-AES128-GCM_ECDHE-RSA-AES128-GCM_ECDHE-ECDSA-AES256-GCM_ECDHE-RSA-AES256-GCM_ECDHE-ECDSA-CHACHA20_ECDHE-RSA-CHACHA20_ECDHE-RSA-AES128-CBC_ECDHE-RSA-AES256-CBC_RSA-AES128-GCM_RSA-AES256-GCM_RSA-AES128-CBC_RSA-AES256-CBC,4,True,0.0,"2570,25497,29,23,24",x25519Kyber768_x25519_secp256r1_secp384r1,8,False,,"1027,2052,1025,1283,2053,1281,2054,1537",ecdsa_secp256r1_sha256_rsa_pss_rsae_sha256_rsa_pkcs1_sha256_ecdsa_secp384r1_sha384_rsa_pss_rsae_sha384_rsa_pkcs1_sha384_rsa_pss_rsae_sha512_rsa_pkcs1_sha512,True,t13d1516h2,8daaf6152771,02713d6af862,t,13,d,15,16,h2,"1:65536;2:0;4:6291456;6:262144|15663105|1:1:0:256,3:1:0:220,5:1:0:256,7:1:5:110,9:1:7:110,11:1:9:110,13:1:0:256,15:1:13:110,17:1:15:110,19:1:17:110,21:1:0:256|m,a,s,p",1:65536;2:0;4:6291456;6:262144,15663105.0,"1:1:0:256,3:1:0:220,5:1:0:256,7:1:5:110,9:1:7:110,11:1:9:110,13:1:0:256,15:1:13:110,17:1:15:110,19:1:17:110,21:1:0:256","m,a,s,p",11.0,65536.0,0.0,,6291456.0,,262144.0,":method,:authority,:scheme,:path"
trial-009,51d5fdf3-d27f-4bec-a92d-731db80ad3c4,2026-04-19 17:38:18.580567774+00:00,205.172.168.145,POST,/collect,HTTP/2.0,0.288,TLS 1.3,h2,TLS_AES_128_GCM_SHA256,uxbehaviorsuite.com,True,1a9e2e7445d976bf152fc0a97e301ac0,t13d1516h2_8daaf6152771_02713d6af862,"h2,http/1.1",h2,2,True,True,0.0,h2_first,"2570,772,771","TLS 1.3,TLS 1.2",2,True,True,True,False,0.0,TLS1.3+TLS1.2,True,15,True,0.0,"2570,4865,4866,4867,49195,49199,49196,49200,52393,52392,49171,49172,156,157,47,53",TLS_AES_128_GCM_SHA256_TLS_AES_256_GCM_SHA384_TLS_CHACHA20_POLY1305_SHA256_ECDHE-ECDSA-AES128-GCM_ECDHE-RSA-AES128-GCM_ECDHE-ECDSA-AES256-GCM_ECDHE-RSA-AES256-GCM_ECDHE-ECDSA-CHACHA20_ECDHE-RSA-CHACHA20_ECDHE-RSA-AES128-CBC_ECDHE-RSA-AES256-CBC_RSA-AES128-GCM_RSA-AES256-GCM_RSA-AES128-CBC_RSA-AES256-CBC,4,True,0.0,"2570,25497,29,23,24",x25519Kyber768_x25519_secp256r1_secp384r1,8,False,,"1027,2052,1025,1283,2053,1281,2054,1537",ecdsa_secp256r1_sha256_rsa_pss_rsae_sha256_rsa_pkcs1_sha256_ecdsa_secp384r1_sha384_rsa_pss_rsae_sha384_rsa_pkcs1_sha384_rsa_pss_rsae_sha512_rsa_pkcs1_sha512,True,t13d1516h2,8daaf6152771,02713d6af862,t,13,d,15,16,h2,"1:65536;2:0;4:6291456;6:262144|15663105|1:1:0:256,3:1:0:220,5:1:0:256,7:1:5:110,9:1:7:110,11:1:9:110,13:1:0:256,15:1:13:110,17:1:15:110,19:1:17:110,21:1:0:256,23:1:21:110|m,a,s,p",1:65536;2:0;4:6291456;6:262144,15663105.0,"1:1:0:256,3:1:0:220,5:1:0:256,7:1:5:110,9:1:7:110,11:1:9:110,13:1:0:256,15:1:13:110,17:1:15:110,19:1:17:110,21:1:0:256,23:1:21:110","m,a,s,p",12.0,65536.0,0.0,,6291456.0,,262144.0,":method,:authority,:scheme,:path"
trial-009,f04e790c-be46-42f1-9f36-ffca6dba1e87,2026-04-19 17:38:18.603497730+00:00,205.172.168.145,POST,/collect,HTTP/2.0,0.257,TLS 1.3,h2,TLS_AES_128_GCM_SHA256,uxbehaviorsuite.com,True,1a9e2e7445d976bf152fc0a97e301ac0,t13d1516h2_8daaf6152771_02713d6af862,"h2,http/1.1",h2,2,True,True,0.0,h2_first,"2570,772,771","TLS 1.3,TLS 1.2",2,True,True,True,False,0.0,TLS1.3+TLS1.2,True,15,True,0.0,"2570,4865,4866,4867,49195,49199,49196,49200,52393,52392,49171,49172,156,157,47,53",TLS_AES_128_GCM_SHA256_TLS_AES_256_GCM_SHA384_TLS_CHACHA20_POLY1305_SHA256_ECDHE-ECDSA-AES128-GCM_ECDHE-RSA-AES128-GCM_ECDHE-ECDSA-AES256-GCM_ECDHE-RSA-AES256-GCM_ECDHE-ECDSA-CHACHA20_ECDHE-RSA-CHACHA20_ECDHE-RSA-AES128-CBC_ECDHE-RSA-AES256-CBC_RSA-AES128-GCM_RSA-AES256-GCM_RSA-AES128-CBC_RSA-AES256-CBC,4,True,0.0,"2570,25497,29,23,24",x25519Kyber768_x25519_secp256r1_secp384r1,8,False,,"1027,2052,1025,1283,2053,1281,2054,1537",ecdsa_secp256r1_sha256_rsa_pss_rsae_sha256_rsa_pkcs1_sha256_ecdsa_secp384r1_sha384_rsa_pss_rsae_sha384_rsa_pkcs1_sha384_rsa_pss_rsae_sha512_rsa_pkcs1_sha512,True,t13d1516h2,8daaf6152771,02713d6af862,t,13,d,15,16,h2,"1:65536;2:0;4:6291456;6:262144|15663105|1:1:0:256,3:1:0:220,5:1:0:256,7:1:5:110,9:1:7:110,11:1:9:110,13:1:0:256,15:1:13:110,17:1:15:110,19:1:17:110,21:1:0:256,23:1:21:110,25:1:23:110|m,a,s,p",1:65536;2:0;4:6291456;6:262144,15663105.0,"1:1:0:256,3:1:0:220,5:1:0:256,7:1:5:110,9:1:7:110,11:1:9:110,13:1:0:256,15:1:13:110,17:1:15:110,19:1:17:110,21:1:0:256,23:1:21:110,25:1:23:110","m,a,s,p",13.0,65536.0,0.0,,6291456.0,,262144.0,":method,:authority,:scheme,:path"
trial-009,7f2d32ca-dc74-417f-ae0f-355756c0390a,2026-04-19 17:38:18.605816067+00:00,205.172.168.145,POST,/collect,HTTP/2.0,0.191,TLS 1.3,h2,TLS_AES_128_GCM_SHA256,uxbehaviorsuite.com,True,1a9e2e7445d976bf152fc0a97e301ac0,t13d1516h2_8daaf6152771_02713d6af862,"h2,http/1.1",h2,2,True,True,0.0,h2_first,"2570,772,771","TLS 1.3,TLS 1.2",2,True,True,True,False,0.0,TLS1.3+TLS1.2,True,15,True,0.0,"2570,4865,4866,4867,49195,49199,49196,49200,52393,52392,49171,49172,156,157,47,53",TLS_AES_128_GCM_SHA256_TLS_AES_256_GCM_SHA384_TLS_CHACHA20_POLY1305_SHA256_ECDHE-ECDSA-AES128-GCM_ECDHE-RSA-AES128-GCM_ECDHE-ECDSA-AES256-GCM_ECDHE-RSA-AES256-GCM_ECDHE-ECDSA-CHACHA20_ECDHE-RSA-CHACHA20_ECDHE-RSA-AES128-CBC_ECDHE-RSA-AES256-CBC_RSA-AES128-GCM_RSA-AES256-GCM_RSA-AES128-CBC_RSA-AES256-CBC,4,True,0.0,"2570,25497,29,23,24",x25519Kyber768_x25519_secp256r1_secp384r1,8,False,,"1027,2052,1025,1283,2053,1281,2054,1537",ecdsa_secp256r1_sha256_rsa_pss_rsae_sha256_rsa_pkcs1_sha256_ecdsa_secp384r1_sha384_rsa_pss_rsae_sha384_rsa_pkcs1_sha384_rsa_pss_rsae_sha512_rsa_pkcs1_sha512,True,t13d1516h2,8daaf6152771,02713d6af862,t,13,d,15,16,h2,"1:65536;2:0;4:6291456;6:262144|15663105|1:1:0:256,3:1:0:220,5:1:0:256,7:1:5:110,9:1:7:110,11:1:9:110,13:1:0:256,15:1:13:110,17:1:15:110,19:1:17:110,21:1:0:256,23:1:21:110,25:1:23:110,27:1:25:110|m,a,s,p",1:65536;2:0;4:6291456;6:262144,15663105.0,"1:1:0:256,3:1:0:220,5:1:0:256,7:1:5:110,9:1:7:110,11:1:9:110,13:1:0:256,15:1:13:110,17:1:15:110,19:1:17:110,21:1:0:256,23:1:21:110,25:1:23:110,27:1:25:110","m,a,s,p",14.0,65536.0,0.0,,6291456.0,,262144.0,":method,:authority,:scheme,:path"
trial-009,f242c15c-de8e-49b0-a980-ab2c2922395d,2026-04-19 17:39:05.106239866+00:00,205.172.168.145,GET,/s3-hover-reveal.html,HTTP/2.0,0.309,TLS 1.3,h2,TLS_AES_128_GCM_SHA256,uxbehaviorsuite.com,True,1a9e2e7445d976bf152fc0a97e301ac0,t13d1516h2_8daaf6152771_02713d6af862,"h2,http/1.1",h2,2,True,True,0.0,h2_first,"2570,772,771","TLS 1.3,TLS 1.2",2,True,True,True,False,0.0,TLS1.3+TLS1.2,True,15,True,0.0,"2570,4865,4866,4867,49195,49199,49196,49200,52393,52392,49171,49172,156,157,47,53",TLS_AES_128_GCM_SHA256_TLS_AES_256_GCM_SHA384_TLS_CHACHA20_POLY1305_SHA256_ECDHE-ECDSA-AES128-GCM_ECDHE-RSA-AES128-GCM_ECDHE-ECDSA-AES256-GCM_ECDHE-RSA-AES256-GCM_ECDHE-ECDSA-CHACHA20_ECDHE-RSA-CHACHA20_ECDHE-RSA-AES128-CBC_ECDHE-RSA-AES256-CBC_RSA-AES128-GCM_RSA-AES256-GCM_RSA-AES128-CBC_RSA-AES256-CBC,4,True,0.0,"2570,25497,29,23,24",x25519Kyber768_x25519_secp256r1_secp384r1,8,False,,"1027,2052,1025,1283,2053,1281,2054,1537",ecdsa_secp256r1_sha256_rsa_pss_rsae_sha256_rsa_pkcs1_sha256_ecdsa_secp384r1_sha384_rsa_pss_rsae_sha384_rsa_pkcs1_sha384_rsa_pss_rsae_sha512_rsa_pkcs1_sha512,True,t13d1516h2,8daaf6152771,02713d6af862,t,13,d,15,16,h2,"1:65536;2:0;4:6291456;6:262144|15663105|1:1:0:256,3:1:0:220,5:1:0:256,7:1:5:110,9:1:7:110,11:1:9:110,13:1:0:256,15:1:13:110,17:1:15:110,19:1:17:110,21:1:0:256,23:1:21:110,25:1:23:110,27:1:25:110,29:1:0:110,31:1:0:256|m,a,s,p",1:65536;2:0;4:6291456;6:262144,15663105.0,"1:1:0:256,3:1:0:220,5:1:0:256,7:1:5:110,9:1:7:110,11:1:9:110,13:1:0:256,15:1:13:110,17:1:15:110,19:1:17:110,21:1:0:256,23:1:21:110,25:1:23:110,27:1:25:110,29:1:0:110,31:1:0:256","m,a,s,p",16.0,65536.0,0.0,,6291456.0,,262144.0,":method,:authority,:scheme,:path"
trial-009,dd9a1979-3cf6-46f9-a71e-5e8537e71e0b,2026-04-19 17:39:05.126708127+00:00,205.172.168.145,POST,/collect,HTTP/2.0,0.196,TLS 1.3,h2,TLS_AES_128_GCM_SHA256,uxbehaviorsuite.com,True,1a9e2e7445d976bf152fc0a97e301ac0,t13d1516h2_8daaf6152771_02713d6af862,"h2,http/1.1",h2,2,True,True,0.0,h2_first,"2570,772,771","TLS 1.3,TLS 1.2",2,True,True,True,False,0.0,TLS1.3+TLS1.2,True,15,True,0.0,"2570,4865,4866,4867,49195,49199,49196,49200,52393,52392,49171,49172,156,157,47,53",TLS_AES_128_GCM_SHA256_TLS_AES_256_GCM_SHA384_TLS_CHACHA20_POLY1305_SHA256_ECDHE-ECDSA-AES128-GCM_ECDHE-RSA-AES128-GCM_ECDHE-ECDSA-AES256-GCM_ECDHE-RSA-AES256-GCM_ECDHE-ECDSA-CHACHA20_ECDHE-RSA-CHACHA20_ECDHE-RSA-AES128-CBC_ECDHE-RSA-AES256-CBC_RSA-AES128-GCM_RSA-AES256-GCM_RSA-AES128-CBC_RSA-AES256-CBC,4,True,0.0,"2570,25497,29,23,24",x25519Kyber768_x25519_secp256r1_secp384r1,8,False,,"1027,2052,1025,1283,2053,1281,2054,1537",ecdsa_secp256r1_sha256_rsa_pss_rsae_sha256_rsa_pkcs1_sha256_ecdsa_secp384r1_sha384_rsa_pss_rsae_sha384_rsa_pkcs1_sha384_rsa_pss_rsae_sha512_rsa_pkcs1_sha512,True,t13d1516h2,8daaf6152771,02713d6af862,t,13,d,15,16,h2,"1:65536;2:0;4:6291456;6:262144|15663105|1:1:0:256,3:1:0:220,5:1:0:256,7:1:5:110,9:1:7:110,11:1:9:110,13:1:0:256,15:1:13:110,17:1:15:110,19:1:17:110,21:1:0:256,23:1:21:110,25:1:23:110,27:1:25:110,29:1:0:110,31:1:0:256,33:1:0:110|m,a,s,p",1:65536;2:0;4:6291456;6:262144,15663105.0,"1:1:0:256,3:1:0:220,5:1:0:256,7:1:5:110,9:1:7:110,11:1:9:110,13:1:0:256,15:1:13:110,17:1:15:110,19:1:17:110,21:1:0:256,23:1:21:110,25:1:23:110,27:1:25:110,29:1:0:110,31:1:0:256,33:1:0:110","m,a,s,p",17.0,65536.0,0.0,,6291456.0,,262144.0,":method,:authority,:scheme,:path"
trial-009,0c3f0641-e5e6-46e6-a646-4ddc985c44a9,2026-04-19 17:39:05.127587863+00:00,205.172.168.145,POST,/collect,HTTP/2.0,0.224,TLS 1.3,h2,TLS_AES_128_GCM_SHA256,uxbehaviorsuite.com,True,1a9e2e7445d976bf152fc0a97e301ac0,t13d1516h2_8daaf6152771_02713d6af862,"h2,http/1.1",h2,2,True,True,0.0,h2_first,"2570,772,771","TLS 1.3,TLS 1.2",2,True,True,True,False,0.0,TLS1.3+TLS1.2,True,15,True,0.0,"2570,4865,4866,4867,49195,49199,49196,49200,52393,52392,49171,49172,156,157,47,53",TLS_AES_128_GCM_SHA256_TLS_AES_256_GCM_SHA384_TLS_CHACHA20_POLY1305_SHA256_ECDHE-ECDSA-AES128-GCM_ECDHE-RSA-AES128-GCM_ECDHE-ECDSA-AES256-GCM_ECDHE-RSA-AES256-GCM_ECDHE-ECDSA-CHACHA20_ECDHE-RSA-CHACHA20_ECDHE-RSA-AES128-CBC_ECDHE-RSA-AES256-CBC_RSA-AES128-GCM_RSA-AES256-GCM_RSA-AES128-CBC_RSA-AES256-CBC,4,True,0.0,"2570,25497,29,23,24",x25519Kyber768_x25519_secp256r1_secp384r1,8,False,,"1027,2052,1025,1283,2053,1281,2054,1537",ecdsa_secp256r1_sha256_rsa_pss_rsae_sha256_rsa_pkcs1_sha256_ecdsa_secp384r1_sha384_rsa_pss_rsae_sha384_rsa_pkcs1_sha384_rsa_pss_rsae_sha512_rsa_pkcs1_sha512,True,t13d1516h2,8daaf6152771,02713d6af862,t,13,d,15,16,h2,"1:65536;2:0;4:6291456;6:262144|15663105|1:1:0:256,3:1:0:220,5:1:0:256,7:1:5:110,9:1:7:110,11:1:9:110,13:1:0:256,15:1:13:110,17:1:15:110,19:1:17:110,21:1:0:256,23:1:21:110,25:1:23:110,27:1:25:110,29:1:0:110,31:1:0:256,33:1:0:110,35:1:33:110|m,a,s,p",1:65536;2:0;4:6291456;6:262144,15663105.0,"1:1:0:256,3:1:0:220,5:1:0:256,7:1:5:110,9:1:7:110,11:1:9:110,13:1:0:256,15:1:13:110,17:1:15:110,19:1:17:110,21:1:0:256,23:1:21:110,25:1:23:110,27:1:25:110,29:1:0:110,31:1:0:256,33:1:0:110,35:1:33:110","m,a,s,p",18.0,65536.0,0.0,,6291456.0,,262144.0,":method,:authority,:scheme,:path"
trial-009,ca57d217-a342-4569-97cf-c42762fd075b,2026-04-19 17:40:23.600306242+00:00,205.172.168.145,GET,/s4-dom-mismatch.html,HTTP/2.0,1.125,TLS 1.3,h2,TLS_AES_128_GCM_SHA256,uxbehaviorsuite.com,True,1a9e2e7445d976bf152fc0a97e301ac0,t13d1516h2_8daaf6152771_02713d6af862,"h2,http/1.1",h2,2,True,True,0.0,h2_first,"2570,772,771","TLS 1.3,TLS 1.2",2,True,True,True,False,0.0,TLS1.3+TLS1.2,True,15,True,0.0,"2570,4865,4866,4867,49195,49199,49196,49200,52393,52392,49171,49172,156,157,47,53",TLS_AES_128_GCM_SHA256_TLS_AES_256_GCM_SHA384_TLS_CHACHA20_POLY1305_SHA256_ECDHE-ECDSA-AES128-GCM_ECDHE-RSA-AES128-GCM_ECDHE-ECDSA-AES256-GCM_ECDHE-RSA-AES256-GCM_ECDHE-ECDSA-CHACHA20_ECDHE-RSA-CHACHA20_ECDHE-RSA-AES128-CBC_ECDHE-RSA-AES256-CBC_RSA-AES128-GCM_RSA-AES256-GCM_RSA-AES128-CBC_RSA-AES256-CBC,4,True,0.0,"2570,25497,29,23,24",x25519Kyber768_x25519_secp256r1_secp384r1,8,False,,"1027,2052,1025,1283,2053,1281,2054,1537",ecdsa_secp256r1_sha256_rsa_pss_rsae_sha256_rsa_pkcs1_sha256_ecdsa_secp384r1_sha384_rsa_pss_rsae_sha384_rsa_pkcs1_sha384_rsa_pss_rsae_sha512_rsa_pkcs1_sha512,True,t13d1516h2,8daaf6152771,02713d6af862,t,13,d,15,16,h2,"1:65536;2:0;4:6291456;6:262144|15663105|1:1:0:256,3:1:0:220,5:1:0:256,7:1:5:110,9:1:7:110,11:1:9:110,13:1:0:256,15:1:13:110,17:1:15:110,19:1:17:110,21:1:0:256,23:1:21:110,25:1:23:110,27:1:25:110,29:1:0:110,31:1:0:256,33:1:0:110,35:1:33:110,37:1:0:256,39:1:37:110|m,a,s,p",1:65536;2:0;4:6291456;6:262144,15663105.0,"1:1:0:256,3:1:0:220,5:1:0:256,7:1:5:110,9:1:7:110,11:1:9:110,13:1:0:256,15:1:13:110,17:1:15:110,19:1:17:110,21:1:0:256,23:1:21:110,25:1:23:110,27:1:25:110,29:1:0:110,31:1:0:256,33:1:0:110,35:1:33:110,37:1:0:256,39:1:37:110","m,a,s,p",20.0,65536.0,0.0,,6291456.0,,262144.0,":method,:authority,:scheme,:path"
trial-009,31b4ec28-1b4c-494c-be7d-c8ee50fea266,2026-04-19 17:40:23.600407655+00:00,205.172.168.145,POST,/collect,HTTP/2.0,0.78,TLS 1.3,h2,TLS_AES_128_GCM_SHA256,uxbehaviorsuite.com,True,1a9e2e7445d976bf152fc0a97e301ac0,t13d1516h2_8daaf6152771_02713d6af862,"h2,http/1.1",h2,2,True,True,0.0,h2_first,"2570,772,771","TLS 1.3,TLS 1.2",2,True,True,True,False,0.0,TLS1.3+TLS1.2,True,15,True,0.0,"2570,4865,4866,4867,49195,49199,49196,49200,52393,52392,49171,49172,156,157,47,53",TLS_AES_128_GCM_SHA256_TLS_AES_256_GCM_SHA384_TLS_CHACHA20_POLY1305_SHA256_ECDHE-ECDSA-AES128-GCM_ECDHE-RSA-AES128-GCM_ECDHE-ECDSA-AES256-GCM_ECDHE-RSA-AES256-GCM_ECDHE-ECDSA-CHACHA20_ECDHE-RSA-CHACHA20_ECDHE-RSA-AES128-CBC_ECDHE-RSA-AES256-CBC_RSA-AES128-GCM_RSA-AES256-GCM_RSA-AES128-CBC_RSA-AES256-CBC,4,True,0.0,"2570,25497,29,23,24",x25519Kyber768_x25519_secp256r1_secp384r1,8,False,,"1027,2052,1025,1283,2053,1281,2054,1537",ecdsa_secp256r1_sha256_rsa_pss_rsae_sha256_rsa_pkcs1_sha256_ecdsa_secp384r1_sha384_rsa_pss_rsae_sha384_rsa_pkcs1_sha384_rsa_pss_rsae_sha512_rsa_pkcs1_sha512,True,t13d1516h2,8daaf6152771,02713d6af862,t,13,d,15,16,h2,"1:65536;2:0;4:6291456;6:262144|15663105|1:1:0:256,3:1:0:220,5:1:0:256,7:1:5:110,9:1:7:110,11:1:9:110,13:1:0:256,15:1:13:110,17:1:15:110,19:1:17:110,21:1:0:256,23:1:21:110,25:1:23:110,27:1:25:110,29:1:0:110,31:1:0:256,33:1:0:110,35:1:33:110,37:1:0:256,39:1:37:110|m,a,s,p",1:65536;2:0;4:6291456;6:262144,15663105.0,"1:1:0:256,3:1:0:220,5:1:0:256,7:1:5:110,9:1:7:110,11:1:9:110,13:1:0:256,15:1:13:110,17:1:15:110,19:1:17:110,21:1:0:256,23:1:21:110,25:1:23:110,27:1:25:110,29:1:0:110,31:1:0:256,33:1:0:110,35:1:33:110,37:1:0:256,39:1:37:110","m,a,s,p",20.0,65536.0,0.0,,6291456.0,,262144.0,":method,:authority,:scheme,:path"
trial-009,b63ae0d1-fbd4-45ee-b2df-f8b9195ec62e,2026-04-19 17:40:23.623310827+00:00,205.172.168.145,POST,/collect,HTTP/2.0,0.225,TLS 1.3,h2,TLS_AES_128_GCM_SHA256,uxbehaviorsuite.com,True,1a9e2e7445d976bf152fc0a97e301ac0,t13d1516h2_8daaf6152771_02713d6af862,"h2,http/1.1",h2,2,True,True,0.0,h2_first,"2570,772,771","TLS 1.3,TLS 1.2",2,True,True,True,False,0.0,TLS1.3+TLS1.2,True,15,True,0.0,"2570,4865,4866,4867,49195,49199,49196,49200,52393,52392,49171,49172,156,157,47,53",TLS_AES_128_GCM_SHA256_TLS_AES_256_GCM_SHA384_TLS_CHACHA20_POLY1305_SHA256_ECDHE-ECDSA-AES128-GCM_ECDHE-RSA-AES128-GCM_ECDHE-ECDSA-AES256-GCM_ECDHE-RSA-AES256-GCM_ECDHE-ECDSA-CHACHA20_ECDHE-RSA-CHACHA20_ECDHE-RSA-AES128-CBC_ECDHE-RSA-AES256-CBC_RSA-AES128-GCM_RSA-AES256-GCM_RSA-AES128-CBC_RSA-AES256-CBC,4,True,0.0,"2570,25497,29,23,24",x25519Kyber768_x25519_secp256r1_secp384r1,8,False,,"1027,2052,1025,1283,2053,1281,2054,1537",ecdsa_secp256r1_sha256_rsa_pss_rsae_sha256_rsa_pkcs1_sha256_ecdsa_secp384r1_sha384_rsa_pss_rsae_sha384_rsa_pkcs1_sha384_rsa_pss_rsae_sha512_rsa_pkcs1_sha512,True,t13d1516h2,8daaf6152771,02713d6af862,t,13,d,15,16,h2,"1:65536;2:0;4:6291456;6:262144|15663105|1:1:0:256,3:1:0:220,5:1:0:256,7:1:5:110,9:1:7:110,11:1:9:110,13:1:0:256,15:1:13:110,17:1:15:110,19:1:17:110,21:1:0:256,23:1:21:110,25:1:23:110,27:1:25:110,29:1:0:110,31:1:0:256,33:1:0:110,35:1:33:110,37:1:0:256,39:1:37:110,41:1:39:110|m,a,s,p",1:65536;2:0;4:6291456;6:262144,15663105.0,"1:1:0:256,3:1:0:220,5:1:0:256,7:1:5:110,9:1:7:110,11:1:9:110,13:1:0:256,15:1:13:110,17:1:15:110,19:1:17:110,21:1:0:256,23:1:21:110,25:1:23:110,27:1:25:110,29:1:0:110,31:1:0:256,33:1:0:110,35:1:33:110,37:1:0:256,39:1:37:110,41:1:39:110","m,a,s,p",21.0,65536.0,0.0,,6291456.0,,262144.0,":method,:authority,:scheme,:path"
trial-009,13690f9b-aa94-4ae6-9963-28eb73f6fb25,2026-04-19 17:40:23.624955560+00:00,205.172.168.145,POST,/collect,HTTP/2.0,0.73,TLS 1.3,h2,TLS_AES_128_GCM_SHA256,uxbehaviorsuite.com,True,1a9e2e7445d976bf152fc0a97e301ac0,t13d1516h2_8daaf6152771_02713d6af862,"h2,http/1.1",h2,2,True,True,0.0,h2_first,"2570,772,771","TLS 1.3,TLS 1.2",2,True,True,True,False,0.0,TLS1.3+TLS1.2,True,15,True,0.0,"2570,4865,4866,4867,49195,49199,49196,49200,52393,52392,49171,49172,156,157,47,53",TLS_AES_128_GCM_SHA256_TLS_AES_256_GCM_SHA384_TLS_CHACHA20_POLY1305_SHA256_ECDHE-ECDSA-AES128-GCM_ECDHE-RSA-AES128-GCM_ECDHE-ECDSA-AES256-GCM_ECDHE-RSA-AES256-GCM_ECDHE-ECDSA-CHACHA20_ECDHE-RSA-CHACHA20_ECDHE-RSA-AES128-CBC_ECDHE-RSA-AES256-CBC_RSA-AES128-GCM_RSA-AES256-GCM_RSA-AES128-CBC_RSA-AES256-CBC,4,True,0.0,"2570,25497,29,23,24",x25519Kyber768_x25519_secp256r1_secp384r1,8,False,,"1027,2052,1025,1283,2053,1281,2054,1537",ecdsa_secp256r1_sha256_rsa_pss_rsae_sha256_rsa_pkcs1_sha256_ecdsa_secp384r1_sha384_rsa_pss_rsae_sha384_rsa_pkcs1_sha384_rsa_pss_rsae_sha512_rsa_pkcs1_sha512,True,t13d1516h2,8daaf6152771,02713d6af862,t,13,d,15,16,h2,"1:65536;2:0;4:6291456;6:262144|15663105|1:1:0:256,3:1:0:220,5:1:0:256,7:1:5:110,9:1:7:110,11:1:9:110,13:1:0:256,15:1:13:110,17:1:15:110,19:1:17:110,21:1:0:256,23:1:21:110,25:1:23:110,27:1:25:110,29:1:0:110,31:1:0:256,33:1:0:110,35:1:33:110,37:1:0:256,39:1:37:110,41:1:39:110,43:1:41:110|m,a,s,p",1:65536;2:0;4:6291456;6:262144,15663105.0,"1:1:0:256,3:1:0:220,5:1:0:256,7:1:5:110,9:1:7:110,11:1:9:110,13:1:0:256,15:1:13:110,17:1:15:110,19:1:17:110,21:1:0:256,23:1:21:110,25:1:23:110,27:1:25:110,29:1:0:110,31:1:0:256,33:1:0:110,35:1:33:110,37:1:0:256,39:1:37:110,41:1:39:110,43:1:41:110","m,a,s,p",22.0,65536.0,0.0,,6291456.0,,262144.0,":method,:authority,:scheme,:path"
trial-009,e245a24c-8949-4ef7-a28a-8fd6278398c8,2026-04-19 17:41:31.247994458+00:00,205.172.168.145,GET,/s5-delayed-feedback.html,HTTP/2.0,0.596,TLS 1.3,h2,TLS_AES_128_GCM_SHA256,uxbehaviorsuite.com,True,1a9e2e7445d976bf152fc0a97e301ac0,t13d1516h2_8daaf6152771_02713d6af862,"h2,http/1.1",h2,2,True,True,0.0,h2_first,"2570,772,771","TLS 1.3,TLS 1.2",2,True,True,True,False,0.0,TLS1.3+TLS1.2,True,15,True,0.0,"2570,4865,4866,4867,49195,49199,49196,49200,52393,52392,49171,49172,156,157,47,53",TLS_AES_128_GCM_SHA256_TLS_AES_256_GCM_SHA384_TLS_CHACHA20_POLY1305_SHA256_ECDHE-ECDSA-AES128-GCM_ECDHE-RSA-AES128-GCM_ECDHE-ECDSA-AES256-GCM_ECDHE-RSA-AES256-GCM_ECDHE-ECDSA-CHACHA20_ECDHE-RSA-CHACHA20_ECDHE-RSA-AES128-CBC_ECDHE-RSA-AES256-CBC_RSA-AES128-GCM_RSA-AES256-GCM_RSA-AES128-CBC_RSA-AES256-CBC,4,True,0.0,"2570,25497,29,23,24",x25519Kyber768_x25519_secp256r1_secp384r1,8,False,,"1027,2052,1025,1283,2053,1281,2054,1537",ecdsa_secp256r1_sha256_rsa_pss_rsae_sha256_rsa_pkcs1_sha256_ecdsa_secp384r1_sha384_rsa_pss_rsae_sha384_rsa_pkcs1_sha384_rsa_pss_rsae_sha512_rsa_pkcs1_sha512,True,t13d1516h2,8daaf6152771,02713d6af862,t,13,d,15,16,h2,"1:65536;2:0;4:6291456;6:262144|15663105|1:1:0:256,3:1:0:220,5:1:0:256,7:1:5:110,9:1:7:110,11:1:9:110,13:1:0:256,15:1:13:110,17:1:15:110,19:1:17:110,21:1:0:256,23:1:21:110,25:1:23:110,27:1:25:110,29:1:0:110,31:1:0:256,33:1:0:110,35:1:33:110,37:1:0:256,39:1:37:110,41:1:39:110,43:1:41:110,45:1:0:256,47:1:45:110|m,a,s,p",1:65536;2:0;4:6291456;6:262144,15663105.0,"1:1:0:256,3:1:0:220,5:1:0:256,7:1:5:110,9:1:7:110,11:1:9:110,13:1:0:256,15:1:13:110,17:1:15:110,19:1:17:110,21:1:0:256,23:1:21:110,25:1:23:110,27:1:25:110,29:1:0:110,31:1:0:256,33:1:0:110,35:1:33:110,37:1:0:256,39:1:37:110,41:1:39:110,43:1:41:110,45:1:0:256,47:1:45:110","m,a,s,p",24.0,65536.0,0.0,,6291456.0,,262144.0,":method,:authority,:scheme,:path"
trial-009,05f268f2-4a63-4b3b-9aa2-5a806212e258,2026-04-19 17:41:31.248101558+00:00,205.172.168.145,POST,/collect,HTTP/2.0,0.319,TLS 1.3,h2,TLS_AES_128_GCM_SHA256,uxbehaviorsuite.com,True,1a9e2e7445d976bf152fc0a97e301ac0,t13d1516h2_8daaf6152771_02713d6af862,"h2,http/1.1",h2,2,True,True,0.0,h2_first,"2570,772,771","TLS 1.3,TLS 1.2",2,True,True,True,False,0.0,TLS1.3+TLS1.2,True,15,True,0.0,"2570,4865,4866,4867,49195,49199,49196,49200,52393,52392,49171,49172,156,157,47,53",TLS_AES_128_GCM_SHA256_TLS_AES_256_GCM_SHA384_TLS_CHACHA20_POLY1305_SHA256_ECDHE-ECDSA-AES128-GCM_ECDHE-RSA-AES128-GCM_ECDHE-ECDSA-AES256-GCM_ECDHE-RSA-AES256-GCM_ECDHE-ECDSA-CHACHA20_ECDHE-RSA-CHACHA20_ECDHE-RSA-AES128-CBC_ECDHE-RSA-AES256-CBC_RSA-AES128-GCM_RSA-AES256-GCM_RSA-AES128-CBC_RSA-AES256-CBC,4,True,0.0,"2570,25497,29,23,24",x25519Kyber768_x25519_secp256r1_secp384r1,8,False,,"1027,2052,1025,1283,2053,1281,2054,1537",ecdsa_secp256r1_sha256_rsa_pss_rsae_sha256_rsa_pkcs1_sha256_ecdsa_secp384r1_sha384_rsa_pss_rsae_sha384_rsa_pkcs1_sha384_rsa_pss_rsae_sha512_rsa_pkcs1_sha512,True,t13d1516h2,8daaf6152771,02713d6af862,t,13,d,15,16,h2,"1:65536;2:0;4:6291456;6:262144|15663105|1:1:0:256,3:1:0:220,5:1:0:256,7:1:5:110,9:1:7:110,11:1:9:110,13:1:0:256,15:1:13:110,17:1:15:110,19:1:17:110,21:1:0:256,23:1:21:110,25:1:23:110,27:1:25:110,29:1:0:110,31:1:0:256,33:1:0:110,35:1:33:110,37:1:0:256,39:1:37:110,41:1:39:110,43:1:41:110,45:1:0:256,47:1:45:110|m,a,s,p",1:65536;2:0;4:6291456;6:262144,15663105.0,"1:1:0:256,3:1:0:220,5:1:0:256,7:1:5:110,9:1:7:110,11:1:9:110,13:1:0:256,15:1:13:110,17:1:15:110,19:1:17:110,21:1:0:256,23:1:21:110,25:1:23:110,27:1:25:110,29:1:0:110,31:1:0:256,33:1:0:110,35:1:33:110,37:1:0:256,39:1:37:110,41:1:39:110,43:1:41:110,45:1:0:256,47:1:45:110","m,a,s,p",24.0,65536.0,0.0,,6291456.0,,262144.0,":method,:authority,:scheme,:path"
trial-009,9d2de12c-66cf-4201-acb0-0e797e4f7896,2026-04-19 17:41:31.270785699+00:00,205.172.168.145,POST,/collect,HTTP/2.0,0.416,TLS 1.3,h2,TLS_AES_128_GCM_SHA256,uxbehaviorsuite.com,True,1a9e2e7445d976bf152fc0a97e301ac0,t13d1516h2_8daaf6152771_02713d6af862,"h2,http/1.1",h2,2,True,True,0.0,h2_first,"2570,772,771","TLS 1.3,TLS 1.2",2,True,True,True,False,0.0,TLS1.3+TLS1.2,True,15,True,0.0,"2570,4865,4866,4867,49195,49199,49196,49200,52393,52392,49171,49172,156,157,47,53",TLS_AES_128_GCM_SHA256_TLS_AES_256_GCM_SHA384_TLS_CHACHA20_POLY1305_SHA256_ECDHE-ECDSA-AES128-GCM_ECDHE-RSA-AES128-GCM_ECDHE-ECDSA-AES256-GCM_ECDHE-RSA-AES256-GCM_ECDHE-ECDSA-CHACHA20_ECDHE-RSA-CHACHA20_ECDHE-RSA-AES128-CBC_ECDHE-RSA-AES256-CBC_RSA-AES128-GCM_RSA-AES256-GCM_RSA-AES128-CBC_RSA-AES256-CBC,4,True,0.0,"2570,25497,29,23,24",x25519Kyber768_x25519_secp256r1_secp384r1,8,False,,"1027,2052,1025,1283,2053,1281,2054,1537",ecdsa_secp256r1_sha256_rsa_pss_rsae_sha256_rsa_pkcs1_sha256_ecdsa_secp384r1_sha384_rsa_pss_rsae_sha384_rsa_pkcs1_sha384_rsa_pss_rsae_sha512_rsa_pkcs1_sha512,True,t13d1516h2,8daaf6152771,02713d6af862,t,13,d,15,16,h2,"1:65536;2:0;4:6291456;6:262144|15663105|1:1:0:256,3:1:0:220,5:1:0:256,7:1:5:110,9:1:7:110,11:1:9:110,13:1:0:256,15:1:13:110,17:1:15:110,19:1:17:110,21:1:0:256,23:1:21:110,25:1:23:110,27:1:25:110,29:1:0:110,31:1:0:256,33:1:0:110,35:1:33:110,37:1:0:256,39:1:37:110,41:1:39:110,43:1:41:110,45:1:0:256,47:1:45:110,49:1:47:110|m,a,s,p",1:65536;2:0;4:6291456;6:262144,15663105.0,"1:1:0:256,3:1:0:220,5:1:0:256,7:1:5:110,9:1:7:110,11:1:9:110,13:1:0:256,15:1:13:110,17:1:15:110,19:1:17:110,21:1:0:256,23:1:21:110,25:1:23:110,27:1:25:110,29:1:0:110,31:1:0:256,33:1:0:110,35:1:33:110,37:1:0:256,39:1:37:110,41:1:39:110,43:1:41:110,45:1:0:256,47:1:45:110,49:1:47:110","m,a,s,p",25.0,65536.0,0.0,,6291456.0,,262144.0,":method,:authority,:scheme,:path"
trial-009,12b38cdd-dc32-4b7b-bed1-74dc56dff25c,2026-04-19 17:41:31.271447104+00:00,205.172.168.145,POST,/collect,HTTP/2.0,0.173,TLS 1.3,h2,TLS_AES_128_GCM_SHA256,uxbehaviorsuite.com,True,1a9e2e7445d976bf152fc0a97e301ac0,t13d1516h2_8daaf6152771_02713d6af862,"h2,http/1.1",h2,2,True,True,0.0,h2_first,"2570,772,771","TLS 1.3,TLS 1.2",2,True,True,True,False,0.0,TLS1.3+TLS1.2,True,15,True,0.0,"2570,4865,4866,4867,49195,49199,49196,49200,52393,52392,49171,49172,156,157,47,53",TLS_AES_128_GCM_SHA256_TLS_AES_256_GCM_SHA384_TLS_CHACHA20_POLY1305_SHA256_ECDHE-ECDSA-AES128-GCM_ECDHE-RSA-AES128-GCM_ECDHE-ECDSA-AES256-GCM_ECDHE-RSA-AES256-GCM_ECDHE-ECDSA-CHACHA20_ECDHE-RSA-CHACHA20_ECDHE-RSA-AES128-CBC_ECDHE-RSA-AES256-CBC_RSA-AES128-GCM_RSA-AES256-GCM_RSA-AES128-CBC_RSA-AES256-CBC,4,True,0.0,"2570,25497,29,23,24",x25519Kyber768_x25519_secp256r1_secp384r1,8,False,,"1027,2052,1025,1283,2053,1281,2054,1537",ecdsa_secp256r1_sha256_rsa_pss_rsae_sha256_rsa_pkcs1_sha256_ecdsa_secp384r1_sha384_rsa_pss_rsae_sha384_rsa_pkcs1_sha384_rsa_pss_rsae_sha512_rsa_pkcs1_sha512,True,t13d1516h2,8daaf6152771,02713d6af862,t,13,d,15,16,h2,"1:65536;2:0;4:6291456;6:262144|15663105|1:1:0:256,3:1:0:220,5:1:0:256,7:1:5:110,9:1:7:110,11:1:9:110,13:1:0:256,15:1:13:110,17:1:15:110,19:1:17:110,21:1:0:256,23:1:21:110,25:1:23:110,27:1:25:110,29:1:0:110,31:1:0:256,33:1:0:110,35:1:33:110,37:1:0:256,39:1:37:110,41:1:39:110,43:1:41:110,45:1:0:256,47:1:45:110,49:1:47:110,51:1:49:110|m,a,s,p",1:65536;2:0;4:6291456;6:262144,15663105.0,"1:1:0:256,3:1:0:220,5:1:0:256,7:1:5:110,9:1:7:110,11:1:9:110,13:1:0:256,15:1:13:110,17:1:15:110,19:1:17:110,21:1:0:256,23:1:21:110,25:1:23:110,27:1:25:110,29:1:0:110,31:1:0:256,33:1:0:110,35:1:33:110,37:1:0:256,39:1:37:110,41:1:39:110,43:1:41:110,45:1:0:256,47:1:45:110,49:1:47:110,51:1:49:110","m,a,s,p",26.0,65536.0,0.0,,6291456.0,,262144.0,":method,:authority,:scheme,:path"
trial-010,97fa0f0f-a2a8-4834-a8fc-4bc6e2d201db,2026-04-19 17:47:52.244968904+00:00,205.172.168.145,GET,/subscribe-v1.html,HTTP/2.0,0.378,TLS 1.3,h2,TLS_AES_128_GCM_SHA256,uxbehaviorsuite.com,True,344e30cd239baa413dce4fa6c5980670,t13d1516h2_8daaf6152771_02713d6af862,"h2,http/1.1",h2,2,True,True,0.0,h2_first,"2570,772,771","TLS 1.3,TLS 1.2",2,True,True,True,False,0.0,TLS1.3+TLS1.2,True,15,True,0.0,"2570,4865,4866,4867,49195,49199,49196,49200,52393,52392,49171,49172,156,157,47,53",TLS_AES_128_GCM_SHA256_TLS_AES_256_GCM_SHA384_TLS_CHACHA20_POLY1305_SHA256_ECDHE-ECDSA-AES128-GCM_ECDHE-RSA-AES128-GCM_ECDHE-ECDSA-AES256-GCM_ECDHE-RSA-AES256-GCM_ECDHE-ECDSA-CHACHA20_ECDHE-RSA-CHACHA20_ECDHE-RSA-AES128-CBC_ECDHE-RSA-AES256-CBC_RSA-AES128-GCM_RSA-AES256-GCM_RSA-AES128-CBC_RSA-AES256-CBC,4,True,0.0,"2570,25497,29,23,24",x25519Kyber768_x25519_secp256r1_secp384r1,8,False,,"1027,2052,1025,1283,2053,1281,2054,1537",ecdsa_secp256r1_sha256_rsa_pss_rsae_sha256_rsa_pkcs1_sha256_ecdsa_secp384r1_sha384_rsa_pss_rsae_sha384_rsa_pkcs1_sha384_rsa_pss_rsae_sha512_rsa_pkcs1_sha512,True,t13d1516h2,8daaf6152771,02713d6af862,t,13,d,15,16,h2,"1:65536;2:0;4:6291456;6:262144|15663105|1:1:0:256|m,a,s,p",1:65536;2:0;4:6291456;6:262144,15663105.0,1:1:0:256,"m,a,s,p",1.0,65536.0,0.0,,6291456.0,,262144.0,":method,:authority,:scheme,:path"
trial-010,796a2c80-4e6d-4528-beb4-3a789bca2f62,2026-04-19 17:47:52.278347780+00:00,205.172.168.145,GET,/logger.js,HTTP/2.0,0.324,TLS 1.3,h2,TLS_AES_128_GCM_SHA256,uxbehaviorsuite.com,True,344e30cd239baa413dce4fa6c5980670,t13d1516h2_8daaf6152771_02713d6af862,"h2,http/1.1",h2,2,True,True,0.0,h2_first,"2570,772,771","TLS 1.3,TLS 1.2",2,True,True,True,False,0.0,TLS1.3+TLS1.2,True,15,True,0.0,"2570,4865,4866,4867,49195,49199,49196,49200,52393,52392,49171,49172,156,157,47,53",TLS_AES_128_GCM_SHA256_TLS_AES_256_GCM_SHA384_TLS_CHACHA20_POLY1305_SHA256_ECDHE-ECDSA-AES128-GCM_ECDHE-RSA-AES128-GCM_ECDHE-ECDSA-AES256-GCM_ECDHE-RSA-AES256-GCM_ECDHE-ECDSA-CHACHA20_ECDHE-RSA-CHACHA20_ECDHE-RSA-AES128-CBC_ECDHE-RSA-AES256-CBC_RSA-AES128-GCM_RSA-AES256-GCM_RSA-AES128-CBC_RSA-AES256-CBC,4,True,0.0,"2570,25497,29,23,24",x25519Kyber768_x25519_secp256r1_secp384r1,8,False,,"1027,2052,1025,1283,2053,1281,2054,1537",ecdsa_secp256r1_sha256_rsa_pss_rsae_sha256_rsa_pkcs1_sha256_ecdsa_secp384r1_sha384_rsa_pss_rsae_sha384_rsa_pkcs1_sha384_rsa_pss_rsae_sha512_rsa_pkcs1_sha512,True,t13d1516h2,8daaf6152771,02713d6af862,t,13,d,15,16,h2,"1:65536;2:0;4:6291456;6:262144|15663105|1:1:0:256,3:1:0:220|m,a,s,p",1:65536;2:0;4:6291456;6:262144,15663105.0,"1:1:0:256,3:1:0:220","m,a,s,p",2.0,65536.0,0.0,,6291456.0,,262144.0,":method,:authority,:scheme,:path"
trial-010,df1f4466-97ea-4e48-a722-134261953ac0,2026-04-19 17:48:57.414617139+00:00,172.69.150.75,GET,/wp-admin/setup-config.php,HTTP/2.0,0.141,TLS 1.3,h2,TLS_AES_128_GCM_SHA256,uxbehaviorsuite.com,True,1449472ba4c4ddb602762f628f080be4,t13d1412h2_e33ad33b3d25_6b314db333b6,"h2,http/1.1",h2,2,True,True,0.0,h2_first,"772,771,770,769","TLS 1.3,TLS 1.2,TLS 1.1,TLS 1.0",4,False,True,True,True,,TLS1.3+TLS1.2+TLS1.1+TLS1.0,True,14,False,,"4865,4866,4867,49195,49196,49199,49200,49171,49192,156,157,47,53,10",TLS_AES_128_GCM_SHA256_TLS_AES_256_GCM_SHA384_TLS_CHACHA20_POLY1305_SHA256_ECDHE-ECDSA-AES128-GCM_ECDHE-ECDSA-AES256-GCM_ECDHE-RSA-AES128-GCM_ECDHE-RSA-AES256-GCM_ECDHE-RSA-AES128-CBC_49192_RSA-AES128-GCM_RSA-AES256-GCM_RSA-AES128-CBC_RSA-AES256-CBC_10,7,False,,"29,23,24,25,4588,25497,65074",x25519_secp256r1_secp384r1_secp521r1_X25519MLKEM768_x25519Kyber768_65074,10,False,,"1027,2052,1025,1283,2053,1281,2054,1537,513,1539",ecdsa_secp256r1_sha256_rsa_pss_rsae_sha256_rsa_pkcs1_sha256_ecdsa_secp384r1_sha384_rsa_pss_rsae_sha384_rsa_pkcs1_sha384_rsa_pss_rsae_sha512_rsa_pkcs1_sha512_513_1539,True,t13d1412h2,e33ad33b3d25,6b314db333b6,t,13,d,14,12,h2,"2:0;3:1;4:8388608;5:65536|8323073|0|m,s,a,p",2:0;3:1;4:8388608;5:65536,8323073.0,0,"m,s,a,p",1.0,,0.0,1.0,8388608.0,65536.0,,":method,:scheme,:authority,:path"
trial-010,e6a01c2e-8153-4b97-ba6b-76e7f72729d3,2026-04-19 17:49:19.545253638+00:00,16.58.56.214,GET,/,HTTP/1.1,0.263,TLS 1.2,,TLS_ECDHE_ECDSA_WITH_AES_128_GCM_SHA256,,False,cba7f34191ef2379c1325641f6c6c4f4,t12i130500_2d7513195f68_e51b7354d87f,,,0,False,False,,none,,,0,False,False,False,False,,none,,13,False,,"49199,49195,49169,49159,49171,49161,49172,49162,5,47,53,49170,10",ECDHE-RSA-AES128-GCM_ECDHE-ECDSA-AES128-GCM_49169_49159_ECDHE-RSA-AES128-CBC_49161_ECDHE-RSA-AES256-CBC_49162_5_RSA-AES128-CBC_RSA-AES256-CBC_49170_10,3,False,,"23,24,25",secp256r1_secp384r1_secp521r1,7,False,,"1025,1027,513,515,1025,1281,1537",rsa_pkcs1_sha256_ecdsa_secp256r1_sha256_513_ecdsa_sha1_rsa_pkcs1_sha256_rsa_pkcs1_sha384_rsa_pkcs1_sha512,False,t12i130500,2d7513195f68,e51b7354d87f,t,12,i,13,5,00,,,,,,,,,,,,,
trial-010,713fb1b7-6714-4964-a069-3ad1f45706d6,2026-04-19 17:49:41.199879693+00:00,205.172.168.145,GET,/subscribe-v2.html,HTTP/2.0,0.598,TLS 1.3,h2,TLS_AES_128_GCM_SHA256,uxbehaviorsuite.com,True,344e30cd239baa413dce4fa6c5980670,t13d1516h2_8daaf6152771_02713d6af862,"h2,http/1.1",h2,2,True,True,0.0,h2_first,"2570,772,771","TLS 1.3,TLS 1.2",2,True,True,True,False,0.0,TLS1.3+TLS1.2,True,15,True,0.0,"2570,4865,4866,4867,49195,49199,49196,49200,52393,52392,49171,49172,156,157,47,53",TLS_AES_128_GCM_SHA256_TLS_AES_256_GCM_SHA384_TLS_CHACHA20_POLY1305_SHA256_ECDHE-ECDSA-AES128-GCM_ECDHE-RSA-AES128-GCM_ECDHE-ECDSA-AES256-GCM_ECDHE-RSA-AES256-GCM_ECDHE-ECDSA-CHACHA20_ECDHE-RSA-CHACHA20_ECDHE-RSA-AES128-CBC_ECDHE-RSA-AES256-CBC_RSA-AES128-GCM_RSA-AES256-GCM_RSA-AES128-CBC_RSA-AES256-CBC,4,True,0.0,"2570,25497,29,23,24",x25519Kyber768_x25519_secp256r1_secp384r1,8,False,,"1027,2052,1025,1283,2053,1281,2054,1537",ecdsa_secp256r1_sha256_rsa_pss_rsae_sha256_rsa_pkcs1_sha256_ecdsa_secp384r1_sha384_rsa_pss_rsae_sha384_rsa_pkcs1_sha384_rsa_pss_rsae_sha512_rsa_pkcs1_sha512,True,t13d1516h2,8daaf6152771,02713d6af862,t,13,d,15,16,h2,"1:65536;2:0;4:6291456;6:262144|15663105|1:1:0:256,3:1:0:220,5:1:0:256,7:1:5:110|m,a,s,p",1:65536;2:0;4:6291456;6:262144,15663105.0,"1:1:0:256,3:1:0:220,5:1:0:256,7:1:5:110","m,a,s,p",4.0,65536.0,0.0,,6291456.0,,262144.0,":method,:authority,:scheme,:path"
trial-010,572729de-637c-47a7-9b0f-d9a7e27829bd,2026-04-19 17:49:41.200015405+00:00,205.172.168.145,POST,/collect,HTTP/2.0,0.465,TLS 1.3,h2,TLS_AES_128_GCM_SHA256,uxbehaviorsuite.com,True,344e30cd239baa413dce4fa6c5980670,t13d1516h2_8daaf6152771_02713d6af862,"h2,http/1.1",h2,2,True,True,0.0,h2_first,"2570,772,771","TLS 1.3,TLS 1.2",2,True,True,True,False,0.0,TLS1.3+TLS1.2,True,15,True,0.0,"2570,4865,4866,4867,49195,49199,49196,49200,52393,52392,49171,49172,156,157,47,53",TLS_AES_128_GCM_SHA256_TLS_AES_256_GCM_SHA384_TLS_CHACHA20_POLY1305_SHA256_ECDHE-ECDSA-AES128-GCM_ECDHE-RSA-AES128-GCM_ECDHE-ECDSA-AES256-GCM_ECDHE-RSA-AES256-GCM_ECDHE-ECDSA-CHACHA20_ECDHE-RSA-CHACHA20_ECDHE-RSA-AES128-CBC_ECDHE-RSA-AES256-CBC_RSA-AES128-GCM_RSA-AES256-GCM_RSA-AES128-CBC_RSA-AES256-CBC,4,True,0.0,"2570,25497,29,23,24",x25519Kyber768_x25519_secp256r1_secp384r1,8,False,,"1027,2052,1025,1283,2053,1281,2054,1537",ecdsa_secp256r1_sha256_rsa_pss_rsae_sha256_rsa_pkcs1_sha256_ecdsa_secp384r1_sha384_rsa_pss_rsae_sha384_rsa_pkcs1_sha384_rsa_pss_rsae_sha512_rsa_pkcs1_sha512,True,t13d1516h2,8daaf6152771,02713d6af862,t,13,d,15,16,h2,"1:65536;2:0;4:6291456;6:262144|15663105|1:1:0:256,3:1:0:220,5:1:0:256,7:1:5:110|m,a,s,p",1:65536;2:0;4:6291456;6:262144,15663105.0,"1:1:0:256,3:1:0:220,5:1:0:256,7:1:5:110","m,a,s,p",4.0,65536.0,0.0,,6291456.0,,262144.0,":method,:authority,:scheme,:path"
trial-010,47ee389a-2856-4fd4-b7d8-3b00b14f69c4,2026-04-19 17:49:41.222549203+00:00,205.172.168.145,POST,/collect,HTTP/2.0,0.184,TLS 1.3,h2,TLS_AES_128_GCM_SHA256,uxbehaviorsuite.com,True,344e30cd239baa413dce4fa6c5980670,t13d1516h2_8daaf6152771_02713d6af862,"h2,http/1.1",h2,2,True,True,0.0,h2_first,"2570,772,771","TLS 1.3,TLS 1.2",2,True,True,True,False,0.0,TLS1.3+TLS1.2,True,15,True,0.0,"2570,4865,4866,4867,49195,49199,49196,49200,52393,52392,49171,49172,156,157,47,53",TLS_AES_128_GCM_SHA256_TLS_AES_256_GCM_SHA384_TLS_CHACHA20_POLY1305_SHA256_ECDHE-ECDSA-AES128-GCM_ECDHE-RSA-AES128-GCM_ECDHE-ECDSA-AES256-GCM_ECDHE-RSA-AES256-GCM_ECDHE-ECDSA-CHACHA20_ECDHE-RSA-CHACHA20_ECDHE-RSA-AES128-CBC_ECDHE-RSA-AES256-CBC_RSA-AES128-GCM_RSA-AES256-GCM_RSA-AES128-CBC_RSA-AES256-CBC,4,True,0.0,"2570,25497,29,23,24",x25519Kyber768_x25519_secp256r1_secp384r1,8,False,,"1027,2052,1025,1283,2053,1281,2054,1537",ecdsa_secp256r1_sha256_rsa_pss_rsae_sha256_rsa_pkcs1_sha256_ecdsa_secp384r1_sha384_rsa_pss_rsae_sha384_rsa_pkcs1_sha384_rsa_pss_rsae_sha512_rsa_pkcs1_sha512,True,t13d1516h2,8daaf6152771,02713d6af862,t,13,d,15,16,h2,"1:65536;2:0;4:6291456;6:262144|15663105|1:1:0:256,3:1:0:220,5:1:0:256,7:1:5:110,9:1:7:110|m,a,s,p",1:65536;2:0;4:6291456;6:262144,15663105.0,"1:1:0:256,3:1:0:220,5:1:0:256,7:1:5:110,9:1:7:110","m,a,s,p",5.0,65536.0,0.0,,6291456.0,,262144.0,":method,:authority,:scheme,:path"
trial-010,4e36943c-6a6b-4d36-8e29-617a1d916d17,2026-04-19 17:49:41.223204979+00:00,205.172.168.145,POST,/collect,HTTP/2.0,0.225,TLS 1.3,h2,TLS_AES_128_GCM_SHA256,uxbehaviorsuite.com,True,344e30cd239baa413dce4fa6c5980670,t13d1516h2_8daaf6152771_02713d6af862,"h2,http/1.1",h2,2,True,True,0.0,h2_first,"2570,772,771","TLS 1.3,TLS 1.2",2,True,True,True,False,0.0,TLS1.3+TLS1.2,True,15,True,0.0,"2570,4865,4866,4867,49195,49199,49196,49200,52393,52392,49171,49172,156,157,47,53",TLS_AES_128_GCM_SHA256_TLS_AES_256_GCM_SHA384_TLS_CHACHA20_POLY1305_SHA256_ECDHE-ECDSA-AES128-GCM_ECDHE-RSA-AES128-GCM_ECDHE-ECDSA-AES256-GCM_ECDHE-RSA-AES256-GCM_ECDHE-ECDSA-CHACHA20_ECDHE-RSA-CHACHA20_ECDHE-RSA-AES128-CBC_ECDHE-RSA-AES256-CBC_RSA-AES128-GCM_RSA-AES256-GCM_RSA-AES128-CBC_RSA-AES256-CBC,4,True,0.0,"2570,25497,29,23,24",x25519Kyber768_x25519_secp256r1_secp384r1,8,False,,"1027,2052,1025,1283,2053,1281,2054,1537",ecdsa_secp256r1_sha256_rsa_pss_rsae_sha256_rsa_pkcs1_sha256_ecdsa_secp384r1_sha384_rsa_pss_rsae_sha384_rsa_pkcs1_sha384_rsa_pss_rsae_sha512_rsa_pkcs1_sha512,True,t13d1516h2,8daaf6152771,02713d6af862,t,13,d,15,16,h2,"1:65536;2:0;4:6291456;6:262144|15663105|1:1:0:256,3:1:0:220,5:1:0:256,7:1:5:110,9:1:7:110,11:1:9:110|m,a,s,p",1:65536;2:0;4:6291456;6:262144,15663105.0,"1:1:0:256,3:1:0:220,5:1:0:256,7:1:5:110,9:1:7:110,11:1:9:110","m,a,s,p",6.0,65536.0,0.0,,6291456.0,,262144.0,":method,:authority,:scheme,:path"
trial-010,3ef5b64b-00f5-4597-84b3-1cef8db60828,2026-04-19 17:49:51.557871325+00:00,172.70.248.98,GET,/wp-admin/setup-config.php,HTTP/2.0,0.204,TLS 1.3,h2,TLS_AES_128_GCM_SHA256,uxbehaviorsuite.com,True,1449472ba4c4ddb602762f628f080be4,t13d1412h2_e33ad33b3d25_6b314db333b6,"h2,http/1.1",h2,2,True,True,0.0,h2_first,"772,771,770,769","TLS 1.3,TLS 1.2,TLS 1.1,TLS 1.0",4,False,True,True,True,,TLS1.3+TLS1.2+TLS1.1+TLS1.0,True,14,False,,"4865,4866,4867,49195,49196,49199,49200,49171,49192,156,157,47,53,10",TLS_AES_128_GCM_SHA256_TLS_AES_256_GCM_SHA384_TLS_CHACHA20_POLY1305_SHA256_ECDHE-ECDSA-AES128-GCM_ECDHE-ECDSA-AES256-GCM_ECDHE-RSA-AES128-GCM_ECDHE-RSA-AES256-GCM_ECDHE-RSA-AES128-CBC_49192_RSA-AES128-GCM_RSA-AES256-GCM_RSA-AES128-CBC_RSA-AES256-CBC_10,7,False,,"29,23,24,25,4588,25497,65074",x25519_secp256r1_secp384r1_secp521r1_X25519MLKEM768_x25519Kyber768_65074,10,False,,"1027,2052,1025,1283,2053,1281,2054,1537,513,1539",ecdsa_secp256r1_sha256_rsa_pss_rsae_sha256_rsa_pkcs1_sha256_ecdsa_secp384r1_sha384_rsa_pss_rsae_sha384_rsa_pkcs1_sha384_rsa_pss_rsae_sha512_rsa_pkcs1_sha512_513_1539,True,t13d1412h2,e33ad33b3d25,6b314db333b6,t,13,d,14,12,h2,"2:0;3:1;4:8388608;5:65536|8323073|0|m,s,a,p",2:0;3:1;4:8388608;5:65536,8323073.0,0,"m,s,a,p",1.0,,0.0,1.0,8388608.0,65536.0,,":method,:scheme,:authority,:path"
trial-010,f797e904-0848-45d7-bc68-421ed0f2eb05,2026-04-19 17:51:28.337417297+00:00,205.172.168.145,GET,/subscribe-v3.html,HTTP/2.0,0.752,TLS 1.3,h2,TLS_AES_128_GCM_SHA256,uxbehaviorsuite.com,True,344e30cd239baa413dce4fa6c5980670,t13d1516h2_8daaf6152771_02713d6af862,"h2,http/1.1",h2,2,True,True,0.0,h2_first,"2570,772,771","TLS 1.3,TLS 1.2",2,True,True,True,False,0.0,TLS1.3+TLS1.2,True,15,True,0.0,"2570,4865,4866,4867,49195,49199,49196,49200,52393,52392,49171,49172,156,157,47,53",TLS_AES_128_GCM_SHA256_TLS_AES_256_GCM_SHA384_TLS_CHACHA20_POLY1305_SHA256_ECDHE-ECDSA-AES128-GCM_ECDHE-RSA-AES128-GCM_ECDHE-ECDSA-AES256-GCM_ECDHE-RSA-AES256-GCM_ECDHE-ECDSA-CHACHA20_ECDHE-RSA-CHACHA20_ECDHE-RSA-AES128-CBC_ECDHE-RSA-AES256-CBC_RSA-AES128-GCM_RSA-AES256-GCM_RSA-AES128-CBC_RSA-AES256-CBC,4,True,0.0,"2570,25497,29,23,24",x25519Kyber768_x25519_secp256r1_secp384r1,8,False,,"1027,2052,1025,1283,2053,1281,2054,1537",ecdsa_secp256r1_sha256_rsa_pss_rsae_sha256_rsa_pkcs1_sha256_ecdsa_secp384r1_sha384_rsa_pss_rsae_sha384_rsa_pkcs1_sha384_rsa_pss_rsae_sha512_rsa_pkcs1_sha512,True,t13d1516h2,8daaf6152771,02713d6af862,t,13,d,15,16,h2,"1:65536;2:0;4:6291456;6:262144|15663105|1:1:0:256,3:1:0:220,5:1:0:256,7:1:5:110,9:1:7:110,11:1:9:110,13:1:0:256,15:1:13:110|m,a,s,p",1:65536;2:0;4:6291456;6:262144,15663105.0,"1:1:0:256,3:1:0:220,5:1:0:256,7:1:5:110,9:1:7:110,11:1:9:110,13:1:0:256,15:1:13:110","m,a,s,p",8.0,65536.0,0.0,,6291456.0,,262144.0,":method,:authority,:scheme,:path"
trial-010,3fc15b74-866d-4f95-8763-4807938615ff,2026-04-19 17:51:28.337725518+00:00,205.172.168.145,POST,/collect,HTTP/2.0,1.023,TLS 1.3,h2,TLS_AES_128_GCM_SHA256,uxbehaviorsuite.com,True,344e30cd239baa413dce4fa6c5980670,t13d1516h2_8daaf6152771_02713d6af862,"h2,http/1.1",h2,2,True,True,0.0,h2_first,"2570,772,771","TLS 1.3,TLS 1.2",2,True,True,True,False,0.0,TLS1.3+TLS1.2,True,15,True,0.0,"2570,4865,4866,4867,49195,49199,49196,49200,52393,52392,49171,49172,156,157,47,53",TLS_AES_128_GCM_SHA256_TLS_AES_256_GCM_SHA384_TLS_CHACHA20_POLY1305_SHA256_ECDHE-ECDSA-AES128-GCM_ECDHE-RSA-AES128-GCM_ECDHE-ECDSA-AES256-GCM_ECDHE-RSA-AES256-GCM_ECDHE-ECDSA-CHACHA20_ECDHE-RSA-CHACHA20_ECDHE-RSA-AES128-CBC_ECDHE-RSA-AES256-CBC_RSA-AES128-GCM_RSA-AES256-GCM_RSA-AES128-CBC_RSA-AES256-CBC,4,True,0.0,"2570,25497,29,23,24",x25519Kyber768_x25519_secp256r1_secp384r1,8,False,,"1027,2052,1025,1283,2053,1281,2054,1537",ecdsa_secp256r1_sha256_rsa_pss_rsae_sha256_rsa_pkcs1_sha256_ecdsa_secp384r1_sha384_rsa_pss_rsae_sha384_rsa_pkcs1_sha384_rsa_pss_rsae_sha512_rsa_pkcs1_sha512,True,t13d1516h2,8daaf6152771,02713d6af862,t,13,d,15,16,h2,"1:65536;2:0;4:6291456;6:262144|15663105|1:1:0:256,3:1:0:220,5:1:0:256,7:1:5:110,9:1:7:110,11:1:9:110,13:1:0:256,15:1:13:110|m,a,s,p",1:65536;2:0;4:6291456;6:262144,15663105.0,"1:1:0:256,3:1:0:220,5:1:0:256,7:1:5:110,9:1:7:110,11:1:9:110,13:1:0:256,15:1:13:110","m,a,s,p",8.0,65536.0,0.0,,6291456.0,,262144.0,":method,:authority,:scheme,:path"
trial-010,4508f10b-a677-4ca9-9b75-0c3c5bb535d9,2026-04-19 17:51:28.359323197+00:00,205.172.168.145,POST,/collect,HTTP/2.0,0.225,TLS 1.3,h2,TLS_AES_128_GCM_SHA256,uxbehaviorsuite.com,True,344e30cd239baa413dce4fa6c5980670,t13d1516h2_8daaf6152771_02713d6af862,"h2,http/1.1",h2,2,True,True,0.0,h2_first,"2570,772,771","TLS 1.3,TLS 1.2",2,True,True,True,False,0.0,TLS1.3+TLS1.2,True,15,True,0.0,"2570,4865,4866,4867,49195,49199,49196,49200,52393,52392,49171,49172,156,157,47,53",TLS_AES_128_GCM_SHA256_TLS_AES_256_GCM_SHA384_TLS_CHACHA20_POLY1305_SHA256_ECDHE-ECDSA-AES128-GCM_ECDHE-RSA-AES128-GCM_ECDHE-ECDSA-AES256-GCM_ECDHE-RSA-AES256-GCM_ECDHE-ECDSA-CHACHA20_ECDHE-RSA-CHACHA20_ECDHE-RSA-AES128-CBC_ECDHE-RSA-AES256-CBC_RSA-AES128-GCM_RSA-AES256-GCM_RSA-AES128-CBC_RSA-AES256-CBC,4,True,0.0,"2570,25497,29,23,24",x25519Kyber768_x25519_secp256r1_secp384r1,8,False,,"1027,2052,1025,1283,2053,1281,2054,1537",ecdsa_secp256r1_sha256_rsa_pss_rsae_sha256_rsa_pkcs1_sha256_ecdsa_secp384r1_sha384_rsa_pss_rsae_sha384_rsa_pkcs1_sha384_rsa_pss_rsae_sha512_rsa_pkcs1_sha512,True,t13d1516h2,8daaf6152771,02713d6af862,t,13,d,15,16,h2,"1:65536;2:0;4:6291456;6:262144|15663105|1:1:0:256,3:1:0:220,5:1:0:256,7:1:5:110,9:1:7:110,11:1:9:110,13:1:0:256,15:1:13:110,17:1:15:110|m,a,s,p",1:65536;2:0;4:6291456;6:262144,15663105.0,"1:1:0:256,3:1:0:220,5:1:0:256,7:1:5:110,9:1:7:110,11:1:9:110,13:1:0:256,15:1:13:110,17:1:15:110","m,a,s,p",9.0,65536.0,0.0,,6291456.0,,262144.0,":method,:authority,:scheme,:path"
trial-010,716ab2ea-1a9f-4be9-b930-8019cfcb218b,2026-04-19 17:51:28.361349215+00:00,205.172.168.145,POST,/collect,HTTP/2.0,0.222,TLS 1.3,h2,TLS_AES_128_GCM_SHA256,uxbehaviorsuite.com,True,344e30cd239baa413dce4fa6c5980670,t13d1516h2_8daaf6152771_02713d6af862,"h2,http/1.1",h2,2,True,True,0.0,h2_first,"2570,772,771","TLS 1.3,TLS 1.2",2,True,True,True,False,0.0,TLS1.3+TLS1.2,True,15,True,0.0,"2570,4865,4866,4867,49195,49199,49196,49200,52393,52392,49171,49172,156,157,47,53",TLS_AES_128_GCM_SHA256_TLS_AES_256_GCM_SHA384_TLS_CHACHA20_POLY1305_SHA256_ECDHE-ECDSA-AES128-GCM_ECDHE-RSA-AES128-GCM_ECDHE-ECDSA-AES256-GCM_ECDHE-RSA-AES256-GCM_ECDHE-ECDSA-CHACHA20_ECDHE-RSA-CHACHA20_ECDHE-RSA-AES128-CBC_ECDHE-RSA-AES256-CBC_RSA-AES128-GCM_RSA-AES256-GCM_RSA-AES128-CBC_RSA-AES256-CBC,4,True,0.0,"2570,25497,29,23,24",x25519Kyber768_x25519_secp256r1_secp384r1,8,False,,"1027,2052,1025,1283,2053,1281,2054,1537",ecdsa_secp256r1_sha256_rsa_pss_rsae_sha256_rsa_pkcs1_sha256_ecdsa_secp384r1_sha384_rsa_pss_rsae_sha384_rsa_pkcs1_sha384_rsa_pss_rsae_sha512_rsa_pkcs1_sha512,True,t13d1516h2,8daaf6152771,02713d6af862,t,13,d,15,16,h2,"1:65536;2:0;4:6291456;6:262144|15663105|1:1:0:256,3:1:0:220,5:1:0:256,7:1:5:110,9:1:7:110,11:1:9:110,13:1:0:256,15:1:13:110,17:1:15:110,19:1:17:110|m,a,s,p",1:65536;2:0;4:6291456;6:262144,15663105.0,"1:1:0:256,3:1:0:220,5:1:0:256,7:1:5:110,9:1:7:110,11:1:9:110,13:1:0:256,15:1:13:110,17:1:15:110,19:1:17:110","m,a,s,p",10.0,65536.0,0.0,,6291456.0,,262144.0,":method,:authority,:scheme,:path"
trial-010,2889257c-0e66-4213-9d6b-a2b1ed66b2dc,2026-04-19 17:51:56.713546094+00:00,162.158.110.82,GET,/wordpress/wp-admin/setup-config.php,HTTP/2.0,0.143,TLS 1.3,h2,TLS_AES_128_GCM_SHA256,uxbehaviorsuite.com,True,1449472ba4c4ddb602762f628f080be4,t13d1412h2_e33ad33b3d25_6b314db333b6,"h2,http/1.1",h2,2,True,True,0.0,h2_first,"772,771,770,769","TLS 1.3,TLS 1.2,TLS 1.1,TLS 1.0",4,False,True,True,True,,TLS1.3+TLS1.2+TLS1.1+TLS1.0,True,14,False,,"4865,4866,4867,49195,49196,49199,49200,49171,49192,156,157,47,53,10",TLS_AES_128_GCM_SHA256_TLS_AES_256_GCM_SHA384_TLS_CHACHA20_POLY1305_SHA256_ECDHE-ECDSA-AES128-GCM_ECDHE-ECDSA-AES256-GCM_ECDHE-RSA-AES128-GCM_ECDHE-RSA-AES256-GCM_ECDHE-RSA-AES128-CBC_49192_RSA-AES128-GCM_RSA-AES256-GCM_RSA-AES128-CBC_RSA-AES256-CBC_10,7,False,,"29,23,24,25,4588,25497,65074",x25519_secp256r1_secp384r1_secp521r1_X25519MLKEM768_x25519Kyber768_65074,10,False,,"1027,2052,1025,1283,2053,1281,2054,1537,513,1539",ecdsa_secp256r1_sha256_rsa_pss_rsae_sha256_rsa_pkcs1_sha256_ecdsa_secp384r1_sha384_rsa_pss_rsae_sha384_rsa_pkcs1_sha384_rsa_pss_rsae_sha512_rsa_pkcs1_sha512_513_1539,True,t13d1412h2,e33ad33b3d25,6b314db333b6,t,13,d,14,12,h2,"2:0;3:1;4:8388608;5:65536|8323073|0|m,s,a,p",2:0;3:1;4:8388608;5:65536,8323073.0,0,"m,s,a,p",1.0,,0.0,1.0,8388608.0,65536.0,,":method,:scheme,:authority,:path"
trial-010,d2b2edde-d12f-4bff-9976-7fcb242e06cf,2026-04-19 17:52:24.586785440+00:00,205.172.168.145,GET,/s2-scroll-gate.html,HTTP/2.0,0.454,TLS 1.3,h2,TLS_AES_128_GCM_SHA256,uxbehaviorsuite.com,True,344e30cd239baa413dce4fa6c5980670,t13d1516h2_8daaf6152771_02713d6af862,"h2,http/1.1",h2,2,True,True,0.0,h2_first,"2570,772,771","TLS 1.3,TLS 1.2",2,True,True,True,False,0.0,TLS1.3+TLS1.2,True,15,True,0.0,"2570,4865,4866,4867,49195,49199,49196,49200,52393,52392,49171,49172,156,157,47,53",TLS_AES_128_GCM_SHA256_TLS_AES_256_GCM_SHA384_TLS_CHACHA20_POLY1305_SHA256_ECDHE-ECDSA-AES128-GCM_ECDHE-RSA-AES128-GCM_ECDHE-ECDSA-AES256-GCM_ECDHE-RSA-AES256-GCM_ECDHE-ECDSA-CHACHA20_ECDHE-RSA-CHACHA20_ECDHE-RSA-AES128-CBC_ECDHE-RSA-AES256-CBC_RSA-AES128-GCM_RSA-AES256-GCM_RSA-AES128-CBC_RSA-AES256-CBC,4,True,0.0,"2570,25497,29,23,24",x25519Kyber768_x25519_secp256r1_secp384r1,8,False,,"1027,2052,1025,1283,2053,1281,2054,1537",ecdsa_secp256r1_sha256_rsa_pss_rsae_sha256_rsa_pkcs1_sha256_ecdsa_secp384r1_sha384_rsa_pss_rsae_sha384_rsa_pkcs1_sha384_rsa_pss_rsae_sha512_rsa_pkcs1_sha512,True,t13d1516h2,8daaf6152771,02713d6af862,t,13,d,15,16,h2,"1:65536;2:0;4:6291456;6:262144|15663105|1:1:0:256,3:1:0:220,5:1:0:256,7:1:5:110,9:1:7:110,11:1:9:110,13:1:0:256,15:1:13:110,17:1:15:110,19:1:17:110,21:1:0:256,23:1:21:110|m,a,s,p",1:65536;2:0;4:6291456;6:262144,15663105.0,"1:1:0:256,3:1:0:220,5:1:0:256,7:1:5:110,9:1:7:110,11:1:9:110,13:1:0:256,15:1:13:110,17:1:15:110,19:1:17:110,21:1:0:256,23:1:21:110","m,a,s,p",12.0,65536.0,0.0,,6291456.0,,262144.0,":method,:authority,:scheme,:path"
trial-010,2138c811-b30f-46f8-932d-1e02f6636657,2026-04-19 17:52:24.586847484+00:00,205.172.168.145,POST,/collect,HTTP/2.0,0.943,TLS 1.3,h2,TLS_AES_128_GCM_SHA256,uxbehaviorsuite.com,True,344e30cd239baa413dce4fa6c5980670,t13d1516h2_8daaf6152771_02713d6af862,"h2,http/1.1",h2,2,True,True,0.0,h2_first,"2570,772,771","TLS 1.3,TLS 1.2",2,True,True,True,False,0.0,TLS1.3+TLS1.2,True,15,True,0.0,"2570,4865,4866,4867,49195,49199,49196,49200,52393,52392,49171,49172,156,157,47,53",TLS_AES_128_GCM_SHA256_TLS_AES_256_GCM_SHA384_TLS_CHACHA20_POLY1305_SHA256_ECDHE-ECDSA-AES128-GCM_ECDHE-RSA-AES128-GCM_ECDHE-ECDSA-AES256-GCM_ECDHE-RSA-AES256-GCM_ECDHE-ECDSA-CHACHA20_ECDHE-RSA-CHACHA20_ECDHE-RSA-AES128-CBC_ECDHE-RSA-AES256-CBC_RSA-AES128-GCM_RSA-AES256-GCM_RSA-AES128-CBC_RSA-AES256-CBC,4,True,0.0,"2570,25497,29,23,24",x25519Kyber768_x25519_secp256r1_secp384r1,8,False,,"1027,2052,1025,1283,2053,1281,2054,1537",ecdsa_secp256r1_sha256_rsa_pss_rsae_sha256_rsa_pkcs1_sha256_ecdsa_secp384r1_sha384_rsa_pss_rsae_sha384_rsa_pkcs1_sha384_rsa_pss_rsae_sha512_rsa_pkcs1_sha512,True,t13d1516h2,8daaf6152771,02713d6af862,t,13,d,15,16,h2,"1:65536;2:0;4:6291456;6:262144|15663105|1:1:0:256,3:1:0:220,5:1:0:256,7:1:5:110,9:1:7:110,11:1:9:110,13:1:0:256,15:1:13:110,17:1:15:110,19:1:17:110,21:1:0:256,23:1:21:110|m,a,s,p",1:65536;2:0;4:6291456;6:262144,15663105.0,"1:1:0:256,3:1:0:220,5:1:0:256,7:1:5:110,9:1:7:110,11:1:9:110,13:1:0:256,15:1:13:110,17:1:15:110,19:1:17:110,21:1:0:256,23:1:21:110","m,a,s,p",12.0,65536.0,0.0,,6291456.0,,262144.0,":method,:authority,:scheme,:path"
trial-010,672af6b9-e719-4672-a4b9-c1a4a0be70a8,2026-04-19 17:52:24.608741303+00:00,205.172.168.145,POST,/collect,HTTP/2.0,0.21,TLS 1.3,h2,TLS_AES_128_GCM_SHA256,uxbehaviorsuite.com,True,344e30cd239baa413dce4fa6c5980670,t13d1516h2_8daaf6152771_02713d6af862,"h2,http/1.1",h2,2,True,True,0.0,h2_first,"2570,772,771","TLS 1.3,TLS 1.2",2,True,True,True,False,0.0,TLS1.3+TLS1.2,True,15,True,0.0,"2570,4865,4866,4867,49195,49199,49196,49200,52393,52392,49171,49172,156,157,47,53",TLS_AES_128_GCM_SHA256_TLS_AES_256_GCM_SHA384_TLS_CHACHA20_POLY1305_SHA256_ECDHE-ECDSA-AES128-GCM_ECDHE-RSA-AES128-GCM_ECDHE-ECDSA-AES256-GCM_ECDHE-RSA-AES256-GCM_ECDHE-ECDSA-CHACHA20_ECDHE-RSA-CHACHA20_ECDHE-RSA-AES128-CBC_ECDHE-RSA-AES256-CBC_RSA-AES128-GCM_RSA-AES256-GCM_RSA-AES128-CBC_RSA-AES256-CBC,4,True,0.0,"2570,25497,29,23,24",x25519Kyber768_x25519_secp256r1_secp384r1,8,False,,"1027,2052,1025,1283,2053,1281,2054,1537",ecdsa_secp256r1_sha256_rsa_pss_rsae_sha256_rsa_pkcs1_sha256_ecdsa_secp384r1_sha384_rsa_pss_rsae_sha384_rsa_pkcs1_sha384_rsa_pss_rsae_sha512_rsa_pkcs1_sha512,True,t13d1516h2,8daaf6152771,02713d6af862,t,13,d,15,16,h2,"1:65536;2:0;4:6291456;6:262144|15663105|1:1:0:256,3:1:0:220,5:1:0:256,7:1:5:110,9:1:7:110,11:1:9:110,13:1:0:256,15:1:13:110,17:1:15:110,19:1:17:110,21:1:0:256,23:1:21:110,25:1:23:110|m,a,s,p",1:65536;2:0;4:6291456;6:262144,15663105.0,"1:1:0:256,3:1:0:220,5:1:0:256,7:1:5:110,9:1:7:110,11:1:9:110,13:1:0:256,15:1:13:110,17:1:15:110,19:1:17:110,21:1:0:256,23:1:21:110,25:1:23:110","m,a,s,p",13.0,65536.0,0.0,,6291456.0,,262144.0,":method,:authority,:scheme,:path"
trial-010,b9c2eed8-3f3b-4e91-9f09-f080e7599b6e,2026-04-19 17:52:24.610001047+00:00,205.172.168.145,POST,/collect,HTTP/2.0,0.228,TLS 1.3,h2,TLS_AES_128_GCM_SHA256,uxbehaviorsuite.com,True,344e30cd239baa413dce4fa6c5980670,t13d1516h2_8daaf6152771_02713d6af862,"h2,http/1.1",h2,2,True,True,0.0,h2_first,"2570,772,771","TLS 1.3,TLS 1.2",2,True,True,True,False,0.0,TLS1.3+TLS1.2,True,15,True,0.0,"2570,4865,4866,4867,49195,49199,49196,49200,52393,52392,49171,49172,156,157,47,53",TLS_AES_128_GCM_SHA256_TLS_AES_256_GCM_SHA384_TLS_CHACHA20_POLY1305_SHA256_ECDHE-ECDSA-AES128-GCM_ECDHE-RSA-AES128-GCM_ECDHE-ECDSA-AES256-GCM_ECDHE-RSA-AES256-GCM_ECDHE-ECDSA-CHACHA20_ECDHE-RSA-CHACHA20_ECDHE-RSA-AES128-CBC_ECDHE-RSA-AES256-CBC_RSA-AES128-GCM_RSA-AES256-GCM_RSA-AES128-CBC_RSA-AES256-CBC,4,True,0.0,"2570,25497,29,23,24",x25519Kyber768_x25519_secp256r1_secp384r1,8,False,,"1027,2052,1025,1283,2053,1281,2054,1537",ecdsa_secp256r1_sha256_rsa_pss_rsae_sha256_rsa_pkcs1_sha256_ecdsa_secp384r1_sha384_rsa_pss_rsae_sha384_rsa_pkcs1_sha384_rsa_pss_rsae_sha512_rsa_pkcs1_sha512,True,t13d1516h2,8daaf6152771,02713d6af862,t,13,d,15,16,h2,"1:65536;2:0;4:6291456;6:262144|15663105|1:1:0:256,3:1:0:220,5:1:0:256,7:1:5:110,9:1:7:110,11:1:9:110,13:1:0:256,15:1:13:110,17:1:15:110,19:1:17:110,21:1:0:256,23:1:21:110,25:1:23:110,27:1:25:110|m,a,s,p",1:65536;2:0;4:6291456;6:262144,15663105.0,"1:1:0:256,3:1:0:220,5:1:0:256,7:1:5:110,9:1:7:110,11:1:9:110,13:1:0:256,15:1:13:110,17:1:15:110,19:1:17:110,21:1:0:256,23:1:21:110,25:1:23:110,27:1:25:110","m,a,s,p",14.0,65536.0,0.0,,6291456.0,,262144.0,":method,:authority,:scheme,:path"
trial-010,844e62b1-032c-4da6-8aa2-4cb1595989c8,2026-04-19 17:52:39.881767924+00:00,172.70.240.117,GET,/wordpress/wp-admin/setup-config.php,HTTP/2.0,0.143,TLS 1.3,h2,TLS_AES_128_GCM_SHA256,uxbehaviorsuite.com,True,1449472ba4c4ddb602762f628f080be4,t13d1412h2_e33ad33b3d25_6b314db333b6,"h2,http/1.1",h2,2,True,True,0.0,h2_first,"772,771,770,769","TLS 1.3,TLS 1.2,TLS 1.1,TLS 1.0",4,False,True,True,True,,TLS1.3+TLS1.2+TLS1.1+TLS1.0,True,14,False,,"4865,4866,4867,49195,49196,49199,49200,49171,49192,156,157,47,53,10",TLS_AES_128_GCM_SHA256_TLS_AES_256_GCM_SHA384_TLS_CHACHA20_POLY1305_SHA256_ECDHE-ECDSA-AES128-GCM_ECDHE-ECDSA-AES256-GCM_ECDHE-RSA-AES128-GCM_ECDHE-RSA-AES256-GCM_ECDHE-RSA-AES128-CBC_49192_RSA-AES128-GCM_RSA-AES256-GCM_RSA-AES128-CBC_RSA-AES256-CBC_10,7,False,,"29,23,24,25,4588,25497,65074",x25519_secp256r1_secp384r1_secp521r1_X25519MLKEM768_x25519Kyber768_65074,10,False,,"1027,2052,1025,1283,2053,1281,2054,1537,513,1539",ecdsa_secp256r1_sha256_rsa_pss_rsae_sha256_rsa_pkcs1_sha256_ecdsa_secp384r1_sha384_rsa_pss_rsae_sha384_rsa_pkcs1_sha384_rsa_pss_rsae_sha512_rsa_pkcs1_sha512_513_1539,True,t13d1412h2,e33ad33b3d25,6b314db333b6,t,13,d,14,12,h2,"2:0;3:1;4:8388608;5:65536|8323073|0|m,s,a,p",2:0;3:1;4:8388608;5:65536,8323073.0,0,"m,s,a,p",1.0,,0.0,1.0,8388608.0,65536.0,,":method,:scheme,:authority,:path"
trial-010,8bc56f4f-5150-4300-b216-b62b5e1c36d1,2026-04-19 17:53:14.675541132+00:00,205.172.168.145,GET,/s3-hover-reveal.html,HTTP/2.0,0.511,TLS 1.3,h2,TLS_AES_128_GCM_SHA256,uxbehaviorsuite.com,True,344e30cd239baa413dce4fa6c5980670,t13d1516h2_8daaf6152771_02713d6af862,"h2,http/1.1",h2,2,True,True,0.0,h2_first,"2570,772,771","TLS 1.3,TLS 1.2",2,True,True,True,False,0.0,TLS1.3+TLS1.2,True,15,True,0.0,"2570,4865,4866,4867,49195,49199,49196,49200,52393,52392,49171,49172,156,157,47,53",TLS_AES_128_GCM_SHA256_TLS_AES_256_GCM_SHA384_TLS_CHACHA20_POLY1305_SHA256_ECDHE-ECDSA-AES128-GCM_ECDHE-RSA-AES128-GCM_ECDHE-ECDSA-AES256-GCM_ECDHE-RSA-AES256-GCM_ECDHE-ECDSA-CHACHA20_ECDHE-RSA-CHACHA20_ECDHE-RSA-AES128-CBC_ECDHE-RSA-AES256-CBC_RSA-AES128-GCM_RSA-AES256-GCM_RSA-AES128-CBC_RSA-AES256-CBC,4,True,0.0,"2570,25497,29,23,24",x25519Kyber768_x25519_secp256r1_secp384r1,8,False,,"1027,2052,1025,1283,2053,1281,2054,1537",ecdsa_secp256r1_sha256_rsa_pss_rsae_sha256_rsa_pkcs1_sha256_ecdsa_secp384r1_sha384_rsa_pss_rsae_sha384_rsa_pkcs1_sha384_rsa_pss_rsae_sha512_rsa_pkcs1_sha512,True,t13d1516h2,8daaf6152771,02713d6af862,t,13,d,15,16,h2,"1:65536;2:0;4:6291456;6:262144|15663105|1:1:0:256,3:1:0:220,5:1:0:256,7:1:5:110,9:1:7:110,11:1:9:110,13:1:0:256,15:1:13:110,17:1:15:110,19:1:17:110,21:1:0:256,23:1:21:110,25:1:23:110,27:1:25:110,29:1:0:256,31:1:29:110|m,a,s,p",1:65536;2:0;4:6291456;6:262144,15663105.0,"1:1:0:256,3:1:0:220,5:1:0:256,7:1:5:110,9:1:7:110,11:1:9:110,13:1:0:256,15:1:13:110,17:1:15:110,19:1:17:110,21:1:0:256,23:1:21:110,25:1:23:110,27:1:25:110,29:1:0:256,31:1:29:110","m,a,s,p",16.0,65536.0,0.0,,6291456.0,,262144.0,":method,:authority,:scheme,:path"
trial-010,de4daf27-f9fc-486f-accf-86dccd2e4ec8,2026-04-19 17:53:14.675631123+00:00,205.172.168.145,POST,/collect,HTTP/2.0,0.847,TLS 1.3,h2,TLS_AES_128_GCM_SHA256,uxbehaviorsuite.com,True,344e30cd239baa413dce4fa6c5980670,t13d1516h2_8daaf6152771_02713d6af862,"h2,http/1.1",h2,2,True,True,0.0,h2_first,"2570,772,771","TLS 1.3,TLS 1.2",2,True,True,True,False,0.0,TLS1.3+TLS1.2,True,15,True,0.0,"2570,4865,4866,4867,49195,49199,49196,49200,52393,52392,49171,49172,156,157,47,53",TLS_AES_128_GCM_SHA256_TLS_AES_256_GCM_SHA384_TLS_CHACHA20_POLY1305_SHA256_ECDHE-ECDSA-AES128-GCM_ECDHE-RSA-AES128-GCM_ECDHE-ECDSA-AES256-GCM_ECDHE-RSA-AES256-GCM_ECDHE-ECDSA-CHACHA20_ECDHE-RSA-CHACHA20_ECDHE-RSA-AES128-CBC_ECDHE-RSA-AES256-CBC_RSA-AES128-GCM_RSA-AES256-GCM_RSA-AES128-CBC_RSA-AES256-CBC,4,True,0.0,"2570,25497,29,23,24",x25519Kyber768_x25519_secp256r1_secp384r1,8,False,,"1027,2052,1025,1283,2053,1281,2054,1537",ecdsa_secp256r1_sha256_rsa_pss_rsae_sha256_rsa_pkcs1_sha256_ecdsa_secp384r1_sha384_rsa_pss_rsae_sha384_rsa_pkcs1_sha384_rsa_pss_rsae_sha512_rsa_pkcs1_sha512,True,t13d1516h2,8daaf6152771,02713d6af862,t,13,d,15,16,h2,"1:65536;2:0;4:6291456;6:262144|15663105|1:1:0:256,3:1:0:220,5:1:0:256,7:1:5:110,9:1:7:110,11:1:9:110,13:1:0:256,15:1:13:110,17:1:15:110,19:1:17:110,21:1:0:256,23:1:21:110,25:1:23:110,27:1:25:110,29:1:0:256,31:1:29:110|m,a,s,p",1:65536;2:0;4:6291456;6:262144,15663105.0,"1:1:0:256,3:1:0:220,5:1:0:256,7:1:5:110,9:1:7:110,11:1:9:110,13:1:0:256,15:1:13:110,17:1:15:110,19:1:17:110,21:1:0:256,23:1:21:110,25:1:23:110,27:1:25:110,29:1:0:256,31:1:29:110","m,a,s,p",16.0,65536.0,0.0,,6291456.0,,262144.0,":method,:authority,:scheme,:path"
trial-010,5cff28bc-4d5f-42ca-984e-0fa129c607ed,2026-04-19 17:53:14.697474084+00:00,205.172.168.145,POST,/collect,HTTP/2.0,0.23,TLS 1.3,h2,TLS_AES_128_GCM_SHA256,uxbehaviorsuite.com,True,344e30cd239baa413dce4fa6c5980670,t13d1516h2_8daaf6152771_02713d6af862,"h2,http/1.1",h2,2,True,True,0.0,h2_first,"2570,772,771","TLS 1.3,TLS 1.2",2,True,True,True,False,0.0,TLS1.3+TLS1.2,True,15,True,0.0,"2570,4865,4866,4867,49195,49199,49196,49200,52393,52392,49171,49172,156,157,47,53",TLS_AES_128_GCM_SHA256_TLS_AES_256_GCM_SHA384_TLS_CHACHA20_POLY1305_SHA256_ECDHE-ECDSA-AES128-GCM_ECDHE-RSA-AES128-GCM_ECDHE-ECDSA-AES256-GCM_ECDHE-RSA-AES256-GCM_ECDHE-ECDSA-CHACHA20_ECDHE-RSA-CHACHA20_ECDHE-RSA-AES128-CBC_ECDHE-RSA-AES256-CBC_RSA-AES128-GCM_RSA-AES256-GCM_RSA-AES128-CBC_RSA-AES256-CBC,4,True,0.0,"2570,25497,29,23,24",x25519Kyber768_x25519_secp256r1_secp384r1,8,False,,"1027,2052,1025,1283,2053,1281,2054,1537",ecdsa_secp256r1_sha256_rsa_pss_rsae_sha256_rsa_pkcs1_sha256_ecdsa_secp384r1_sha384_rsa_pss_rsae_sha384_rsa_pkcs1_sha384_rsa_pss_rsae_sha512_rsa_pkcs1_sha512,True,t13d1516h2,8daaf6152771,02713d6af862,t,13,d,15,16,h2,"1:65536;2:0;4:6291456;6:262144|15663105|1:1:0:256,3:1:0:220,5:1:0:256,7:1:5:110,9:1:7:110,11:1:9:110,13:1:0:256,15:1:13:110,17:1:15:110,19:1:17:110,21:1:0:256,23:1:21:110,25:1:23:110,27:1:25:110,29:1:0:256,31:1:29:110,33:1:31:110|m,a,s,p",1:65536;2:0;4:6291456;6:262144,15663105.0,"1:1:0:256,3:1:0:220,5:1:0:256,7:1:5:110,9:1:7:110,11:1:9:110,13:1:0:256,15:1:13:110,17:1:15:110,19:1:17:110,21:1:0:256,23:1:21:110,25:1:23:110,27:1:25:110,29:1:0:256,31:1:29:110,33:1:31:110","m,a,s,p",17.0,65536.0,0.0,,6291456.0,,262144.0,":method,:authority,:scheme,:path"
trial-010,645f68b5-4ec9-4095-a219-1e1cf3f3ab9a,2026-04-19 17:53:14.699453073+00:00,205.172.168.145,POST,/collect,HTTP/2.0,0.219,TLS 1.3,h2,TLS_AES_128_GCM_SHA256,uxbehaviorsuite.com,True,344e30cd239baa413dce4fa6c5980670,t13d1516h2_8daaf6152771_02713d6af862,"h2,http/1.1",h2,2,True,True,0.0,h2_first,"2570,772,771","TLS 1.3,TLS 1.2",2,True,True,True,False,0.0,TLS1.3+TLS1.2,True,15,True,0.0,"2570,4865,4866,4867,49195,49199,49196,49200,52393,52392,49171,49172,156,157,47,53",TLS_AES_128_GCM_SHA256_TLS_AES_256_GCM_SHA384_TLS_CHACHA20_POLY1305_SHA256_ECDHE-ECDSA-AES128-GCM_ECDHE-RSA-AES128-GCM_ECDHE-ECDSA-AES256-GCM_ECDHE-RSA-AES256-GCM_ECDHE-ECDSA-CHACHA20_ECDHE-RSA-CHACHA20_ECDHE-RSA-AES128-CBC_ECDHE-RSA-AES256-CBC_RSA-AES128-GCM_RSA-AES256-GCM_RSA-AES128-CBC_RSA-AES256-CBC,4,True,0.0,"2570,25497,29,23,24",x25519Kyber768_x25519_secp256r1_secp384r1,8,False,,"1027,2052,1025,1283,2053,1281,2054,1537",ecdsa_secp256r1_sha256_rsa_pss_rsae_sha256_rsa_pkcs1_sha256_ecdsa_secp384r1_sha384_rsa_pss_rsae_sha384_rsa_pkcs1_sha384_rsa_pss_rsae_sha512_rsa_pkcs1_sha512,True,t13d1516h2,8daaf6152771,02713d6af862,t,13,d,15,16,h2,"1:65536;2:0;4:6291456;6:262144|15663105|1:1:0:256,3:1:0:220,5:1:0:256,7:1:5:110,9:1:7:110,11:1:9:110,13:1:0:256,15:1:13:110,17:1:15:110,19:1:17:110,21:1:0:256,23:1:21:110,25:1:23:110,27:1:25:110,29:1:0:256,31:1:29:110,33:1:31:110,35:1:33:110|m,a,s,p",1:65536;2:0;4:6291456;6:262144,15663105.0,"1:1:0:256,3:1:0:220,5:1:0:256,7:1:5:110,9:1:7:110,11:1:9:110,13:1:0:256,15:1:13:110,17:1:15:110,19:1:17:110,21:1:0:256,23:1:21:110,25:1:23:110,27:1:25:110,29:1:0:256,31:1:29:110,33:1:31:110,35:1:33:110","m,a,s,p",18.0,65536.0,0.0,,6291456.0,,262144.0,":method,:authority,:scheme,:path"
trial-010,279d3726-a08b-4ecb-8c1d-c0ee2d2b3011,2026-04-19 17:54:27.105781922+00:00,92.112.175.134,GET,/.env,HTTP/1.1,0.141,TLS 1.3,http/1.1,TLS_AES_128_GCM_SHA256,,False,80de6e81f4d77bb5d16114d4ebfe5e30,t13i3713h1_91ec122131b4_97a66a8f4cb1,http/1.1,http/1.1,1,False,True,,http11_only,"772,771","TLS 1.3,TLS 1.2",2,False,True,True,False,,TLS1.3+TLS1.2,True,37,False,,"4866,4867,4865,4868,49196,49200,49195,49199,52393,52392,159,158,52394,49325,49324,49188,49192,49187,49191,49162,49172,49161,49171,49311,49310,107,103,57,51,157,156,49309,49308,61,60,53,47",TLS_AES_256_GCM_SHA384_TLS_CHACHA20_POLY1305_SHA256_TLS_AES_128_GCM_SHA256_4868_ECDHE-ECDSA-AES256-GCM_ECDHE-RSA-AES256-GCM_ECDHE-ECDSA-AES128-GCM_ECDHE-RSA-AES128-GCM_ECDHE-ECDSA-CHACHA20_ECDHE-RSA-CHACHA20_159_158_52394_49325_49324_49188_49192_49187_49191_49162_ECDHE-RSA-AES256-CBC_49161_ECDHE-RSA-AES128-CBC_49311_49310_107_103_57_51_RSA-AES256-GCM_RSA-AES128-GCM_49309_49308_61_60_RSA-AES256-CBC_RSA-AES128-CBC,10,False,,"29,23,30,25,24,256,257,258,259,260",x25519_secp256r1_30_secp521r1_secp384r1_256_257_258_259_260,16,False,,"1027,1283,1539,2055,2056,2057,2058,2059,2052,2053,2054,1025,1281,1537,771,769",ecdsa_secp256r1_sha256_ecdsa_secp384r1_sha384_1539_2055_2056_2057_2058_2059_rsa_pss_rsae_sha256_rsa_pss_rsae_sha384_rsa_pss_rsae_sha512_rsa_pkcs1_sha256_rsa_pkcs1_sha384_rsa_pkcs1_sha512_771_769,False,t13i3713h1,91ec122131b4,97a66a8f4cb1,t,13,i,37,13,h1,,,,,,,,,,,,,
trial-010,dab1c151-37b6-4123-b335-25aa65f6c75d,2026-04-19 17:54:28.716596564+00:00,92.112.175.134,POST,/,HTTP/1.1,0.349,TLS 1.3,http/1.1,TLS_AES_128_GCM_SHA256,,False,80de6e81f4d77bb5d16114d4ebfe5e30,t13i3713h1_91ec122131b4_97a66a8f4cb1,http/1.1,http/1.1,1,False,True,,http11_only,"772,771","TLS 1.3,TLS 1.2",2,False,True,True,False,,TLS1.3+TLS1.2,True,37,False,,"4866,4867,4865,4868,49196,49200,49195,49199,52393,52392,159,158,52394,49325,49324,49188,49192,49187,49191,49162,49172,49161,49171,49311,49310,107,103,57,51,157,156,49309,49308,61,60,53,47",TLS_AES_256_GCM_SHA384_TLS_CHACHA20_POLY1305_SHA256_TLS_AES_128_GCM_SHA256_4868_ECDHE-ECDSA-AES256-GCM_ECDHE-RSA-AES256-GCM_ECDHE-ECDSA-AES128-GCM_ECDHE-RSA-AES128-GCM_ECDHE-ECDSA-CHACHA20_ECDHE-RSA-CHACHA20_159_158_52394_49325_49324_49188_49192_49187_49191_49162_ECDHE-RSA-AES256-CBC_49161_ECDHE-RSA-AES128-CBC_49311_49310_107_103_57_51_RSA-AES256-GCM_RSA-AES128-GCM_49309_49308_61_60_RSA-AES256-CBC_RSA-AES128-CBC,10,False,,"29,23,30,25,24,256,257,258,259,260",x25519_secp256r1_30_secp521r1_secp384r1_256_257_258_259_260,16,False,,"1027,1283,1539,2055,2056,2057,2058,2059,2052,2053,2054,1025,1281,1537,771,769",ecdsa_secp256r1_sha256_ecdsa_secp384r1_sha384_1539_2055_2056_2057_2058_2059_rsa_pss_rsae_sha256_rsa_pss_rsae_sha384_rsa_pss_rsae_sha512_rsa_pkcs1_sha256_rsa_pkcs1_sha384_rsa_pkcs1_sha512_771_769,False,t13i3713h1,91ec122131b4,97a66a8f4cb1,t,13,i,37,13,h1,,,,,,,,,,,,,
trial-010,42f9d912-e3a6-4575-ad28-cf3d9d37c45d,2026-04-19 17:54:42.504130672+00:00,205.172.168.145,GET,/s4-dom-mismatch.html,HTTP/2.0,0.309,TLS 1.3,h2,TLS_AES_128_GCM_SHA256,uxbehaviorsuite.com,True,344e30cd239baa413dce4fa6c5980670,t13d1516h2_8daaf6152771_02713d6af862,"h2,http/1.1",h2,2,True,True,0.0,h2_first,"2570,772,771","TLS 1.3,TLS 1.2",2,True,True,True,False,0.0,TLS1.3+TLS1.2,True,15,True,0.0,"2570,4865,4866,4867,49195,49199,49196,49200,52393,52392,49171,49172,156,157,47,53",TLS_AES_128_GCM_SHA256_TLS_AES_256_GCM_SHA384_TLS_CHACHA20_POLY1305_SHA256_ECDHE-ECDSA-AES128-GCM_ECDHE-RSA-AES128-GCM_ECDHE-ECDSA-AES256-GCM_ECDHE-RSA-AES256-GCM_ECDHE-ECDSA-CHACHA20_ECDHE-RSA-CHACHA20_ECDHE-RSA-AES128-CBC_ECDHE-RSA-AES256-CBC_RSA-AES128-GCM_RSA-AES256-GCM_RSA-AES128-CBC_RSA-AES256-CBC,4,True,0.0,"2570,25497,29,23,24",x25519Kyber768_x25519_secp256r1_secp384r1,8,False,,"1027,2052,1025,1283,2053,1281,2054,1537",ecdsa_secp256r1_sha256_rsa_pss_rsae_sha256_rsa_pkcs1_sha256_ecdsa_secp384r1_sha384_rsa_pss_rsae_sha384_rsa_pkcs1_sha384_rsa_pss_rsae_sha512_rsa_pkcs1_sha512,True,t13d1516h2,8daaf6152771,02713d6af862,t,13,d,15,16,h2,"1:65536;2:0;4:6291456;6:262144|15663105|1:1:0:256,3:1:0:220,5:1:0:256,7:1:5:110,9:1:7:110,11:1:9:110,13:1:0:256,15:1:13:110,17:1:15:110,19:1:17:110,21:1:0:256,23:1:21:110,25:1:23:110,27:1:25:110,29:1:0:256,31:1:29:110,33:1:31:110,35:1:33:110,37:1:0:110,39:1:0:256|m,a,s,p",1:65536;2:0;4:6291456;6:262144,15663105.0,"1:1:0:256,3:1:0:220,5:1:0:256,7:1:5:110,9:1:7:110,11:1:9:110,13:1:0:256,15:1:13:110,17:1:15:110,19:1:17:110,21:1:0:256,23:1:21:110,25:1:23:110,27:1:25:110,29:1:0:256,31:1:29:110,33:1:31:110,35:1:33:110,37:1:0:110,39:1:0:256","m,a,s,p",20.0,65536.0,0.0,,6291456.0,,262144.0,":method,:authority,:scheme,:path"
trial-010,43c226fe-21c6-4c8c-acd7-4dc4ae42c283,2026-04-19 17:54:42.528823124+00:00,205.172.168.145,POST,/collect,HTTP/2.0,0.833,TLS 1.3,h2,TLS_AES_128_GCM_SHA256,uxbehaviorsuite.com,True,344e30cd239baa413dce4fa6c5980670,t13d1516h2_8daaf6152771_02713d6af862,"h2,http/1.1",h2,2,True,True,0.0,h2_first,"2570,772,771","TLS 1.3,TLS 1.2",2,True,True,True,False,0.0,TLS1.3+TLS1.2,True,15,True,0.0,"2570,4865,4866,4867,49195,49199,49196,49200,52393,52392,49171,49172,156,157,47,53",TLS_AES_128_GCM_SHA256_TLS_AES_256_GCM_SHA384_TLS_CHACHA20_POLY1305_SHA256_ECDHE-ECDSA-AES128-GCM_ECDHE-RSA-AES128-GCM_ECDHE-ECDSA-AES256-GCM_ECDHE-RSA-AES256-GCM_ECDHE-ECDSA-CHACHA20_ECDHE-RSA-CHACHA20_ECDHE-RSA-AES128-CBC_ECDHE-RSA-AES256-CBC_RSA-AES128-GCM_RSA-AES256-GCM_RSA-AES128-CBC_RSA-AES256-CBC,4,True,0.0,"2570,25497,29,23,24",x25519Kyber768_x25519_secp256r1_secp384r1,8,False,,"1027,2052,1025,1283,2053,1281,2054,1537",ecdsa_secp256r1_sha256_rsa_pss_rsae_sha256_rsa_pkcs1_sha256_ecdsa_secp384r1_sha384_rsa_pss_rsae_sha384_rsa_pkcs1_sha384_rsa_pss_rsae_sha512_rsa_pkcs1_sha512,True,t13d1516h2,8daaf6152771,02713d6af862,t,13,d,15,16,h2,"1:65536;2:0;4:6291456;6:262144|15663105|1:1:0:256,3:1:0:220,5:1:0:256,7:1:5:110,9:1:7:110,11:1:9:110,13:1:0:256,15:1:13:110,17:1:15:110,19:1:17:110,21:1:0:256,23:1:21:110,25:1:23:110,27:1:25:110,29:1:0:256,31:1:29:110,33:1:31:110,35:1:33:110,37:1:0:110,39:1:0:256,41:1:39:110|m,a,s,p",1:65536;2:0;4:6291456;6:262144,15663105.0,"1:1:0:256,3:1:0:220,5:1:0:256,7:1:5:110,9:1:7:110,11:1:9:110,13:1:0:256,15:1:13:110,17:1:15:110,19:1:17:110,21:1:0:256,23:1:21:110,25:1:23:110,27:1:25:110,29:1:0:256,31:1:29:110,33:1:31:110,35:1:33:110,37:1:0:110,39:1:0:256,41:1:39:110","m,a,s,p",21.0,65536.0,0.0,,6291456.0,,262144.0,":method,:authority,:scheme,:path"
trial-010,830e20b6-f3b5-4cd3-bae7-50a194aa7e4a,2026-04-19 17:54:42.530567685+00:00,205.172.168.145,POST,/collect,HTTP/2.0,0.213,TLS 1.3,h2,TLS_AES_128_GCM_SHA256,uxbehaviorsuite.com,True,344e30cd239baa413dce4fa6c5980670,t13d1516h2_8daaf6152771_02713d6af862,"h2,http/1.1",h2,2,True,True,0.0,h2_first,"2570,772,771","TLS 1.3,TLS 1.2",2,True,True,True,False,0.0,TLS1.3+TLS1.2,True,15,True,0.0,"2570,4865,4866,4867,49195,49199,49196,49200,52393,52392,49171,49172,156,157,47,53",TLS_AES_128_GCM_SHA256_TLS_AES_256_GCM_SHA384_TLS_CHACHA20_POLY1305_SHA256_ECDHE-ECDSA-AES128-GCM_ECDHE-RSA-AES128-GCM_ECDHE-ECDSA-AES256-GCM_ECDHE-RSA-AES256-GCM_ECDHE-ECDSA-CHACHA20_ECDHE-RSA-CHACHA20_ECDHE-RSA-AES128-CBC_ECDHE-RSA-AES256-CBC_RSA-AES128-GCM_RSA-AES256-GCM_RSA-AES128-CBC_RSA-AES256-CBC,4,True,0.0,"2570,25497,29,23,24",x25519Kyber768_x25519_secp256r1_secp384r1,8,False,,"1027,2052,1025,1283,2053,1281,2054,1537",ecdsa_secp256r1_sha256_rsa_pss_rsae_sha256_rsa_pkcs1_sha256_ecdsa_secp384r1_sha384_rsa_pss_rsae_sha384_rsa_pkcs1_sha384_rsa_pss_rsae_sha512_rsa_pkcs1_sha512,True,t13d1516h2,8daaf6152771,02713d6af862,t,13,d,15,16,h2,"1:65536;2:0;4:6291456;6:262144|15663105|1:1:0:256,3:1:0:220,5:1:0:256,7:1:5:110,9:1:7:110,11:1:9:110,13:1:0:256,15:1:13:110,17:1:15:110,19:1:17:110,21:1:0:256,23:1:21:110,25:1:23:110,27:1:25:110,29:1:0:256,31:1:29:110,33:1:31:110,35:1:33:110,37:1:0:110,39:1:0:256,41:1:39:110,43:1:41:110|m,a,s,p",1:65536;2:0;4:6291456;6:262144,15663105.0,"1:1:0:256,3:1:0:220,5:1:0:256,7:1:5:110,9:1:7:110,11:1:9:110,13:1:0:256,15:1:13:110,17:1:15:110,19:1:17:110,21:1:0:256,23:1:21:110,25:1:23:110,27:1:25:110,29:1:0:256,31:1:29:110,33:1:31:110,35:1:33:110,37:1:0:110,39:1:0:256,41:1:39:110,43:1:41:110","m,a,s,p",22.0,65536.0,0.0,,6291456.0,,262144.0,":method,:authority,:scheme,:path"
trial-011,61eef80c-cec4-44a5-8566-ae5620b726f2,2026-05-02 06:59:29.825340066+00:00,205.172.168.145,GET,/subscribe-v1.html,HTTP/2.0,0.335,TLS 1.3,h2,TLS_AES_128_GCM_SHA256,uxbehaviorsuite.com,True,18f2d770780dbf814692ae054fc1b6a1,t13d1516h2_8daaf6152771_d8a2da3f94cd,"h2,http/1.1",h2,2,True,True,0.0,h2_first,"2570,772,771","TLS 1.3,TLS 1.2",2,True,True,True,False,0.0,TLS1.3+TLS1.2,True,15,True,0.0,"2570,4865,4866,4867,49195,49199,49196,49200,52393,52392,49171,49172,156,157,47,53",TLS_AES_128_GCM_SHA256_TLS_AES_256_GCM_SHA384_TLS_CHACHA20_POLY1305_SHA256_ECDHE-ECDSA-AES128-GCM_ECDHE-RSA-AES128-GCM_ECDHE-ECDSA-AES256-GCM_ECDHE-RSA-AES256-GCM_ECDHE-ECDSA-CHACHA20_ECDHE-RSA-CHACHA20_ECDHE-RSA-AES128-CBC_ECDHE-RSA-AES256-CBC_RSA-AES128-GCM_RSA-AES256-GCM_RSA-AES128-CBC_RSA-AES256-CBC,4,True,0.0,"2570,4588,29,23,24",X25519MLKEM768_x25519_secp256r1_secp384r1,8,False,,"1027,2052,1025,1283,2053,1281,2054,1537",ecdsa_secp256r1_sha256_rsa_pss_rsae_sha256_rsa_pkcs1_sha256_ecdsa_secp384r1_sha384_rsa_pss_rsae_sha384_rsa_pkcs1_sha384_rsa_pss_rsae_sha512_rsa_pkcs1_sha512,True,t13d1516h2,8daaf6152771,d8a2da3f94cd,t,13,d,15,16,h2,"1:65536;2:0;4:6291456;6:262144|15663105|1:1:0:256|m,a,s,p",1:65536;2:0;4:6291456;6:262144,15663105.0,1:1:0:256,"m,a,s,p",1.0,65536.0,0.0,,6291456.0,,262144.0,":method,:authority,:scheme,:path"
trial-011,007ef75b-0625-4fb6-843d-ef19cc89bcfe,2026-05-02 06:59:29.860639208+00:00,205.172.168.145,GET,/logger.js,HTTP/2.0,0.438,TLS 1.3,h2,TLS_AES_128_GCM_SHA256,uxbehaviorsuite.com,True,18f2d770780dbf814692ae054fc1b6a1,t13d1516h2_8daaf6152771_d8a2da3f94cd,"h2,http/1.1",h2,2,True,True,0.0,h2_first,"2570,772,771","TLS 1.3,TLS 1.2",2,True,True,True,False,0.0,TLS1.3+TLS1.2,True,15,True,0.0,"2570,4865,4866,4867,49195,49199,49196,49200,52393,52392,49171,49172,156,157,47,53",TLS_AES_128_GCM_SHA256_TLS_AES_256_GCM_SHA384_TLS_CHACHA20_POLY1305_SHA256_ECDHE-ECDSA-AES128-GCM_ECDHE-RSA-AES128-GCM_ECDHE-ECDSA-AES256-GCM_ECDHE-RSA-AES256-GCM_ECDHE-ECDSA-CHACHA20_ECDHE-RSA-CHACHA20_ECDHE-RSA-AES128-CBC_ECDHE-RSA-AES256-CBC_RSA-AES128-GCM_RSA-AES256-GCM_RSA-AES128-CBC_RSA-AES256-CBC,4,True,0.0,"2570,4588,29,23,24",X25519MLKEM768_x25519_secp256r1_secp384r1,8,False,,"1027,2052,1025,1283,2053,1281,2054,1537",ecdsa_secp256r1_sha256_rsa_pss_rsae_sha256_rsa_pkcs1_sha256_ecdsa_secp384r1_sha384_rsa_pss_rsae_sha384_rsa_pkcs1_sha384_rsa_pss_rsae_sha512_rsa_pkcs1_sha512,True,t13d1516h2,8daaf6152771,d8a2da3f94cd,t,13,d,15,16,h2,"1:65536;2:0;4:6291456;6:262144|15663105|1:1:0:256,3:1:0:220|m,a,s,p",1:65536;2:0;4:6291456;6:262144,15663105.0,"1:1:0:256,3:1:0:220","m,a,s,p",2.0,65536.0,0.0,,6291456.0,,262144.0,":method,:authority,:scheme,:path"
trial-011,9d266c44-ebd9-4422-a710-784a411f6ffb,2026-05-02 07:00:44.417435900+00:00,205.172.168.145,GET,/subscribe-v2.html,HTTP/2.0,0.608,TLS 1.3,h2,TLS_AES_128_GCM_SHA256,uxbehaviorsuite.com,True,18f2d770780dbf814692ae054fc1b6a1,t13d1516h2_8daaf6152771_d8a2da3f94cd,"h2,http/1.1",h2,2,True,True,0.0,h2_first,"2570,772,771","TLS 1.3,TLS 1.2",2,True,True,True,False,0.0,TLS1.3+TLS1.2,True,15,True,0.0,"2570,4865,4866,4867,49195,49199,49196,49200,52393,52392,49171,49172,156,157,47,53",TLS_AES_128_GCM_SHA256_TLS_AES_256_GCM_SHA384_TLS_CHACHA20_POLY1305_SHA256_ECDHE-ECDSA-AES128-GCM_ECDHE-RSA-AES128-GCM_ECDHE-ECDSA-AES256-GCM_ECDHE-RSA-AES256-GCM_ECDHE-ECDSA-CHACHA20_ECDHE-RSA-CHACHA20_ECDHE-RSA-AES128-CBC_ECDHE-RSA-AES256-CBC_RSA-AES128-GCM_RSA-AES256-GCM_RSA-AES128-CBC_RSA-AES256-CBC,4,True,0.0,"2570,4588,29,23,24",X25519MLKEM768_x25519_secp256r1_secp384r1,8,False,,"1027,2052,1025,1283,2053,1281,2054,1537",ecdsa_secp256r1_sha256_rsa_pss_rsae_sha256_rsa_pkcs1_sha256_ecdsa_secp384r1_sha384_rsa_pss_rsae_sha384_rsa_pkcs1_sha384_rsa_pss_rsae_sha512_rsa_pkcs1_sha512,True,t13d1516h2,8daaf6152771,d8a2da3f94cd,t,13,d,15,16,h2,"1:65536;2:0;4:6291456;6:262144|15663105|1:1:0:256,3:1:0:220,5:1:0:256,7:1:5:110|m,a,s,p",1:65536;2:0;4:6291456;6:262144,15663105.0,"1:1:0:256,3:1:0:220,5:1:0:256,7:1:5:110","m,a,s,p",4.0,65536.0,0.0,,6291456.0,,262144.0,":method,:authority,:scheme,:path"
trial-011,4c2eb279-7f0b-4905-90d8-335bb3f7c7ed,2026-05-02 07:00:44.417597775+00:00,205.172.168.145,POST,/collect,HTTP/2.0,1.133,TLS 1.3,h2,TLS_AES_128_GCM_SHA256,uxbehaviorsuite.com,True,18f2d770780dbf814692ae054fc1b6a1,t13d1516h2_8daaf6152771_d8a2da3f94cd,"h2,http/1.1",h2,2,True,True,0.0,h2_first,"2570,772,771","TLS 1.3,TLS 1.2",2,True,True,True,False,0.0,TLS1.3+TLS1.2,True,15,True,0.0,"2570,4865,4866,4867,49195,49199,49196,49200,52393,52392,49171,49172,156,157,47,53",TLS_AES_128_GCM_SHA256_TLS_AES_256_GCM_SHA384_TLS_CHACHA20_POLY1305_SHA256_ECDHE-ECDSA-AES128-GCM_ECDHE-RSA-AES128-GCM_ECDHE-ECDSA-AES256-GCM_ECDHE-RSA-AES256-GCM_ECDHE-ECDSA-CHACHA20_ECDHE-RSA-CHACHA20_ECDHE-RSA-AES128-CBC_ECDHE-RSA-AES256-CBC_RSA-AES128-GCM_RSA-AES256-GCM_RSA-AES128-CBC_RSA-AES256-CBC,4,True,0.0,"2570,4588,29,23,24",X25519MLKEM768_x25519_secp256r1_secp384r1,8,False,,"1027,2052,1025,1283,2053,1281,2054,1537",ecdsa_secp256r1_sha256_rsa_pss_rsae_sha256_rsa_pkcs1_sha256_ecdsa_secp384r1_sha384_rsa_pss_rsae_sha384_rsa_pkcs1_sha384_rsa_pss_rsae_sha512_rsa_pkcs1_sha512,True,t13d1516h2,8daaf6152771,d8a2da3f94cd,t,13,d,15,16,h2,"1:65536;2:0;4:6291456;6:262144|15663105|1:1:0:256,3:1:0:220,5:1:0:256,7:1:5:110|m,a,s,p",1:65536;2:0;4:6291456;6:262144,15663105.0,"1:1:0:256,3:1:0:220,5:1:0:256,7:1:5:110","m,a,s,p",4.0,65536.0,0.0,,6291456.0,,262144.0,":method,:authority,:scheme,:path"
trial-011,ae77c39c-9c8b-4234-a16c-0ba45b414258,2026-05-02 07:00:44.435525634+00:00,205.172.168.145,POST,/collect,HTTP/2.0,0.312,TLS 1.3,h2,TLS_AES_128_GCM_SHA256,uxbehaviorsuite.com,True,18f2d770780dbf814692ae054fc1b6a1,t13d1516h2_8daaf6152771_d8a2da3f94cd,"h2,http/1.1",h2,2,True,True,0.0,h2_first,"2570,772,771","TLS 1.3,TLS 1.2",2,True,True,True,False,0.0,TLS1.3+TLS1.2,True,15,True,0.0,"2570,4865,4866,4867,49195,49199,49196,49200,52393,52392,49171,49172,156,157,47,53",TLS_AES_128_GCM_SHA256_TLS_AES_256_GCM_SHA384_TLS_CHACHA20_POLY1305_SHA256_ECDHE-ECDSA-AES128-GCM_ECDHE-RSA-AES128-GCM_ECDHE-ECDSA-AES256-GCM_ECDHE-RSA-AES256-GCM_ECDHE-ECDSA-CHACHA20_ECDHE-RSA-CHACHA20_ECDHE-RSA-AES128-CBC_ECDHE-RSA-AES256-CBC_RSA-AES128-GCM_RSA-AES256-GCM_RSA-AES128-CBC_RSA-AES256-CBC,4,True,0.0,"2570,4588,29,23,24",X25519MLKEM768_x25519_secp256r1_secp384r1,8,False,,"1027,2052,1025,1283,2053,1281,2054,1537",ecdsa_secp256r1_sha256_rsa_pss_rsae_sha256_rsa_pkcs1_sha256_ecdsa_secp384r1_sha384_rsa_pss_rsae_sha384_rsa_pkcs1_sha384_rsa_pss_rsae_sha512_rsa_pkcs1_sha512,True,t13d1516h2,8daaf6152771,d8a2da3f94cd,t,13,d,15,16,h2,"1:65536;2:0;4:6291456;6:262144|15663105|1:1:0:256,3:1:0:220,5:1:0:256,7:1:5:110,9:1:7:110|m,a,s,p",1:65536;2:0;4:6291456;6:262144,15663105.0,"1:1:0:256,3:1:0:220,5:1:0:256,7:1:5:110,9:1:7:110","m,a,s,p",5.0,65536.0,0.0,,6291456.0,,262144.0,":method,:authority,:scheme,:path"
trial-011,66c6e8c1-7c61-4667-91ba-fb9d428fbb8e,2026-05-02 07:00:44.437835427+00:00,205.172.168.145,POST,/collect,HTTP/2.0,0.185,TLS 1.3,h2,TLS_AES_128_GCM_SHA256,uxbehaviorsuite.com,True,18f2d770780dbf814692ae054fc1b6a1,t13d1516h2_8daaf6152771_d8a2da3f94cd,"h2,http/1.1",h2,2,True,True,0.0,h2_first,"2570,772,771","TLS 1.3,TLS 1.2",2,True,True,True,False,0.0,TLS1.3+TLS1.2,True,15,True,0.0,"2570,4865,4866,4867,49195,49199,49196,49200,52393,52392,49171,49172,156,157,47,53",TLS_AES_128_GCM_SHA256_TLS_AES_256_GCM_SHA384_TLS_CHACHA20_POLY1305_SHA256_ECDHE-ECDSA-AES128-GCM_ECDHE-RSA-AES128-GCM_ECDHE-ECDSA-AES256-GCM_ECDHE-RSA-AES256-GCM_ECDHE-ECDSA-CHACHA20_ECDHE-RSA-CHACHA20_ECDHE-RSA-AES128-CBC_ECDHE-RSA-AES256-CBC_RSA-AES128-GCM_RSA-AES256-GCM_RSA-AES128-CBC_RSA-AES256-CBC,4,True,0.0,"2570,4588,29,23,24",X25519MLKEM768_x25519_secp256r1_secp384r1,8,False,,"1027,2052,1025,1283,2053,1281,2054,1537",ecdsa_secp256r1_sha256_rsa_pss_rsae_sha256_rsa_pkcs1_sha256_ecdsa_secp384r1_sha384_rsa_pss_rsae_sha384_rsa_pkcs1_sha384_rsa_pss_rsae_sha512_rsa_pkcs1_sha512,True,t13d1516h2,8daaf6152771,d8a2da3f94cd,t,13,d,15,16,h2,"1:65536;2:0;4:6291456;6:262144|15663105|1:1:0:256,3:1:0:220,5:1:0:256,7:1:5:110,9:1:7:110,11:1:9:110|m,a,s,p",1:65536;2:0;4:6291456;6:262144,15663105.0,"1:1:0:256,3:1:0:220,5:1:0:256,7:1:5:110,9:1:7:110,11:1:9:110","m,a,s,p",6.0,65536.0,0.0,,6291456.0,,262144.0,":method,:authority,:scheme,:path"
trial-011,fbce46e6-f20d-4452-aedb-0a8326beea3f,2026-05-02 07:02:08.208348567+00:00,205.172.168.145,GET,/subscribe-v3.html,HTTP/2.0,0.462,TLS 1.3,h2,TLS_AES_128_GCM_SHA256,uxbehaviorsuite.com,True,18f2d770780dbf814692ae054fc1b6a1,t13d1516h2_8daaf6152771_d8a2da3f94cd,"h2,http/1.1",h2,2,True,True,0.0,h2_first,"2570,772,771","TLS 1.3,TLS 1.2",2,True,True,True,False,0.0,TLS1.3+TLS1.2,True,15,True,0.0,"2570,4865,4866,4867,49195,49199,49196,49200,52393,52392,49171,49172,156,157,47,53",TLS_AES_128_GCM_SHA256_TLS_AES_256_GCM_SHA384_TLS_CHACHA20_POLY1305_SHA256_ECDHE-ECDSA-AES128-GCM_ECDHE-RSA-AES128-GCM_ECDHE-ECDSA-AES256-GCM_ECDHE-RSA-AES256-GCM_ECDHE-ECDSA-CHACHA20_ECDHE-RSA-CHACHA20_ECDHE-RSA-AES128-CBC_ECDHE-RSA-AES256-CBC_RSA-AES128-GCM_RSA-AES256-GCM_RSA-AES128-CBC_RSA-AES256-CBC,4,True,0.0,"2570,4588,29,23,24",X25519MLKEM768_x25519_secp256r1_secp384r1,8,False,,"1027,2052,1025,1283,2053,1281,2054,1537",ecdsa_secp256r1_sha256_rsa_pss_rsae_sha256_rsa_pkcs1_sha256_ecdsa_secp384r1_sha384_rsa_pss_rsae_sha384_rsa_pkcs1_sha384_rsa_pss_rsae_sha512_rsa_pkcs1_sha512,True,t13d1516h2,8daaf6152771,d8a2da3f94cd,t,13,d,15,16,h2,"1:65536;2:0;4:6291456;6:262144|15663105|1:1:0:256,3:1:0:220,5:1:0:256,7:1:5:110,9:1:7:110,11:1:9:110,13:1:0:256|m,a,s,p",1:65536;2:0;4:6291456;6:262144,15663105.0,"1:1:0:256,3:1:0:220,5:1:0:256,7:1:5:110,9:1:7:110,11:1:9:110,13:1:0:256","m,a,s,p",7.0,65536.0,0.0,,6291456.0,,262144.0,":method,:authority,:scheme,:path"
trial-011,bf6be776-5549-4709-9a9f-a9f48744a0c2,2026-05-02 07:02:08.208669165+00:00,205.172.168.145,POST,/collect,HTTP/2.0,0.622,TLS 1.3,h2,TLS_AES_128_GCM_SHA256,uxbehaviorsuite.com,True,18f2d770780dbf814692ae054fc1b6a1,t13d1516h2_8daaf6152771_d8a2da3f94cd,"h2,http/1.1",h2,2,True,True,0.0,h2_first,"2570,772,771","TLS 1.3,TLS 1.2",2,True,True,True,False,0.0,TLS1.3+TLS1.2,True,15,True,0.0,"2570,4865,4866,4867,49195,49199,49196,49200,52393,52392,49171,49172,156,157,47,53",TLS_AES_128_GCM_SHA256_TLS_AES_256_GCM_SHA384_TLS_CHACHA20_POLY1305_SHA256_ECDHE-ECDSA-AES128-GCM_ECDHE-RSA-AES128-GCM_ECDHE-ECDSA-AES256-GCM_ECDHE-RSA-AES256-GCM_ECDHE-ECDSA-CHACHA20_ECDHE-RSA-CHACHA20_ECDHE-RSA-AES128-CBC_ECDHE-RSA-AES256-CBC_RSA-AES128-GCM_RSA-AES256-GCM_RSA-AES128-CBC_RSA-AES256-CBC,4,True,0.0,"2570,4588,29,23,24",X25519MLKEM768_x25519_secp256r1_secp384r1,8,False,,"1027,2052,1025,1283,2053,1281,2054,1537",ecdsa_secp256r1_sha256_rsa_pss_rsae_sha256_rsa_pkcs1_sha256_ecdsa_secp384r1_sha384_rsa_pss_rsae_sha384_rsa_pkcs1_sha384_rsa_pss_rsae_sha512_rsa_pkcs1_sha512,True,t13d1516h2,8daaf6152771,d8a2da3f94cd,t,13,d,15,16,h2,"1:65536;2:0;4:6291456;6:262144|15663105|1:1:0:256,3:1:0:220,5:1:0:256,7:1:5:110,9:1:7:110,11:1:9:110,13:1:0:256,15:1:13:110|m,a,s,p",1:65536;2:0;4:6291456;6:262144,15663105.0,"1:1:0:256,3:1:0:220,5:1:0:256,7:1:5:110,9:1:7:110,11:1:9:110,13:1:0:256,15:1:13:110","m,a,s,p",8.0,65536.0,0.0,,6291456.0,,262144.0,":method,:authority,:scheme,:path"
trial-011,530fdcea-5d9c-4954-be40-52d598e6bae0,2026-05-02 07:02:08.229349953+00:00,205.172.168.145,POST,/collect,HTTP/2.0,0.49,TLS 1.3,h2,TLS_AES_128_GCM_SHA256,uxbehaviorsuite.com,True,18f2d770780dbf814692ae054fc1b6a1,t13d1516h2_8daaf6152771_d8a2da3f94cd,"h2,http/1.1",h2,2,True,True,0.0,h2_first,"2570,772,771","TLS 1.3,TLS 1.2",2,True,True,True,False,0.0,TLS1.3+TLS1.2,True,15,True,0.0,"2570,4865,4866,4867,49195,49199,49196,49200,52393,52392,49171,49172,156,157,47,53",TLS_AES_128_GCM_SHA256_TLS_AES_256_GCM_SHA384_TLS_CHACHA20_POLY1305_SHA256_ECDHE-ECDSA-AES128-GCM_ECDHE-RSA-AES128-GCM_ECDHE-ECDSA-AES256-GCM_ECDHE-RSA-AES256-GCM_ECDHE-ECDSA-CHACHA20_ECDHE-RSA-CHACHA20_ECDHE-RSA-AES128-CBC_ECDHE-RSA-AES256-CBC_RSA-AES128-GCM_RSA-AES256-GCM_RSA-AES128-CBC_RSA-AES256-CBC,4,True,0.0,"2570,4588,29,23,24",X25519MLKEM768_x25519_secp256r1_secp384r1,8,False,,"1027,2052,1025,1283,2053,1281,2054,1537",ecdsa_secp256r1_sha256_rsa_pss_rsae_sha256_rsa_pkcs1_sha256_ecdsa_secp384r1_sha384_rsa_pss_rsae_sha384_rsa_pkcs1_sha384_rsa_pss_rsae_sha512_rsa_pkcs1_sha512,True,t13d1516h2,8daaf6152771,d8a2da3f94cd,t,13,d,15,16,h2,"1:65536;2:0;4:6291456;6:262144|15663105|1:1:0:256,3:1:0:220,5:1:0:256,7:1:5:110,9:1:7:110,11:1:9:110,13:1:0:256,15:1:13:110,17:1:15:110,19:1:17:110|m,a,s,p",1:65536;2:0;4:6291456;6:262144,15663105.0,"1:1:0:256,3:1:0:220,5:1:0:256,7:1:5:110,9:1:7:110,11:1:9:110,13:1:0:256,15:1:13:110,17:1:15:110,19:1:17:110","m,a,s,p",10.0,65536.0,0.0,,6291456.0,,262144.0,":method,:authority,:scheme,:path"
trial-011,65159706-2818-47c3-83ac-a772b0ddde80,2026-05-02 07:02:08.229503341+00:00,205.172.168.145,POST,/collect,HTTP/2.0,0.43,TLS 1.3,h2,TLS_AES_128_GCM_SHA256,uxbehaviorsuite.com,True,18f2d770780dbf814692ae054fc1b6a1,t13d1516h2_8daaf6152771_d8a2da3f94cd,"h2,http/1.1",h2,2,True,True,0.0,h2_first,"2570,772,771","TLS 1.3,TLS 1.2",2,True,True,True,False,0.0,TLS1.3+TLS1.2,True,15,True,0.0,"2570,4865,4866,4867,49195,49199,49196,49200,52393,52392,49171,49172,156,157,47,53",TLS_AES_128_GCM_SHA256_TLS_AES_256_GCM_SHA384_TLS_CHACHA20_POLY1305_SHA256_ECDHE-ECDSA-AES128-GCM_ECDHE-RSA-AES128-GCM_ECDHE-ECDSA-AES256-GCM_ECDHE-RSA-AES256-GCM_ECDHE-ECDSA-CHACHA20_ECDHE-RSA-CHACHA20_ECDHE-RSA-AES128-CBC_ECDHE-RSA-AES256-CBC_RSA-AES128-GCM_RSA-AES256-GCM_RSA-AES128-CBC_RSA-AES256-CBC,4,True,0.0,"2570,4588,29,23,24",X25519MLKEM768_x25519_secp256r1_secp384r1,8,False,,"1027,2052,1025,1283,2053,1281,2054,1537",ecdsa_secp256r1_sha256_rsa_pss_rsae_sha256_rsa_pkcs1_sha256_ecdsa_secp384r1_sha384_rsa_pss_rsae_sha384_rsa_pkcs1_sha384_rsa_pss_rsae_sha512_rsa_pkcs1_sha512,True,t13d1516h2,8daaf6152771,d8a2da3f94cd,t,13,d,15,16,h2,"1:65536;2:0;4:6291456;6:262144|15663105|1:1:0:256,3:1:0:220,5:1:0:256,7:1:5:110,9:1:7:110,11:1:9:110,13:1:0:256,15:1:13:110,17:1:15:110,19:1:17:110|m,a,s,p",1:65536;2:0;4:6291456;6:262144,15663105.0,"1:1:0:256,3:1:0:220,5:1:0:256,7:1:5:110,9:1:7:110,11:1:9:110,13:1:0:256,15:1:13:110,17:1:15:110,19:1:17:110","m,a,s,p",10.0,65536.0,0.0,,6291456.0,,262144.0,":method,:authority,:scheme,:path"
trial-011,870f5934-4cc2-4eea-82b1-75c5689af04a,2026-05-02 07:03:09.821333073+00:00,205.172.168.145,GET,/s2-scroll-gate.html,HTTP/2.0,0.393,TLS 1.3,h2,TLS_AES_128_GCM_SHA256,uxbehaviorsuite.com,True,18f2d770780dbf814692ae054fc1b6a1,t13d1516h2_8daaf6152771_d8a2da3f94cd,"h2,http/1.1",h2,2,True,True,0.0,h2_first,"2570,772,771","TLS 1.3,TLS 1.2",2,True,True,True,False,0.0,TLS1.3+TLS1.2,True,15,True,0.0,"2570,4865,4866,4867,49195,49199,49196,49200,52393,52392,49171,49172,156,157,47,53",TLS_AES_128_GCM_SHA256_TLS_AES_256_GCM_SHA384_TLS_CHACHA20_POLY1305_SHA256_ECDHE-ECDSA-AES128-GCM_ECDHE-RSA-AES128-GCM_ECDHE-ECDSA-AES256-GCM_ECDHE-RSA-AES256-GCM_ECDHE-ECDSA-CHACHA20_ECDHE-RSA-CHACHA20_ECDHE-RSA-AES128-CBC_ECDHE-RSA-AES256-CBC_RSA-AES128-GCM_RSA-AES256-GCM_RSA-AES128-CBC_RSA-AES256-CBC,4,True,0.0,"2570,4588,29,23,24",X25519MLKEM768_x25519_secp256r1_secp384r1,8,False,,"1027,2052,1025,1283,2053,1281,2054,1537",ecdsa_secp256r1_sha256_rsa_pss_rsae_sha256_rsa_pkcs1_sha256_ecdsa_secp384r1_sha384_rsa_pss_rsae_sha384_rsa_pkcs1_sha384_rsa_pss_rsae_sha512_rsa_pkcs1_sha512,True,t13d1516h2,8daaf6152771,d8a2da3f94cd,t,13,d,15,16,h2,"1:65536;2:0;4:6291456;6:262144|15663105|1:1:0:256,3:1:0:220,5:1:0:256,7:1:5:110,9:1:7:110,11:1:9:110,13:1:0:256,15:1:13:110,17:1:15:110,19:1:17:110,21:1:0:256,23:1:21:110|m,a,s,p",1:65536;2:0;4:6291456;6:262144,15663105.0,"1:1:0:256,3:1:0:220,5:1:0:256,7:1:5:110,9:1:7:110,11:1:9:110,13:1:0:256,15:1:13:110,17:1:15:110,19:1:17:110,21:1:0:256,23:1:21:110","m,a,s,p",12.0,65536.0,0.0,,6291456.0,,262144.0,":method,:authority,:scheme,:path"
trial-011,1e368f99-0d47-42af-9117-5f5322aca3d4,2026-05-02 07:03:09.821434970+00:00,205.172.168.145,POST,/collect,HTTP/2.0,0.298,TLS 1.3,h2,TLS_AES_128_GCM_SHA256,uxbehaviorsuite.com,True,18f2d770780dbf814692ae054fc1b6a1,t13d1516h2_8daaf6152771_d8a2da3f94cd,"h2,http/1.1",h2,2,True,True,0.0,h2_first,"2570,772,771","TLS 1.3,TLS 1.2",2,True,True,True,False,0.0,TLS1.3+TLS1.2,True,15,True,0.0,"2570,4865,4866,4867,49195,49199,49196,49200,52393,52392,49171,49172,156,157,47,53",TLS_AES_128_GCM_SHA256_TLS_AES_256_GCM_SHA384_TLS_CHACHA20_POLY1305_SHA256_ECDHE-ECDSA-AES128-GCM_ECDHE-RSA-AES128-GCM_ECDHE-ECDSA-AES256-GCM_ECDHE-RSA-AES256-GCM_ECDHE-ECDSA-CHACHA20_ECDHE-RSA-CHACHA20_ECDHE-RSA-AES128-CBC_ECDHE-RSA-AES256-CBC_RSA-AES128-GCM_RSA-AES256-GCM_RSA-AES128-CBC_RSA-AES256-CBC,4,True,0.0,"2570,4588,29,23,24",X25519MLKEM768_x25519_secp256r1_secp384r1,8,False,,"1027,2052,1025,1283,2053,1281,2054,1537",ecdsa_secp256r1_sha256_rsa_pss_rsae_sha256_rsa_pkcs1_sha256_ecdsa_secp384r1_sha384_rsa_pss_rsae_sha384_rsa_pkcs1_sha384_rsa_pss_rsae_sha512_rsa_pkcs1_sha512,True,t13d1516h2,8daaf6152771,d8a2da3f94cd,t,13,d,15,16,h2,"1:65536;2:0;4:6291456;6:262144|15663105|1:1:0:256,3:1:0:220,5:1:0:256,7:1:5:110,9:1:7:110,11:1:9:110,13:1:0:256,15:1:13:110,17:1:15:110,19:1:17:110,21:1:0:256,23:1:21:110|m,a,s,p",1:65536;2:0;4:6291456;6:262144,15663105.0,"1:1:0:256,3:1:0:220,5:1:0:256,7:1:5:110,9:1:7:110,11:1:9:110,13:1:0:256,15:1:13:110,17:1:15:110,19:1:17:110,21:1:0:256,23:1:21:110","m,a,s,p",12.0,65536.0,0.0,,6291456.0,,262144.0,":method,:authority,:scheme,:path"
trial-011,1a81a1bd-acb1-4993-b513-28163bcacea4,2026-05-02 07:03:09.842220160+00:00,205.172.168.145,POST,/collect,HTTP/2.0,0.216,TLS 1.3,h2,TLS_AES_128_GCM_SHA256,uxbehaviorsuite.com,True,18f2d770780dbf814692ae054fc1b6a1,t13d1516h2_8daaf6152771_d8a2da3f94cd,"h2,http/1.1",h2,2,True,True,0.0,h2_first,"2570,772,771","TLS 1.3,TLS 1.2",2,True,True,True,False,0.0,TLS1.3+TLS1.2,True,15,True,0.0,"2570,4865,4866,4867,49195,49199,49196,49200,52393,52392,49171,49172,156,157,47,53",TLS_AES_128_GCM_SHA256_TLS_AES_256_GCM_SHA384_TLS_CHACHA20_POLY1305_SHA256_ECDHE-ECDSA-AES128-GCM_ECDHE-RSA-AES128-GCM_ECDHE-ECDSA-AES256-GCM_ECDHE-RSA-AES256-GCM_ECDHE-ECDSA-CHACHA20_ECDHE-RSA-CHACHA20_ECDHE-RSA-AES128-CBC_ECDHE-RSA-AES256-CBC_RSA-AES128-GCM_RSA-AES256-GCM_RSA-AES128-CBC_RSA-AES256-CBC,4,True,0.0,"2570,4588,29,23,24",X25519MLKEM768_x25519_secp256r1_secp384r1,8,False,,"1027,2052,1025,1283,2053,1281,2054,1537",ecdsa_secp256r1_sha256_rsa_pss_rsae_sha256_rsa_pkcs1_sha256_ecdsa_secp384r1_sha384_rsa_pss_rsae_sha384_rsa_pkcs1_sha384_rsa_pss_rsae_sha512_rsa_pkcs1_sha512,True,t13d1516h2,8daaf6152771,d8a2da3f94cd,t,13,d,15,16,h2,"1:65536;2:0;4:6291456;6:262144|15663105|1:1:0:256,3:1:0:220,5:1:0:256,7:1:5:110,9:1:7:110,11:1:9:110,13:1:0:256,15:1:13:110,17:1:15:110,19:1:17:110,21:1:0:256,23:1:21:110,25:1:23:110|m,a,s,p",1:65536;2:0;4:6291456;6:262144,15663105.0,"1:1:0:256,3:1:0:220,5:1:0:256,7:1:5:110,9:1:7:110,11:1:9:110,13:1:0:256,15:1:13:110,17:1:15:110,19:1:17:110,21:1:0:256,23:1:21:110,25:1:23:110","m,a,s,p",13.0,65536.0,0.0,,6291456.0,,262144.0,":method,:authority,:scheme,:path"
trial-011,9d33ae89-7dbb-485d-bac3-15660a3dfc20,2026-05-02 07:03:09.844177061+00:00,205.172.168.145,POST,/collect,HTTP/2.0,0.243,TLS 1.3,h2,TLS_AES_128_GCM_SHA256,uxbehaviorsuite.com,True,18f2d770780dbf814692ae054fc1b6a1,t13d1516h2_8daaf6152771_d8a2da3f94cd,"h2,http/1.1",h2,2,True,True,0.0,h2_first,"2570,772,771","TLS 1.3,TLS 1.2",2,True,True,True,False,0.0,TLS1.3+TLS1.2,True,15,True,0.0,"2570,4865,4866,4867,49195,49199,49196,49200,52393,52392,49171,49172,156,157,47,53",TLS_AES_128_GCM_SHA256_TLS_AES_256_GCM_SHA384_TLS_CHACHA20_POLY1305_SHA256_ECDHE-ECDSA-AES128-GCM_ECDHE-RSA-AES128-GCM_ECDHE-ECDSA-AES256-GCM_ECDHE-RSA-AES256-GCM_ECDHE-ECDSA-CHACHA20_ECDHE-RSA-CHACHA20_ECDHE-RSA-AES128-CBC_ECDHE-RSA-AES256-CBC_RSA-AES128-GCM_RSA-AES256-GCM_RSA-AES128-CBC_RSA-AES256-CBC,4,True,0.0,"2570,4588,29,23,24",X25519MLKEM768_x25519_secp256r1_secp384r1,8,False,,"1027,2052,1025,1283,2053,1281,2054,1537",ecdsa_secp256r1_sha256_rsa_pss_rsae_sha256_rsa_pkcs1_sha256_ecdsa_secp384r1_sha384_rsa_pss_rsae_sha384_rsa_pkcs1_sha384_rsa_pss_rsae_sha512_rsa_pkcs1_sha512,True,t13d1516h2,8daaf6152771,d8a2da3f94cd,t,13,d,15,16,h2,"1:65536;2:0;4:6291456;6:262144|15663105|1:1:0:256,3:1:0:220,5:1:0:256,7:1:5:110,9:1:7:110,11:1:9:110,13:1:0:256,15:1:13:110,17:1:15:110,19:1:17:110,21:1:0:256,23:1:21:110,25:1:23:110,27:1:25:110|m,a,s,p",1:65536;2:0;4:6291456;6:262144,15663105.0,"1:1:0:256,3:1:0:220,5:1:0:256,7:1:5:110,9:1:7:110,11:1:9:110,13:1:0:256,15:1:13:110,17:1:15:110,19:1:17:110,21:1:0:256,23:1:21:110,25:1:23:110,27:1:25:110","m,a,s,p",14.0,65536.0,0.0,,6291456.0,,262144.0,":method,:authority,:scheme,:path"
trial-011,a6310bdc-f8de-45a1-b86c-1fd6682f58aa,2026-05-02 07:04:14.205370532+00:00,205.172.168.145,GET,/s3-hover-reveal.html,HTTP/2.0,1.302,TLS 1.3,h2,TLS_AES_128_GCM_SHA256,uxbehaviorsuite.com,True,18f2d770780dbf814692ae054fc1b6a1,t13d1516h2_8daaf6152771_d8a2da3f94cd,"h2,http/1.1",h2,2,True,True,0.0,h2_first,"2570,772,771","TLS 1.3,TLS 1.2",2,True,True,True,False,0.0,TLS1.3+TLS1.2,True,15,True,0.0,"2570,4865,4866,4867,49195,49199,49196,49200,52393,52392,49171,49172,156,157,47,53",TLS_AES_128_GCM_SHA256_TLS_AES_256_GCM_SHA384_TLS_CHACHA20_POLY1305_SHA256_ECDHE-ECDSA-AES128-GCM_ECDHE-RSA-AES128-GCM_ECDHE-ECDSA-AES256-GCM_ECDHE-RSA-AES256-GCM_ECDHE-ECDSA-CHACHA20_ECDHE-RSA-CHACHA20_ECDHE-RSA-AES128-CBC_ECDHE-RSA-AES256-CBC_RSA-AES128-GCM_RSA-AES256-GCM_RSA-AES128-CBC_RSA-AES256-CBC,4,True,0.0,"2570,4588,29,23,24",X25519MLKEM768_x25519_secp256r1_secp384r1,8,False,,"1027,2052,1025,1283,2053,1281,2054,1537",ecdsa_secp256r1_sha256_rsa_pss_rsae_sha256_rsa_pkcs1_sha256_ecdsa_secp384r1_sha384_rsa_pss_rsae_sha384_rsa_pkcs1_sha384_rsa_pss_rsae_sha512_rsa_pkcs1_sha512,True,t13d1516h2,8daaf6152771,d8a2da3f94cd,t,13,d,15,16,h2,"1:65536;2:0;4:6291456;6:262144|15663105|1:1:0:256,3:1:0:220,5:1:0:256,7:1:5:110,9:1:7:110,11:1:9:110,13:1:0:256,15:1:13:110,17:1:15:110,19:1:17:110,21:1:0:256,23:1:21:110,25:1:23:110,27:1:25:110,29:1:0:256,31:1:29:110|m,a,s,p",1:65536;2:0;4:6291456;6:262144,15663105.0,"1:1:0:256,3:1:0:220,5:1:0:256,7:1:5:110,9:1:7:110,11:1:9:110,13:1:0:256,15:1:13:110,17:1:15:110,19:1:17:110,21:1:0:256,23:1:21:110,25:1:23:110,27:1:25:110,29:1:0:256,31:1:29:110","m,a,s,p",16.0,65536.0,0.0,,6291456.0,,262144.0,":method,:authority,:scheme,:path"
trial-011,07be4061-8565-4880-b1c0-efd61f7eca29,2026-05-02 07:04:14.205967101+00:00,205.172.168.145,POST,/collect,HTTP/2.0,0.404,TLS 1.3,h2,TLS_AES_128_GCM_SHA256,uxbehaviorsuite.com,True,18f2d770780dbf814692ae054fc1b6a1,t13d1516h2_8daaf6152771_d8a2da3f94cd,"h2,http/1.1",h2,2,True,True,0.0,h2_first,"2570,772,771","TLS 1.3,TLS 1.2",2,True,True,True,False,0.0,TLS1.3+TLS1.2,True,15,True,0.0,"2570,4865,4866,4867,49195,49199,49196,49200,52393,52392,49171,49172,156,157,47,53",TLS_AES_128_GCM_SHA256_TLS_AES_256_GCM_SHA384_TLS_CHACHA20_POLY1305_SHA256_ECDHE-ECDSA-AES128-GCM_ECDHE-RSA-AES128-GCM_ECDHE-ECDSA-AES256-GCM_ECDHE-RSA-AES256-GCM_ECDHE-ECDSA-CHACHA20_ECDHE-RSA-CHACHA20_ECDHE-RSA-AES128-CBC_ECDHE-RSA-AES256-CBC_RSA-AES128-GCM_RSA-AES256-GCM_RSA-AES128-CBC_RSA-AES256-CBC,4,True,0.0,"2570,4588,29,23,24",X25519MLKEM768_x25519_secp256r1_secp384r1,8,False,,"1027,2052,1025,1283,2053,1281,2054,1537",ecdsa_secp256r1_sha256_rsa_pss_rsae_sha256_rsa_pkcs1_sha256_ecdsa_secp384r1_sha384_rsa_pss_rsae_sha384_rsa_pkcs1_sha384_rsa_pss_rsae_sha512_rsa_pkcs1_sha512,True,t13d1516h2,8daaf6152771,d8a2da3f94cd,t,13,d,15,16,h2,"1:65536;2:0;4:6291456;6:262144|15663105|1:1:0:256,3:1:0:220,5:1:0:256,7:1:5:110,9:1:7:110,11:1:9:110,13:1:0:256,15:1:13:110,17:1:15:110,19:1:17:110,21:1:0:256,23:1:21:110,25:1:23:110,27:1:25:110,29:1:0:256,31:1:29:110|m,a,s,p",1:65536;2:0;4:6291456;6:262144,15663105.0,"1:1:0:256,3:1:0:220,5:1:0:256,7:1:5:110,9:1:7:110,11:1:9:110,13:1:0:256,15:1:13:110,17:1:15:110,19:1:17:110,21:1:0:256,23:1:21:110,25:1:23:110,27:1:25:110,29:1:0:256,31:1:29:110","m,a,s,p",16.0,65536.0,0.0,,6291456.0,,262144.0,":method,:authority,:scheme,:path"
trial-011,8ae40199-1f85-470a-ad1d-0ab54626189b,2026-05-02 07:04:14.235449266+00:00,205.172.168.145,POST,/collect,HTTP/2.0,0.202,TLS 1.3,h2,TLS_AES_128_GCM_SHA256,uxbehaviorsuite.com,True,18f2d770780dbf814692ae054fc1b6a1,t13d1516h2_8daaf6152771_d8a2da3f94cd,"h2,http/1.1",h2,2,True,True,0.0,h2_first,"2570,772,771","TLS 1.3,TLS 1.2",2,True,True,True,False,0.0,TLS1.3+TLS1.2,True,15,True,0.0,"2570,4865,4866,4867,49195,49199,49196,49200,52393,52392,49171,49172,156,157,47,53",TLS_AES_128_GCM_SHA256_TLS_AES_256_GCM_SHA384_TLS_CHACHA20_POLY1305_SHA256_ECDHE-ECDSA-AES128-GCM_ECDHE-RSA-AES128-GCM_ECDHE-ECDSA-AES256-GCM_ECDHE-RSA-AES256-GCM_ECDHE-ECDSA-CHACHA20_ECDHE-RSA-CHACHA20_ECDHE-RSA-AES128-CBC_ECDHE-RSA-AES256-CBC_RSA-AES128-GCM_RSA-AES256-GCM_RSA-AES128-CBC_RSA-AES256-CBC,4,True,0.0,"2570,4588,29,23,24",X25519MLKEM768_x25519_secp256r1_secp384r1,8,False,,"1027,2052,1025,1283,2053,1281,2054,1537",ecdsa_secp256r1_sha256_rsa_pss_rsae_sha256_rsa_pkcs1_sha256_ecdsa_secp384r1_sha384_rsa_pss_rsae_sha384_rsa_pkcs1_sha384_rsa_pss_rsae_sha512_rsa_pkcs1_sha512,True,t13d1516h2,8daaf6152771,d8a2da3f94cd,t,13,d,15,16,h2,"1:65536;2:0;4:6291456;6:262144|15663105|1:1:0:256,3:1:0:220,5:1:0:256,7:1:5:110,9:1:7:110,11:1:9:110,13:1:0:256,15:1:13:110,17:1:15:110,19:1:17:110,21:1:0:256,23:1:21:110,25:1:23:110,27:1:25:110,29:1:0:256,31:1:29:110,33:1:0:110|m,a,s,p",1:65536;2:0;4:6291456;6:262144,15663105.0,"1:1:0:256,3:1:0:220,5:1:0:256,7:1:5:110,9:1:7:110,11:1:9:110,13:1:0:256,15:1:13:110,17:1:15:110,19:1:17:110,21:1:0:256,23:1:21:110,25:1:23:110,27:1:25:110,29:1:0:256,31:1:29:110,33:1:0:110","m,a,s,p",17.0,65536.0,0.0,,6291456.0,,262144.0,":method,:authority,:scheme,:path"
trial-011,7165a8bd-5b31-4c29-a0bf-62fe0e2405a8,2026-05-02 07:04:14.240222049+00:00,205.172.168.145,POST,/collect,HTTP/2.0,0.2,TLS 1.3,h2,TLS_AES_128_GCM_SHA256,uxbehaviorsuite.com,True,18f2d770780dbf814692ae054fc1b6a1,t13d1516h2_8daaf6152771_d8a2da3f94cd,"h2,http/1.1",h2,2,True,True,0.0,h2_first,"2570,772,771","TLS 1.3,TLS 1.2",2,True,True,True,False,0.0,TLS1.3+TLS1.2,True,15,True,0.0,"2570,4865,4866,4867,49195,49199,49196,49200,52393,52392,49171,49172,156,157,47,53",TLS_AES_128_GCM_SHA256_TLS_AES_256_GCM_SHA384_TLS_CHACHA20_POLY1305_SHA256_ECDHE-ECDSA-AES128-GCM_ECDHE-RSA-AES128-GCM_ECDHE-ECDSA-AES256-GCM_ECDHE-RSA-AES256-GCM_ECDHE-ECDSA-CHACHA20_ECDHE-RSA-CHACHA20_ECDHE-RSA-AES128-CBC_ECDHE-RSA-AES256-CBC_RSA-AES128-GCM_RSA-AES256-GCM_RSA-AES128-CBC_RSA-AES256-CBC,4,True,0.0,"2570,4588,29,23,24",X25519MLKEM768_x25519_secp256r1_secp384r1,8,False,,"1027,2052,1025,1283,2053,1281,2054,1537",ecdsa_secp256r1_sha256_rsa_pss_rsae_sha256_rsa_pkcs1_sha256_ecdsa_secp384r1_sha384_rsa_pss_rsae_sha384_rsa_pkcs1_sha384_rsa_pss_rsae_sha512_rsa_pkcs1_sha512,True,t13d1516h2,8daaf6152771,d8a2da3f94cd,t,13,d,15,16,h2,"1:65536;2:0;4:6291456;6:262144|15663105|1:1:0:256,3:1:0:220,5:1:0:256,7:1:5:110,9:1:7:110,11:1:9:110,13:1:0:256,15:1:13:110,17:1:15:110,19:1:17:110,21:1:0:256,23:1:21:110,25:1:23:110,27:1:25:110,29:1:0:256,31:1:29:110,33:1:0:110,35:1:33:110|m,a,s,p",1:65536;2:0;4:6291456;6:262144,15663105.0,"1:1:0:256,3:1:0:220,5:1:0:256,7:1:5:110,9:1:7:110,11:1:9:110,13:1:0:256,15:1:13:110,17:1:15:110,19:1:17:110,21:1:0:256,23:1:21:110,25:1:23:110,27:1:25:110,29:1:0:256,31:1:29:110,33:1:0:110,35:1:33:110","m,a,s,p",18.0,65536.0,0.0,,6291456.0,,262144.0,":method,:authority,:scheme,:path"
trial-011,92c9b0c6-4c2d-4c3a-b78a-96360fbcd21d,2026-05-02 07:06:06.762952783+00:00,205.172.168.145,GET,/s4-dom-mismatch.html,HTTP/2.0,0.393,TLS 1.3,h2,TLS_AES_128_GCM_SHA256,uxbehaviorsuite.com,True,18f2d770780dbf814692ae054fc1b6a1,t13d1516h2_8daaf6152771_d8a2da3f94cd,"h2,http/1.1",h2,2,True,True,0.0,h2_first,"2570,772,771","TLS 1.3,TLS 1.2",2,True,True,True,False,0.0,TLS1.3+TLS1.2,True,15,True,0.0,"2570,4865,4866,4867,49195,49199,49196,49200,52393,52392,49171,49172,156,157,47,53",TLS_AES_128_GCM_SHA256_TLS_AES_256_GCM_SHA384_TLS_CHACHA20_POLY1305_SHA256_ECDHE-ECDSA-AES128-GCM_ECDHE-RSA-AES128-GCM_ECDHE-ECDSA-AES256-GCM_ECDHE-RSA-AES256-GCM_ECDHE-ECDSA-CHACHA20_ECDHE-RSA-CHACHA20_ECDHE-RSA-AES128-CBC_ECDHE-RSA-AES256-CBC_RSA-AES128-GCM_RSA-AES256-GCM_RSA-AES128-CBC_RSA-AES256-CBC,4,True,0.0,"2570,4588,29,23,24",X25519MLKEM768_x25519_secp256r1_secp384r1,8,False,,"1027,2052,1025,1283,2053,1281,2054,1537",ecdsa_secp256r1_sha256_rsa_pss_rsae_sha256_rsa_pkcs1_sha256_ecdsa_secp384r1_sha384_rsa_pss_rsae_sha384_rsa_pkcs1_sha384_rsa_pss_rsae_sha512_rsa_pkcs1_sha512,True,t13d1516h2,8daaf6152771,d8a2da3f94cd,t,13,d,15,16,h2,"1:65536;2:0;4:6291456;6:262144|15663105|1:1:0:256,3:1:0:220,5:1:0:256,7:1:5:110,9:1:7:110,11:1:9:110,13:1:0:256,15:1:13:110,17:1:15:110,19:1:17:110,21:1:0:256,23:1:21:110,25:1:23:110,27:1:25:110,29:1:0:256,31:1:29:110,33:1:0:110,35:1:33:110,37:1:0:256|m,a,s,p",1:65536;2:0;4:6291456;6:262144,15663105.0,"1:1:0:256,3:1:0:220,5:1:0:256,7:1:5:110,9:1:7:110,11:1:9:110,13:1:0:256,15:1:13:110,17:1:15:110,19:1:17:110,21:1:0:256,23:1:21:110,25:1:23:110,27:1:25:110,29:1:0:256,31:1:29:110,33:1:0:110,35:1:33:110,37:1:0:256","m,a,s,p",19.0,65536.0,0.0,,6291456.0,,262144.0,":method,:authority,:scheme,:path"
trial-011,e2ba961d-c102-4ea5-b486-8562071f4c3d,2026-05-02 07:06:06.763260154+00:00,205.172.168.145,POST,/collect,HTTP/2.0,0.883,TLS 1.3,h2,TLS_AES_128_GCM_SHA256,uxbehaviorsuite.com,True,18f2d770780dbf814692ae054fc1b6a1,t13d1516h2_8daaf6152771_d8a2da3f94cd,"h2,http/1.1",h2,2,True,True,0.0,h2_first,"2570,772,771","TLS 1.3,TLS 1.2",2,True,True,True,False,0.0,TLS1.3+TLS1.2,True,15,True,0.0,"2570,4865,4866,4867,49195,49199,49196,49200,52393,52392,49171,49172,156,157,47,53",TLS_AES_128_GCM_SHA256_TLS_AES_256_GCM_SHA384_TLS_CHACHA20_POLY1305_SHA256_ECDHE-ECDSA-AES128-GCM_ECDHE-RSA-AES128-GCM_ECDHE-ECDSA-AES256-GCM_ECDHE-RSA-AES256-GCM_ECDHE-ECDSA-CHACHA20_ECDHE-RSA-CHACHA20_ECDHE-RSA-AES128-CBC_ECDHE-RSA-AES256-CBC_RSA-AES128-GCM_RSA-AES256-GCM_RSA-AES128-CBC_RSA-AES256-CBC,4,True,0.0,"2570,4588,29,23,24",X25519MLKEM768_x25519_secp256r1_secp384r1,8,False,,"1027,2052,1025,1283,2053,1281,2054,1537",ecdsa_secp256r1_sha256_rsa_pss_rsae_sha256_rsa_pkcs1_sha256_ecdsa_secp384r1_sha384_rsa_pss_rsae_sha384_rsa_pkcs1_sha384_rsa_pss_rsae_sha512_rsa_pkcs1_sha512,True,t13d1516h2,8daaf6152771,d8a2da3f94cd,t,13,d,15,16,h2,"1:65536;2:0;4:6291456;6:262144|15663105|1:1:0:256,3:1:0:220,5:1:0:256,7:1:5:110,9:1:7:110,11:1:9:110,13:1:0:256,15:1:13:110,17:1:15:110,19:1:17:110,21:1:0:256,23:1:21:110,25:1:23:110,27:1:25:110,29:1:0:256,31:1:29:110,33:1:0:110,35:1:33:110,37:1:0:256,39:1:37:110|m,a,s,p",1:65536;2:0;4:6291456;6:262144,15663105.0,"1:1:0:256,3:1:0:220,5:1:0:256,7:1:5:110,9:1:7:110,11:1:9:110,13:1:0:256,15:1:13:110,17:1:15:110,19:1:17:110,21:1:0:256,23:1:21:110,25:1:23:110,27:1:25:110,29:1:0:256,31:1:29:110,33:1:0:110,35:1:33:110,37:1:0:256,39:1:37:110","m,a,s,p",20.0,65536.0,0.0,,6291456.0,,262144.0,":method,:authority,:scheme,:path"
trial-011,f103a92d-9b9f-44de-89dd-d4d2b8885f5a,2026-05-02 07:06:06.784077307+00:00,205.172.168.145,POST,/collect,HTTP/2.0,0.263,TLS 1.3,h2,TLS_AES_128_GCM_SHA256,uxbehaviorsuite.com,True,18f2d770780dbf814692ae054fc1b6a1,t13d1516h2_8daaf6152771_d8a2da3f94cd,"h2,http/1.1",h2,2,True,True,0.0,h2_first,"2570,772,771","TLS 1.3,TLS 1.2",2,True,True,True,False,0.0,TLS1.3+TLS1.2,True,15,True,0.0,"2570,4865,4866,4867,49195,49199,49196,49200,52393,52392,49171,49172,156,157,47,53",TLS_AES_128_GCM_SHA256_TLS_AES_256_GCM_SHA384_TLS_CHACHA20_POLY1305_SHA256_ECDHE-ECDSA-AES128-GCM_ECDHE-RSA-AES128-GCM_ECDHE-ECDSA-AES256-GCM_ECDHE-RSA-AES256-GCM_ECDHE-ECDSA-CHACHA20_ECDHE-RSA-CHACHA20_ECDHE-RSA-AES128-CBC_ECDHE-RSA-AES256-CBC_RSA-AES128-GCM_RSA-AES256-GCM_RSA-AES128-CBC_RSA-AES256-CBC,4,True,0.0,"2570,4588,29,23,24",X25519MLKEM768_x25519_secp256r1_secp384r1,8,False,,"1027,2052,1025,1283,2053,1281,2054,1537",ecdsa_secp256r1_sha256_rsa_pss_rsae_sha256_rsa_pkcs1_sha256_ecdsa_secp384r1_sha384_rsa_pss_rsae_sha384_rsa_pkcs1_sha384_rsa_pss_rsae_sha512_rsa_pkcs1_sha512,True,t13d1516h2,8daaf6152771,d8a2da3f94cd,t,13,d,15,16,h2,"1:65536;2:0;4:6291456;6:262144|15663105|1:1:0:256,3:1:0:220,5:1:0:256,7:1:5:110,9:1:7:110,11:1:9:110,13:1:0:256,15:1:13:110,17:1:15:110,19:1:17:110,21:1:0:256,23:1:21:110,25:1:23:110,27:1:25:110,29:1:0:256,31:1:29:110,33:1:0:110,35:1:33:110,37:1:0:256,39:1:37:110,41:1:39:110|m,a,s,p",1:65536;2:0;4:6291456;6:262144,15663105.0,"1:1:0:256,3:1:0:220,5:1:0:256,7:1:5:110,9:1:7:110,11:1:9:110,13:1:0:256,15:1:13:110,17:1:15:110,19:1:17:110,21:1:0:256,23:1:21:110,25:1:23:110,27:1:25:110,29:1:0:256,31:1:29:110,33:1:0:110,35:1:33:110,37:1:0:256,39:1:37:110,41:1:39:110","m,a,s,p",21.0,65536.0,0.0,,6291456.0,,262144.0,":method,:authority,:scheme,:path"
trial-011,dd12f2a5-751a-4d93-9b59-4448278a6933,2026-05-02 07:06:06.785535549+00:00,205.172.168.145,POST,/collect,HTTP/2.0,0.226,TLS 1.3,h2,TLS_AES_128_GCM_SHA256,uxbehaviorsuite.com,True,18f2d770780dbf814692ae054fc1b6a1,t13d1516h2_8daaf6152771_d8a2da3f94cd,"h2,http/1.1",h2,2,True,True,0.0,h2_first,"2570,772,771","TLS 1.3,TLS 1.2",2,True,True,True,False,0.0,TLS1.3+TLS1.2,True,15,True,0.0,"2570,4865,4866,4867,49195,49199,49196,49200,52393,52392,49171,49172,156,157,47,53",TLS_AES_128_GCM_SHA256_TLS_AES_256_GCM_SHA384_TLS_CHACHA20_POLY1305_SHA256_ECDHE-ECDSA-AES128-GCM_ECDHE-RSA-AES128-GCM_ECDHE-ECDSA-AES256-GCM_ECDHE-RSA-AES256-GCM_ECDHE-ECDSA-CHACHA20_ECDHE-RSA-CHACHA20_ECDHE-RSA-AES128-CBC_ECDHE-RSA-AES256-CBC_RSA-AES128-GCM_RSA-AES256-GCM_RSA-AES128-CBC_RSA-AES256-CBC,4,True,0.0,"2570,4588,29,23,24",X25519MLKEM768_x25519_secp256r1_secp384r1,8,False,,"1027,2052,1025,1283,2053,1281,2054,1537",ecdsa_secp256r1_sha256_rsa_pss_rsae_sha256_rsa_pkcs1_sha256_ecdsa_secp384r1_sha384_rsa_pss_rsae_sha384_rsa_pkcs1_sha384_rsa_pss_rsae_sha512_rsa_pkcs1_sha512,True,t13d1516h2,8daaf6152771,d8a2da3f94cd,t,13,d,15,16,h2,"1:65536;2:0;4:6291456;6:262144|15663105|1:1:0:256,3:1:0:220,5:1:0:256,7:1:5:110,9:1:7:110,11:1:9:110,13:1:0:256,15:1:13:110,17:1:15:110,19:1:17:110,21:1:0:256,23:1:21:110,25:1:23:110,27:1:25:110,29:1:0:256,31:1:29:110,33:1:0:110,35:1:33:110,37:1:0:256,39:1:37:110,41:1:39:110,43:1:41:110|m,a,s,p",1:65536;2:0;4:6291456;6:262144,15663105.0,"1:1:0:256,3:1:0:220,5:1:0:256,7:1:5:110,9:1:7:110,11:1:9:110,13:1:0:256,15:1:13:110,17:1:15:110,19:1:17:110,21:1:0:256,23:1:21:110,25:1:23:110,27:1:25:110,29:1:0:256,31:1:29:110,33:1:0:110,35:1:33:110,37:1:0:256,39:1:37:110,41:1:39:110,43:1:41:110","m,a,s,p",22.0,65536.0,0.0,,6291456.0,,262144.0,":method,:authority,:scheme,:path"
trial-012,ccf92686-5efa-4879-b8a5-912983d3efda,2026-05-02 07:22:26.987872335+00:00,205.172.168.145,GET,/subscribe-v1.html,HTTP/2.0,0.478,TLS 1.3,h2,TLS_AES_128_GCM_SHA256,uxbehaviorsuite.com,True,a9efd8d735019560b6087cc980dbc274,t13d1516h2_8daaf6152771_d8a2da3f94cd,"h2,http/1.1",h2,2,True,True,0.0,h2_first,"2570,772,771","TLS 1.3,TLS 1.2",2,True,True,True,False,0.0,TLS1.3+TLS1.2,True,15,True,0.0,"2570,4865,4866,4867,49195,49199,49196,49200,52393,52392,49171,49172,156,157,47,53",TLS_AES_128_GCM_SHA256_TLS_AES_256_GCM_SHA384_TLS_CHACHA20_POLY1305_SHA256_ECDHE-ECDSA-AES128-GCM_ECDHE-RSA-AES128-GCM_ECDHE-ECDSA-AES256-GCM_ECDHE-RSA-AES256-GCM_ECDHE-ECDSA-CHACHA20_ECDHE-RSA-CHACHA20_ECDHE-RSA-AES128-CBC_ECDHE-RSA-AES256-CBC_RSA-AES128-GCM_RSA-AES256-GCM_RSA-AES128-CBC_RSA-AES256-CBC,4,True,0.0,"2570,4588,29,23,24",X25519MLKEM768_x25519_secp256r1_secp384r1,8,False,,"1027,2052,1025,1283,2053,1281,2054,1537",ecdsa_secp256r1_sha256_rsa_pss_rsae_sha256_rsa_pkcs1_sha256_ecdsa_secp384r1_sha384_rsa_pss_rsae_sha384_rsa_pkcs1_sha384_rsa_pss_rsae_sha512_rsa_pkcs1_sha512,True,t13d1516h2,8daaf6152771,d8a2da3f94cd,t,13,d,15,16,h2,"1:65536;2:0;4:6291456;6:262144|15663105|1:1:0:256|m,a,s,p",1:65536;2:0;4:6291456;6:262144,15663105.0,1:1:0:256,"m,a,s,p",1.0,65536.0,0.0,,6291456.0,,262144.0,":method,:authority,:scheme,:path"
trial-012,73c13dca-6d41-4e2f-8978-3f7bbff8d135,2026-05-02 07:22:27.019467660+00:00,205.172.168.145,GET,/logger.js,HTTP/2.0,0.385,TLS 1.3,h2,TLS_AES_128_GCM_SHA256,uxbehaviorsuite.com,True,a9efd8d735019560b6087cc980dbc274,t13d1516h2_8daaf6152771_d8a2da3f94cd,"h2,http/1.1",h2,2,True,True,0.0,h2_first,"2570,772,771","TLS 1.3,TLS 1.2",2,True,True,True,False,0.0,TLS1.3+TLS1.2,True,15,True,0.0,"2570,4865,4866,4867,49195,49199,49196,49200,52393,52392,49171,49172,156,157,47,53",TLS_AES_128_GCM_SHA256_TLS_AES_256_GCM_SHA384_TLS_CHACHA20_POLY1305_SHA256_ECDHE-ECDSA-AES128-GCM_ECDHE-RSA-AES128-GCM_ECDHE-ECDSA-AES256-GCM_ECDHE-RSA-AES256-GCM_ECDHE-ECDSA-CHACHA20_ECDHE-RSA-CHACHA20_ECDHE-RSA-AES128-CBC_ECDHE-RSA-AES256-CBC_RSA-AES128-GCM_RSA-AES256-GCM_RSA-AES128-CBC_RSA-AES256-CBC,4,True,0.0,"2570,4588,29,23,24",X25519MLKEM768_x25519_secp256r1_secp384r1,8,False,,"1027,2052,1025,1283,2053,1281,2054,1537",ecdsa_secp256r1_sha256_rsa_pss_rsae_sha256_rsa_pkcs1_sha256_ecdsa_secp384r1_sha384_rsa_pss_rsae_sha384_rsa_pkcs1_sha384_rsa_pss_rsae_sha512_rsa_pkcs1_sha512,True,t13d1516h2,8daaf6152771,d8a2da3f94cd,t,13,d,15,16,h2,"1:65536;2:0;4:6291456;6:262144|15663105|1:1:0:256,3:1:0:220|m,a,s,p",1:65536;2:0;4:6291456;6:262144,15663105.0,"1:1:0:256,3:1:0:220","m,a,s,p",2.0,65536.0,0.0,,6291456.0,,262144.0,":method,:authority,:scheme,:path"
trial-012,15c4ce5d-893e-443c-b200-62c271a11564,2026-05-02 07:23:43.324818023+00:00,205.172.168.145,GET,/subscribe-v2.html,HTTP/2.0,1.643,TLS 1.3,h2,TLS_AES_128_GCM_SHA256,uxbehaviorsuite.com,True,a9efd8d735019560b6087cc980dbc274,t13d1516h2_8daaf6152771_d8a2da3f94cd,"h2,http/1.1",h2,2,True,True,0.0,h2_first,"2570,772,771","TLS 1.3,TLS 1.2",2,True,True,True,False,0.0,TLS1.3+TLS1.2,True,15,True,0.0,"2570,4865,4866,4867,49195,49199,49196,49200,52393,52392,49171,49172,156,157,47,53",TLS_AES_128_GCM_SHA256_TLS_AES_256_GCM_SHA384_TLS_CHACHA20_POLY1305_SHA256_ECDHE-ECDSA-AES128-GCM_ECDHE-RSA-AES128-GCM_ECDHE-ECDSA-AES256-GCM_ECDHE-RSA-AES256-GCM_ECDHE-ECDSA-CHACHA20_ECDHE-RSA-CHACHA20_ECDHE-RSA-AES128-CBC_ECDHE-RSA-AES256-CBC_RSA-AES128-GCM_RSA-AES256-GCM_RSA-AES128-CBC_RSA-AES256-CBC,4,True,0.0,"2570,4588,29,23,24",X25519MLKEM768_x25519_secp256r1_secp384r1,8,False,,"1027,2052,1025,1283,2053,1281,2054,1537",ecdsa_secp256r1_sha256_rsa_pss_rsae_sha256_rsa_pkcs1_sha256_ecdsa_secp384r1_sha384_rsa_pss_rsae_sha384_rsa_pkcs1_sha384_rsa_pss_rsae_sha512_rsa_pkcs1_sha512,True,t13d1516h2,8daaf6152771,d8a2da3f94cd,t,13,d,15,16,h2,"1:65536;2:0;4:6291456;6:262144|15663105|1:1:0:256,3:1:0:220,5:1:0:256,7:1:5:110|m,a,s,p",1:65536;2:0;4:6291456;6:262144,15663105.0,"1:1:0:256,3:1:0:220,5:1:0:256,7:1:5:110","m,a,s,p",4.0,65536.0,0.0,,6291456.0,,262144.0,":method,:authority,:scheme,:path"
trial-012,6521c9aa-ab93-4244-94f7-ae38ef34f413,2026-05-02 07:23:43.325306447+00:00,205.172.168.145,POST,/collect,HTTP/2.0,1.276,TLS 1.3,h2,TLS_AES_128_GCM_SHA256,uxbehaviorsuite.com,True,a9efd8d735019560b6087cc980dbc274,t13d1516h2_8daaf6152771_d8a2da3f94cd,"h2,http/1.1",h2,2,True,True,0.0,h2_first,"2570,772,771","TLS 1.3,TLS 1.2",2,True,True,True,False,0.0,TLS1.3+TLS1.2,True,15,True,0.0,"2570,4865,4866,4867,49195,49199,49196,49200,52393,52392,49171,49172,156,157,47,53",TLS_AES_128_GCM_SHA256_TLS_AES_256_GCM_SHA384_TLS_CHACHA20_POLY1305_SHA256_ECDHE-ECDSA-AES128-GCM_ECDHE-RSA-AES128-GCM_ECDHE-ECDSA-AES256-GCM_ECDHE-RSA-AES256-GCM_ECDHE-ECDSA-CHACHA20_ECDHE-RSA-CHACHA20_ECDHE-RSA-AES128-CBC_ECDHE-RSA-AES256-CBC_RSA-AES128-GCM_RSA-AES256-GCM_RSA-AES128-CBC_RSA-AES256-CBC,4,True,0.0,"2570,4588,29,23,24",X25519MLKEM768_x25519_secp256r1_secp384r1,8,False,,"1027,2052,1025,1283,2053,1281,2054,1537",ecdsa_secp256r1_sha256_rsa_pss_rsae_sha256_rsa_pkcs1_sha256_ecdsa_secp384r1_sha384_rsa_pss_rsae_sha384_rsa_pkcs1_sha384_rsa_pss_rsae_sha512_rsa_pkcs1_sha512,True,t13d1516h2,8daaf6152771,d8a2da3f94cd,t,13,d,15,16,h2,"1:65536;2:0;4:6291456;6:262144|15663105|1:1:0:256,3:1:0:220,5:1:0:256,7:1:5:110|m,a,s,p",1:65536;2:0;4:6291456;6:262144,15663105.0,"1:1:0:256,3:1:0:220,5:1:0:256,7:1:5:110","m,a,s,p",4.0,65536.0,0.0,,6291456.0,,262144.0,":method,:authority,:scheme,:path"
trial-012,ce07f3c3-e8ad-4873-a9df-ed9fef6ed69a,2026-05-02 07:23:43.346440859+00:00,205.172.168.145,POST,/collect,HTTP/2.0,0.238,TLS 1.3,h2,TLS_AES_128_GCM_SHA256,uxbehaviorsuite.com,True,a9efd8d735019560b6087cc980dbc274,t13d1516h2_8daaf6152771_d8a2da3f94cd,"h2,http/1.1",h2,2,True,True,0.0,h2_first,"2570,772,771","TLS 1.3,TLS 1.2",2,True,True,True,False,0.0,TLS1.3+TLS1.2,True,15,True,0.0,"2570,4865,4866,4867,49195,49199,49196,49200,52393,52392,49171,49172,156,157,47,53",TLS_AES_128_GCM_SHA256_TLS_AES_256_GCM_SHA384_TLS_CHACHA20_POLY1305_SHA256_ECDHE-ECDSA-AES128-GCM_ECDHE-RSA-AES128-GCM_ECDHE-ECDSA-AES256-GCM_ECDHE-RSA-AES256-GCM_ECDHE-ECDSA-CHACHA20_ECDHE-RSA-CHACHA20_ECDHE-RSA-AES128-CBC_ECDHE-RSA-AES256-CBC_RSA-AES128-GCM_RSA-AES256-GCM_RSA-AES128-CBC_RSA-AES256-CBC,4,True,0.0,"2570,4588,29,23,24",X25519MLKEM768_x25519_secp256r1_secp384r1,8,False,,"1027,2052,1025,1283,2053,1281,2054,1537",ecdsa_secp256r1_sha256_rsa_pss_rsae_sha256_rsa_pkcs1_sha256_ecdsa_secp384r1_sha384_rsa_pss_rsae_sha384_rsa_pkcs1_sha384_rsa_pss_rsae_sha512_rsa_pkcs1_sha512,True,t13d1516h2,8daaf6152771,d8a2da3f94cd,t,13,d,15,16,h2,"1:65536;2:0;4:6291456;6:262144|15663105|1:1:0:256,3:1:0:220,5:1:0:256,7:1:5:110,9:1:7:110|m,a,s,p",1:65536;2:0;4:6291456;6:262144,15663105.0,"1:1:0:256,3:1:0:220,5:1:0:256,7:1:5:110,9:1:7:110","m,a,s,p",5.0,65536.0,0.0,,6291456.0,,262144.0,":method,:authority,:scheme,:path"
trial-012,e8d8e1da-e2b9-4580-8537-90d687b83ace,2026-05-02 07:23:43.351204438+00:00,205.172.168.145,POST,/collect,HTTP/2.0,0.201,TLS 1.3,h2,TLS_AES_128_GCM_SHA256,uxbehaviorsuite.com,True,a9efd8d735019560b6087cc980dbc274,t13d1516h2_8daaf6152771_d8a2da3f94cd,"h2,http/1.1",h2,2,True,True,0.0,h2_first,"2570,772,771","TLS 1.3,TLS 1.2",2,True,True,True,False,0.0,TLS1.3+TLS1.2,True,15,True,0.0,"2570,4865,4866,4867,49195,49199,49196,49200,52393,52392,49171,49172,156,157,47,53",TLS_AES_128_GCM_SHA256_TLS_AES_256_GCM_SHA384_TLS_CHACHA20_POLY1305_SHA256_ECDHE-ECDSA-AES128-GCM_ECDHE-RSA-AES128-GCM_ECDHE-ECDSA-AES256-GCM_ECDHE-RSA-AES256-GCM_ECDHE-ECDSA-CHACHA20_ECDHE-RSA-CHACHA20_ECDHE-RSA-AES128-CBC_ECDHE-RSA-AES256-CBC_RSA-AES128-GCM_RSA-AES256-GCM_RSA-AES128-CBC_RSA-AES256-CBC,4,True,0.0,"2570,4588,29,23,24",X25519MLKEM768_x25519_secp256r1_secp384r1,8,False,,"1027,2052,1025,1283,2053,1281,2054,1537",ecdsa_secp256r1_sha256_rsa_pss_rsae_sha256_rsa_pkcs1_sha256_ecdsa_secp384r1_sha384_rsa_pss_rsae_sha384_rsa_pkcs1_sha384_rsa_pss_rsae_sha512_rsa_pkcs1_sha512,True,t13d1516h2,8daaf6152771,d8a2da3f94cd,t,13,d,15,16,h2,"1:65536;2:0;4:6291456;6:262144|15663105|1:1:0:256,3:1:0:220,5:1:0:256,7:1:5:110,9:1:7:110,11:1:9:110|m,a,s,p",1:65536;2:0;4:6291456;6:262144,15663105.0,"1:1:0:256,3:1:0:220,5:1:0:256,7:1:5:110,9:1:7:110,11:1:9:110","m,a,s,p",6.0,65536.0,0.0,,6291456.0,,262144.0,":method,:authority,:scheme,:path"
trial-012,a37fa001-85d9-49b0-a9a2-60604904ce94,2026-05-02 07:25:14.031399128+00:00,205.172.168.145,GET,/subscribe-v3.html,HTTP/2.0,0.38,TLS 1.3,h2,TLS_AES_128_GCM_SHA256,uxbehaviorsuite.com,True,a9efd8d735019560b6087cc980dbc274,t13d1516h2_8daaf6152771_d8a2da3f94cd,"h2,http/1.1",h2,2,True,True,0.0,h2_first,"2570,772,771","TLS 1.3,TLS 1.2",2,True,True,True,False,0.0,TLS1.3+TLS1.2,True,15,True,0.0,"2570,4865,4866,4867,49195,49199,49196,49200,52393,52392,49171,49172,156,157,47,53",TLS_AES_128_GCM_SHA256_TLS_AES_256_GCM_SHA384_TLS_CHACHA20_POLY1305_SHA256_ECDHE-ECDSA-AES128-GCM_ECDHE-RSA-AES128-GCM_ECDHE-ECDSA-AES256-GCM_ECDHE-RSA-AES256-GCM_ECDHE-ECDSA-CHACHA20_ECDHE-RSA-CHACHA20_ECDHE-RSA-AES128-CBC_ECDHE-RSA-AES256-CBC_RSA-AES128-GCM_RSA-AES256-GCM_RSA-AES128-CBC_RSA-AES256-CBC,4,True,0.0,"2570,4588,29,23,24",X25519MLKEM768_x25519_secp256r1_secp384r1,8,False,,"1027,2052,1025,1283,2053,1281,2054,1537",ecdsa_secp256r1_sha256_rsa_pss_rsae_sha256_rsa_pkcs1_sha256_ecdsa_secp384r1_sha384_rsa_pss_rsae_sha384_rsa_pkcs1_sha384_rsa_pss_rsae_sha512_rsa_pkcs1_sha512,True,t13d1516h2,8daaf6152771,d8a2da3f94cd,t,13,d,15,16,h2,"1:65536;2:0;4:6291456;6:262144|15663105|1:1:0:256,3:1:0:220,5:1:0:256,7:1:5:110,9:1:7:110,11:1:9:110,13:1:0:256,15:1:13:110|m,a,s,p",1:65536;2:0;4:6291456;6:262144,15663105.0,"1:1:0:256,3:1:0:220,5:1:0:256,7:1:5:110,9:1:7:110,11:1:9:110,13:1:0:256,15:1:13:110","m,a,s,p",8.0,65536.0,0.0,,6291456.0,,262144.0,":method,:authority,:scheme,:path"
trial-012,72f12be0-742e-44d6-8c7e-7e375275c8cb,2026-05-02 07:25:14.031606414+00:00,205.172.168.145,POST,/collect,HTTP/2.0,0.552,TLS 1.3,h2,TLS_AES_128_GCM_SHA256,uxbehaviorsuite.com,True,a9efd8d735019560b6087cc980dbc274,t13d1516h2_8daaf6152771_d8a2da3f94cd,"h2,http/1.1",h2,2,True,True,0.0,h2_first,"2570,772,771","TLS 1.3,TLS 1.2",2,True,True,True,False,0.0,TLS1.3+TLS1.2,True,15,True,0.0,"2570,4865,4866,4867,49195,49199,49196,49200,52393,52392,49171,49172,156,157,47,53",TLS_AES_128_GCM_SHA256_TLS_AES_256_GCM_SHA384_TLS_CHACHA20_POLY1305_SHA256_ECDHE-ECDSA-AES128-GCM_ECDHE-RSA-AES128-GCM_ECDHE-ECDSA-AES256-GCM_ECDHE-RSA-AES256-GCM_ECDHE-ECDSA-CHACHA20_ECDHE-RSA-CHACHA20_ECDHE-RSA-AES128-CBC_ECDHE-RSA-AES256-CBC_RSA-AES128-GCM_RSA-AES256-GCM_RSA-AES128-CBC_RSA-AES256-CBC,4,True,0.0,"2570,4588,29,23,24",X25519MLKEM768_x25519_secp256r1_secp384r1,8,False,,"1027,2052,1025,1283,2053,1281,2054,1537",ecdsa_secp256r1_sha256_rsa_pss_rsae_sha256_rsa_pkcs1_sha256_ecdsa_secp384r1_sha384_rsa_pss_rsae_sha384_rsa_pkcs1_sha384_rsa_pss_rsae_sha512_rsa_pkcs1_sha512,True,t13d1516h2,8daaf6152771,d8a2da3f94cd,t,13,d,15,16,h2,"1:65536;2:0;4:6291456;6:262144|15663105|1:1:0:256,3:1:0:220,5:1:0:256,7:1:5:110,9:1:7:110,11:1:9:110,13:1:0:256,15:1:13:110|m,a,s,p",1:65536;2:0;4:6291456;6:262144,15663105.0,"1:1:0:256,3:1:0:220,5:1:0:256,7:1:5:110,9:1:7:110,11:1:9:110,13:1:0:256,15:1:13:110","m,a,s,p",8.0,65536.0,0.0,,6291456.0,,262144.0,":method,:authority,:scheme,:path"
trial-012,9601c53d-440e-4b6b-9b03-d11b97b93d4a,2026-05-02 07:25:14.055700658+00:00,205.172.168.145,POST,/collect,HTTP/2.0,0.215,TLS 1.3,h2,TLS_AES_128_GCM_SHA256,uxbehaviorsuite.com,True,a9efd8d735019560b6087cc980dbc274,t13d1516h2_8daaf6152771_d8a2da3f94cd,"h2,http/1.1",h2,2,True,True,0.0,h2_first,"2570,772,771","TLS 1.3,TLS 1.2",2,True,True,True,False,0.0,TLS1.3+TLS1.2,True,15,True,0.0,"2570,4865,4866,4867,49195,49199,49196,49200,52393,52392,49171,49172,156,157,47,53",TLS_AES_128_GCM_SHA256_TLS_AES_256_GCM_SHA384_TLS_CHACHA20_POLY1305_SHA256_ECDHE-ECDSA-AES128-GCM_ECDHE-RSA-AES128-GCM_ECDHE-ECDSA-AES256-GCM_ECDHE-RSA-AES256-GCM_ECDHE-ECDSA-CHACHA20_ECDHE-RSA-CHACHA20_ECDHE-RSA-AES128-CBC_ECDHE-RSA-AES256-CBC_RSA-AES128-GCM_RSA-AES256-GCM_RSA-AES128-CBC_RSA-AES256-CBC,4,True,0.0,"2570,4588,29,23,24",X25519MLKEM768_x25519_secp256r1_secp384r1,8,False,,"1027,2052,1025,1283,2053,1281,2054,1537",ecdsa_secp256r1_sha256_rsa_pss_rsae_sha256_rsa_pkcs1_sha256_ecdsa_secp384r1_sha384_rsa_pss_rsae_sha384_rsa_pkcs1_sha384_rsa_pss_rsae_sha512_rsa_pkcs1_sha512,True,t13d1516h2,8daaf6152771,d8a2da3f94cd,t,13,d,15,16,h2,"1:65536;2:0;4:6291456;6:262144|15663105|1:1:0:256,3:1:0:220,5:1:0:256,7:1:5:110,9:1:7:110,11:1:9:110,13:1:0:256,15:1:13:110,17:1:15:110|m,a,s,p",1:65536;2:0;4:6291456;6:262144,15663105.0,"1:1:0:256,3:1:0:220,5:1:0:256,7:1:5:110,9:1:7:110,11:1:9:110,13:1:0:256,15:1:13:110,17:1:15:110","m,a,s,p",9.0,65536.0,0.0,,6291456.0,,262144.0,":method,:authority,:scheme,:path"
trial-012,d1547154-315d-4e59-8b65-5b6cd83cb419,2026-05-02 07:25:14.060159541+00:00,205.172.168.145,POST,/collect,HTTP/2.0,0.231,TLS 1.3,h2,TLS_AES_128_GCM_SHA256,uxbehaviorsuite.com,True,a9efd8d735019560b6087cc980dbc274,t13d1516h2_8daaf6152771_d8a2da3f94cd,"h2,http/1.1",h2,2,True,True,0.0,h2_first,"2570,772,771","TLS 1.3,TLS 1.2",2,True,True,True,False,0.0,TLS1.3+TLS1.2,True,15,True,0.0,"2570,4865,4866,4867,49195,49199,49196,49200,52393,52392,49171,49172,156,157,47,53",TLS_AES_128_GCM_SHA256_TLS_AES_256_GCM_SHA384_TLS_CHACHA20_POLY1305_SHA256_ECDHE-ECDSA-AES128-GCM_ECDHE-RSA-AES128-GCM_ECDHE-ECDSA-AES256-GCM_ECDHE-RSA-AES256-GCM_ECDHE-ECDSA-CHACHA20_ECDHE-RSA-CHACHA20_ECDHE-RSA-AES128-CBC_ECDHE-RSA-AES256-CBC_RSA-AES128-GCM_RSA-AES256-GCM_RSA-AES128-CBC_RSA-AES256-CBC,4,True,0.0,"2570,4588,29,23,24",X25519MLKEM768_x25519_secp256r1_secp384r1,8,False,,"1027,2052,1025,1283,2053,1281,2054,1537",ecdsa_secp256r1_sha256_rsa_pss_rsae_sha256_rsa_pkcs1_sha256_ecdsa_secp384r1_sha384_rsa_pss_rsae_sha384_rsa_pkcs1_sha384_rsa_pss_rsae_sha512_rsa_pkcs1_sha512,True,t13d1516h2,8daaf6152771,d8a2da3f94cd,t,13,d,15,16,h2,"1:65536;2:0;4:6291456;6:262144|15663105|1:1:0:256,3:1:0:220,5:1:0:256,7:1:5:110,9:1:7:110,11:1:9:110,13:1:0:256,15:1:13:110,17:1:15:110,19:1:17:110|m,a,s,p",1:65536;2:0;4:6291456;6:262144,15663105.0,"1:1:0:256,3:1:0:220,5:1:0:256,7:1:5:110,9:1:7:110,11:1:9:110,13:1:0:256,15:1:13:110,17:1:15:110,19:1:17:110","m,a,s,p",10.0,65536.0,0.0,,6291456.0,,262144.0,":method,:authority,:scheme,:path"
trial-012,a4508ec5-ec97-413c-bcd5-ace0165ebbdb,2026-05-02 07:26:14.300682826+00:00,205.172.168.145,GET,/s2-scroll-gate.html,HTTP/2.0,0.737,TLS 1.3,h2,TLS_AES_128_GCM_SHA256,uxbehaviorsuite.com,True,a9efd8d735019560b6087cc980dbc274,t13d1516h2_8daaf6152771_d8a2da3f94cd,"h2,http/1.1",h2,2,True,True,0.0,h2_first,"2570,772,771","TLS 1.3,TLS 1.2",2,True,True,True,False,0.0,TLS1.3+TLS1.2,True,15,True,0.0,"2570,4865,4866,4867,49195,49199,49196,49200,52393,52392,49171,49172,156,157,47,53",TLS_AES_128_GCM_SHA256_TLS_AES_256_GCM_SHA384_TLS_CHACHA20_POLY1305_SHA256_ECDHE-ECDSA-AES128-GCM_ECDHE-RSA-AES128-GCM_ECDHE-ECDSA-AES256-GCM_ECDHE-RSA-AES256-GCM_ECDHE-ECDSA-CHACHA20_ECDHE-RSA-CHACHA20_ECDHE-RSA-AES128-CBC_ECDHE-RSA-AES256-CBC_RSA-AES128-GCM_RSA-AES256-GCM_RSA-AES128-CBC_RSA-AES256-CBC,4,True,0.0,"2570,4588,29,23,24",X25519MLKEM768_x25519_secp256r1_secp384r1,8,False,,"1027,2052,1025,1283,2053,1281,2054,1537",ecdsa_secp256r1_sha256_rsa_pss_rsae_sha256_rsa_pkcs1_sha256_ecdsa_secp384r1_sha384_rsa_pss_rsae_sha384_rsa_pkcs1_sha384_rsa_pss_rsae_sha512_rsa_pkcs1_sha512,True,t13d1516h2,8daaf6152771,d8a2da3f94cd,t,13,d,15,16,h2,"1:65536;2:0;4:6291456;6:262144|15663105|1:1:0:256,3:1:0:220,5:1:0:256,7:1:5:110,9:1:7:110,11:1:9:110,13:1:0:256,15:1:13:110,17:1:15:110,19:1:17:110,21:1:0:256|m,a,s,p",1:65536;2:0;4:6291456;6:262144,15663105.0,"1:1:0:256,3:1:0:220,5:1:0:256,7:1:5:110,9:1:7:110,11:1:9:110,13:1:0:256,15:1:13:110,17:1:15:110,19:1:17:110,21:1:0:256","m,a,s,p",11.0,65536.0,0.0,,6291456.0,,262144.0,":method,:authority,:scheme,:path"
trial-012,305b5820-2539-46a4-b022-ab41e3348bfa,2026-05-02 07:26:14.301272385+00:00,205.172.168.145,POST,/collect,HTTP/2.0,0.952,TLS 1.3,h2,TLS_AES_128_GCM_SHA256,uxbehaviorsuite.com,True,a9efd8d735019560b6087cc980dbc274,t13d1516h2_8daaf6152771_d8a2da3f94cd,"h2,http/1.1",h2,2,True,True,0.0,h2_first,"2570,772,771","TLS 1.3,TLS 1.2",2,True,True,True,False,0.0,TLS1.3+TLS1.2,True,15,True,0.0,"2570,4865,4866,4867,49195,49199,49196,49200,52393,52392,49171,49172,156,157,47,53",TLS_AES_128_GCM_SHA256_TLS_AES_256_GCM_SHA384_TLS_CHACHA20_POLY1305_SHA256_ECDHE-ECDSA-AES128-GCM_ECDHE-RSA-AES128-GCM_ECDHE-ECDSA-AES256-GCM_ECDHE-RSA-AES256-GCM_ECDHE-ECDSA-CHACHA20_ECDHE-RSA-CHACHA20_ECDHE-RSA-AES128-CBC_ECDHE-RSA-AES256-CBC_RSA-AES128-GCM_RSA-AES256-GCM_RSA-AES128-CBC_RSA-AES256-CBC,4,True,0.0,"2570,4588,29,23,24",X25519MLKEM768_x25519_secp256r1_secp384r1,8,False,,"1027,2052,1025,1283,2053,1281,2054,1537",ecdsa_secp256r1_sha256_rsa_pss_rsae_sha256_rsa_pkcs1_sha256_ecdsa_secp384r1_sha384_rsa_pss_rsae_sha384_rsa_pkcs1_sha384_rsa_pss_rsae_sha512_rsa_pkcs1_sha512,True,t13d1516h2,8daaf6152771,d8a2da3f94cd,t,13,d,15,16,h2,"1:65536;2:0;4:6291456;6:262144|15663105|1:1:0:256,3:1:0:220,5:1:0:256,7:1:5:110,9:1:7:110,11:1:9:110,13:1:0:256,15:1:13:110,17:1:15:110,19:1:17:110,21:1:0:256,23:1:21:110|m,a,s,p",1:65536;2:0;4:6291456;6:262144,15663105.0,"1:1:0:256,3:1:0:220,5:1:0:256,7:1:5:110,9:1:7:110,11:1:9:110,13:1:0:256,15:1:13:110,17:1:15:110,19:1:17:110,21:1:0:256,23:1:21:110","m,a,s,p",12.0,65536.0,0.0,,6291456.0,,262144.0,":method,:authority,:scheme,:path"
trial-012,37eae655-5fef-4f04-8556-0d93aba1e5b1,2026-05-02 07:26:14.322723155+00:00,205.172.168.145,POST,/collect,HTTP/2.0,0.226,TLS 1.3,h2,TLS_AES_128_GCM_SHA256,uxbehaviorsuite.com,True,a9efd8d735019560b6087cc980dbc274,t13d1516h2_8daaf6152771_d8a2da3f94cd,"h2,http/1.1",h2,2,True,True,0.0,h2_first,"2570,772,771","TLS 1.3,TLS 1.2",2,True,True,True,False,0.0,TLS1.3+TLS1.2,True,15,True,0.0,"2570,4865,4866,4867,49195,49199,49196,49200,52393,52392,49171,49172,156,157,47,53",TLS_AES_128_GCM_SHA256_TLS_AES_256_GCM_SHA384_TLS_CHACHA20_POLY1305_SHA256_ECDHE-ECDSA-AES128-GCM_ECDHE-RSA-AES128-GCM_ECDHE-ECDSA-AES256-GCM_ECDHE-RSA-AES256-GCM_ECDHE-ECDSA-CHACHA20_ECDHE-RSA-CHACHA20_ECDHE-RSA-AES128-CBC_ECDHE-RSA-AES256-CBC_RSA-AES128-GCM_RSA-AES256-GCM_RSA-AES128-CBC_RSA-AES256-CBC,4,True,0.0,"2570,4588,29,23,24",X25519MLKEM768_x25519_secp256r1_secp384r1,8,False,,"1027,2052,1025,1283,2053,1281,2054,1537",ecdsa_secp256r1_sha256_rsa_pss_rsae_sha256_rsa_pkcs1_sha256_ecdsa_secp384r1_sha384_rsa_pss_rsae_sha384_rsa_pkcs1_sha384_rsa_pss_rsae_sha512_rsa_pkcs1_sha512,True,t13d1516h2,8daaf6152771,d8a2da3f94cd,t,13,d,15,16,h2,"1:65536;2:0;4:6291456;6:262144|15663105|1:1:0:256,3:1:0:220,5:1:0:256,7:1:5:110,9:1:7:110,11:1:9:110,13:1:0:256,15:1:13:110,17:1:15:110,19:1:17:110,21:1:0:256,23:1:21:110,25:1:23:110|m,a,s,p",1:65536;2:0;4:6291456;6:262144,15663105.0,"1:1:0:256,3:1:0:220,5:1:0:256,7:1:5:110,9:1:7:110,11:1:9:110,13:1:0:256,15:1:13:110,17:1:15:110,19:1:17:110,21:1:0:256,23:1:21:110,25:1:23:110","m,a,s,p",13.0,65536.0,0.0,,6291456.0,,262144.0,":method,:authority,:scheme,:path"
trial-012,487ca2eb-f8c9-407f-a994-b4dea38077c4,2026-05-02 07:26:14.330915358+00:00,205.172.168.145,POST,/collect,HTTP/2.0,0.255,TLS 1.3,h2,TLS_AES_128_GCM_SHA256,uxbehaviorsuite.com,True,a9efd8d735019560b6087cc980dbc274,t13d1516h2_8daaf6152771_d8a2da3f94cd,"h2,http/1.1",h2,2,True,True,0.0,h2_first,"2570,772,771","TLS 1.3,TLS 1.2",2,True,True,True,False,0.0,TLS1.3+TLS1.2,True,15,True,0.0,"2570,4865,4866,4867,49195,49199,49196,49200,52393,52392,49171,49172,156,157,47,53",TLS_AES_128_GCM_SHA256_TLS_AES_256_GCM_SHA384_TLS_CHACHA20_POLY1305_SHA256_ECDHE-ECDSA-AES128-GCM_ECDHE-RSA-AES128-GCM_ECDHE-ECDSA-AES256-GCM_ECDHE-RSA-AES256-GCM_ECDHE-ECDSA-CHACHA20_ECDHE-RSA-CHACHA20_ECDHE-RSA-AES128-CBC_ECDHE-RSA-AES256-CBC_RSA-AES128-GCM_RSA-AES256-GCM_RSA-AES128-CBC_RSA-AES256-CBC,4,True,0.0,"2570,4588,29,23,24",X25519MLKEM768_x25519_secp256r1_secp384r1,8,False,,"1027,2052,1025,1283,2053,1281,2054,1537",ecdsa_secp256r1_sha256_rsa_pss_rsae_sha256_rsa_pkcs1_sha256_ecdsa_secp384r1_sha384_rsa_pss_rsae_sha384_rsa_pkcs1_sha384_rsa_pss_rsae_sha512_rsa_pkcs1_sha512,True,t13d1516h2,8daaf6152771,d8a2da3f94cd,t,13,d,15,16,h2,"1:65536;2:0;4:6291456;6:262144|15663105|1:1:0:256,3:1:0:220,5:1:0:256,7:1:5:110,9:1:7:110,11:1:9:110,13:1:0:256,15:1:13:110,17:1:15:110,19:1:17:110,21:1:0:256,23:1:21:110,25:1:23:110,27:1:25:110|m,a,s,p",1:65536;2:0;4:6291456;6:262144,15663105.0,"1:1:0:256,3:1:0:220,5:1:0:256,7:1:5:110,9:1:7:110,11:1:9:110,13:1:0:256,15:1:13:110,17:1:15:110,19:1:17:110,21:1:0:256,23:1:21:110,25:1:23:110,27:1:25:110","m,a,s,p",14.0,65536.0,0.0,,6291456.0,,262144.0,":method,:authority,:scheme,:path"
trial-012,2df845eb-b663-4f71-8520-03325c2c4559,2026-05-02 07:27:38.847103720+00:00,66.132.195.103,GET,/,HTTP/1.1,0.277,TLS 1.3,,TLS_CHACHA20_POLY1305_SHA256,,False,35fa0a83e466acbec1cfbb9016d550ab,t13i190800_9dc949149365_97f8aa674fd9,,,0,False,False,,none,"772,771,770,769","TLS 1.3,TLS 1.2,TLS 1.1,TLS 1.0",4,False,True,True,True,,TLS1.3+TLS1.2+TLS1.1+TLS1.0,True,19,False,,"52392,52393,49199,49200,49195,49196,49171,49161,49172,49162,156,157,47,53,49170,10,4867,4865,4866",ECDHE-RSA-CHACHA20_ECDHE-ECDSA-CHACHA20_ECDHE-RSA-AES128-GCM_ECDHE-RSA-AES256-GCM_ECDHE-ECDSA-AES128-GCM_ECDHE-ECDSA-AES256-GCM_ECDHE-RSA-AES128-CBC_49161_ECDHE-RSA-AES256-CBC_49162_RSA-AES128-GCM_RSA-AES256-GCM_RSA-AES128-CBC_RSA-AES256-CBC_49170_10_TLS_CHACHA20_POLY1305_SHA256_TLS_AES_128_GCM_SHA256_TLS_AES_256_GCM_SHA384,4,False,,"29,23,24,25",x25519_secp256r1_secp384r1_secp521r1,12,False,,"2052,1027,2055,2053,2054,1025,1281,1537,1283,1539,513,515",rsa_pss_rsae_sha256_ecdsa_secp256r1_sha256_2055_rsa_pss_rsae_sha384_rsa_pss_rsae_sha512_rsa_pkcs1_sha256_rsa_pkcs1_sha384_rsa_pkcs1_sha512_ecdsa_secp384r1_sha384_1539_513_ecdsa_sha1,False,t13i190800,9dc949149365,97f8aa674fd9,t,13,i,19,8,00,,,,,,,,,,,,,
trial-012,54d2428e-1843-4eba-87a8-5d939ec8c480,2026-05-02 07:27:39.062700054+00:00,66.132.195.103,GET,/favicon.ico,HTTP/1.1,0.107,TLS 1.3,,TLS_AES_128_GCM_SHA256,,False,725543c78edf669194c11dc7a039b56e,t13i131000_f57a46bbacb6_ab7e3b40a677,,,0,False,False,,none,"772,771","TLS 1.3,TLS 1.2",2,False,True,True,False,,TLS1.3+TLS1.2,True,13,False,,"49195,49199,49196,49200,52393,52392,49161,49171,49162,49172,4865,4866,4867",ECDHE-ECDSA-AES128-GCM_ECDHE-RSA-AES128-GCM_ECDHE-ECDSA-AES256-GCM_ECDHE-RSA-AES256-GCM_ECDHE-ECDSA-CHACHA20_ECDHE-RSA-CHACHA20_49161_ECDHE-RSA-AES128-CBC_49162_ECDHE-RSA-AES256-CBC_TLS_AES_128_GCM_SHA256_TLS_AES_256_GCM_SHA384_TLS_CHACHA20_POLY1305_SHA256,7,False,,"4588,4587,4589,29,23,24,25",X25519MLKEM768_4587_4589_x25519_secp256r1_secp384r1_secp521r1,10,False,,"2052,1027,2055,2053,2054,1025,1281,1537,1283,1539",rsa_pss_rsae_sha256_ecdsa_secp256r1_sha256_2055_rsa_pss_rsae_sha384_rsa_pss_rsae_sha512_rsa_pkcs1_sha256_rsa_pkcs1_sha384_rsa_pkcs1_sha512_ecdsa_secp384r1_sha384_1539,True,t13i131000,f57a46bbacb6,ab7e3b40a677,t,13,i,13,10,00,,,,,,,,,,,,,
trial-012,663e8865-ff30-4d54-8b35-695b39b2a048,2026-05-02 07:27:39.172952996+00:00,205.172.168.145,GET,/s3-hover-reveal.html,HTTP/2.0,0.39,TLS 1.3,h2,TLS_AES_128_GCM_SHA256,uxbehaviorsuite.com,True,a9efd8d735019560b6087cc980dbc274,t13d1516h2_8daaf6152771_d8a2da3f94cd,"h2,http/1.1",h2,2,True,True,0.0,h2_first,"2570,772,771","TLS 1.3,TLS 1.2",2,True,True,True,False,0.0,TLS1.3+TLS1.2,True,15,True,0.0,"2570,4865,4866,4867,49195,49199,49196,49200,52393,52392,49171,49172,156,157,47,53",TLS_AES_128_GCM_SHA256_TLS_AES_256_GCM_SHA384_TLS_CHACHA20_POLY1305_SHA256_ECDHE-ECDSA-AES128-GCM_ECDHE-RSA-AES128-GCM_ECDHE-ECDSA-AES256-GCM_ECDHE-RSA-AES256-GCM_ECDHE-ECDSA-CHACHA20_ECDHE-RSA-CHACHA20_ECDHE-RSA-AES128-CBC_ECDHE-RSA-AES256-CBC_RSA-AES128-GCM_RSA-AES256-GCM_RSA-AES128-CBC_RSA-AES256-CBC,4,True,0.0,"2570,4588,29,23,24",X25519MLKEM768_x25519_secp256r1_secp384r1,8,False,,"1027,2052,1025,1283,2053,1281,2054,1537",ecdsa_secp256r1_sha256_rsa_pss_rsae_sha256_rsa_pkcs1_sha256_ecdsa_secp384r1_sha384_rsa_pss_rsae_sha384_rsa_pkcs1_sha384_rsa_pss_rsae_sha512_rsa_pkcs1_sha512,True,t13d1516h2,8daaf6152771,d8a2da3f94cd,t,13,d,15,16,h2,"1:65536;2:0;4:6291456;6:262144|15663105|1:1:0:256,3:1:0:220,5:1:0:256,7:1:5:110,9:1:7:110,11:1:9:110,13:1:0:256,15:1:13:110,17:1:15:110,19:1:17:110,21:1:0:256,23:1:21:110,25:1:23:110,27:1:25:110,29:1:0:256|m,a,s,p",1:65536;2:0;4:6291456;6:262144,15663105.0,"1:1:0:256,3:1:0:220,5:1:0:256,7:1:5:110,9:1:7:110,11:1:9:110,13:1:0:256,15:1:13:110,17:1:15:110,19:1:17:110,21:1:0:256,23:1:21:110,25:1:23:110,27:1:25:110,29:1:0:256","m,a,s,p",15.0,65536.0,0.0,,6291456.0,,262144.0,":method,:authority,:scheme,:path"
trial-012,0f8ce8e0-9449-482b-b9f1-c8181996904f,2026-05-02 07:27:39.174459712+00:00,205.172.168.145,POST,/collect,HTTP/2.0,0.366,TLS 1.3,h2,TLS_AES_128_GCM_SHA256,uxbehaviorsuite.com,True,a9efd8d735019560b6087cc980dbc274,t13d1516h2_8daaf6152771_d8a2da3f94cd,"h2,http/1.1",h2,2,True,True,0.0,h2_first,"2570,772,771","TLS 1.3,TLS 1.2",2,True,True,True,False,0.0,TLS1.3+TLS1.2,True,15,True,0.0,"2570,4865,4866,4867,49195,49199,49196,49200,52393,52392,49171,49172,156,157,47,53",TLS_AES_128_GCM_SHA256_TLS_AES_256_GCM_SHA384_TLS_CHACHA20_POLY1305_SHA256_ECDHE-ECDSA-AES128-GCM_ECDHE-RSA-AES128-GCM_ECDHE-ECDSA-AES256-GCM_ECDHE-RSA-AES256-GCM_ECDHE-ECDSA-CHACHA20_ECDHE-RSA-CHACHA20_ECDHE-RSA-AES128-CBC_ECDHE-RSA-AES256-CBC_RSA-AES128-GCM_RSA-AES256-GCM_RSA-AES128-CBC_RSA-AES256-CBC,4,True,0.0,"2570,4588,29,23,24",X25519MLKEM768_x25519_secp256r1_secp384r1,8,False,,"1027,2052,1025,1283,2053,1281,2054,1537",ecdsa_secp256r1_sha256_rsa_pss_rsae_sha256_rsa_pkcs1_sha256_ecdsa_secp384r1_sha384_rsa_pss_rsae_sha384_rsa_pkcs1_sha384_rsa_pss_rsae_sha512_rsa_pkcs1_sha512,True,t13d1516h2,8daaf6152771,d8a2da3f94cd,t,13,d,15,16,h2,"1:65536;2:0;4:6291456;6:262144|15663105|1:1:0:256,3:1:0:220,5:1:0:256,7:1:5:110,9:1:7:110,11:1:9:110,13:1:0:256,15:1:13:110,17:1:15:110,19:1:17:110,21:1:0:256,23:1:21:110,25:1:23:110,27:1:25:110,29:1:0:256,31:1:29:110|m,a,s,p",1:65536;2:0;4:6291456;6:262144,15663105.0,"1:1:0:256,3:1:0:220,5:1:0:256,7:1:5:110,9:1:7:110,11:1:9:110,13:1:0:256,15:1:13:110,17:1:15:110,19:1:17:110,21:1:0:256,23:1:21:110,25:1:23:110,27:1:25:110,29:1:0:256,31:1:29:110","m,a,s,p",16.0,65536.0,0.0,,6291456.0,,262144.0,":method,:authority,:scheme,:path"
trial-012,e17a8466-d9f1-4bc5-a99e-b805baa6d144,2026-05-02 07:27:39.197912990+00:00,205.172.168.145,POST,/collect,HTTP/2.0,0.237,TLS 1.3,h2,TLS_AES_128_GCM_SHA256,uxbehaviorsuite.com,True,a9efd8d735019560b6087cc980dbc274,t13d1516h2_8daaf6152771_d8a2da3f94cd,"h2,http/1.1",h2,2,True,True,0.0,h2_first,"2570,772,771","TLS 1.3,TLS 1.2",2,True,True,True,False,0.0,TLS1.3+TLS1.2,True,15,True,0.0,"2570,4865,4866,4867,49195,49199,49196,49200,52393,52392,49171,49172,156,157,47,53",TLS_AES_128_GCM_SHA256_TLS_AES_256_GCM_SHA384_TLS_CHACHA20_POLY1305_SHA256_ECDHE-ECDSA-AES128-GCM_ECDHE-RSA-AES128-GCM_ECDHE-ECDSA-AES256-GCM_ECDHE-RSA-AES256-GCM_ECDHE-ECDSA-CHACHA20_ECDHE-RSA-CHACHA20_ECDHE-RSA-AES128-CBC_ECDHE-RSA-AES256-CBC_RSA-AES128-GCM_RSA-AES256-GCM_RSA-AES128-CBC_RSA-AES256-CBC,4,True,0.0,"2570,4588,29,23,24",X25519MLKEM768_x25519_secp256r1_secp384r1,8,False,,"1027,2052,1025,1283,2053,1281,2054,1537",ecdsa_secp256r1_sha256_rsa_pss_rsae_sha256_rsa_pkcs1_sha256_ecdsa_secp384r1_sha384_rsa_pss_rsae_sha384_rsa_pkcs1_sha384_rsa_pss_rsae_sha512_rsa_pkcs1_sha512,True,t13d1516h2,8daaf6152771,d8a2da3f94cd,t,13,d,15,16,h2,"1:65536;2:0;4:6291456;6:262144|15663105|1:1:0:256,3:1:0:220,5:1:0:256,7:1:5:110,9:1:7:110,11:1:9:110,13:1:0:256,15:1:13:110,17:1:15:110,19:1:17:110,21:1:0:256,23:1:21:110,25:1:23:110,27:1:25:110,29:1:0:256,31:1:29:110,33:1:0:110|m,a,s,p",1:65536;2:0;4:6291456;6:262144,15663105.0,"1:1:0:256,3:1:0:220,5:1:0:256,7:1:5:110,9:1:7:110,11:1:9:110,13:1:0:256,15:1:13:110,17:1:15:110,19:1:17:110,21:1:0:256,23:1:21:110,25:1:23:110,27:1:25:110,29:1:0:256,31:1:29:110,33:1:0:110","m,a,s,p",17.0,65536.0,0.0,,6291456.0,,262144.0,":method,:authority,:scheme,:path"
trial-012,50dd0ef8-12ee-44ba-9543-694b9acaeefe,2026-05-02 07:27:39.199204033+00:00,205.172.168.145,POST,/collect,HTTP/2.0,0.213,TLS 1.3,h2,TLS_AES_128_GCM_SHA256,uxbehaviorsuite.com,True,a9efd8d735019560b6087cc980dbc274,t13d1516h2_8daaf6152771_d8a2da3f94cd,"h2,http/1.1",h2,2,True,True,0.0,h2_first,"2570,772,771","TLS 1.3,TLS 1.2",2,True,True,True,False,0.0,TLS1.3+TLS1.2,True,15,True,0.0,"2570,4865,4866,4867,49195,49199,49196,49200,52393,52392,49171,49172,156,157,47,53",TLS_AES_128_GCM_SHA256_TLS_AES_256_GCM_SHA384_TLS_CHACHA20_POLY1305_SHA256_ECDHE-ECDSA-AES128-GCM_ECDHE-RSA-AES128-GCM_ECDHE-ECDSA-AES256-GCM_ECDHE-RSA-AES256-GCM_ECDHE-ECDSA-CHACHA20_ECDHE-RSA-CHACHA20_ECDHE-RSA-AES128-CBC_ECDHE-RSA-AES256-CBC_RSA-AES128-GCM_RSA-AES256-GCM_RSA-AES128-CBC_RSA-AES256-CBC,4,True,0.0,"2570,4588,29,23,24",X25519MLKEM768_x25519_secp256r1_secp384r1,8,False,,"1027,2052,1025,1283,2053,1281,2054,1537",ecdsa_secp256r1_sha256_rsa_pss_rsae_sha256_rsa_pkcs1_sha256_ecdsa_secp384r1_sha384_rsa_pss_rsae_sha384_rsa_pkcs1_sha384_rsa_pss_rsae_sha512_rsa_pkcs1_sha512,True,t13d1516h2,8daaf6152771,d8a2da3f94cd,t,13,d,15,16,h2,"1:65536;2:0;4:6291456;6:262144|15663105|1:1:0:256,3:1:0:220,5:1:0:256,7:1:5:110,9:1:7:110,11:1:9:110,13:1:0:256,15:1:13:110,17:1:15:110,19:1:17:110,21:1:0:256,23:1:21:110,25:1:23:110,27:1:25:110,29:1:0:256,31:1:29:110,33:1:0:110,35:1:33:110|m,a,s,p",1:65536;2:0;4:6291456;6:262144,15663105.0,"1:1:0:256,3:1:0:220,5:1:0:256,7:1:5:110,9:1:7:110,11:1:9:110,13:1:0:256,15:1:13:110,17:1:15:110,19:1:17:110,21:1:0:256,23:1:21:110,25:1:23:110,27:1:25:110,29:1:0:256,31:1:29:110,33:1:0:110,35:1:33:110","m,a,s,p",18.0,65536.0,0.0,,6291456.0,,262144.0,":method,:authority,:scheme,:path"
trial-012,dd6e7b24-37ee-4b5b-a773-33413500701f,2026-05-02 07:27:50.680899323+00:00,66.132.195.103,GET,/.well-known/security.txt,HTTP/1.1,0.108,TLS 1.3,,TLS_CHACHA20_POLY1305_SHA256,,False,35fa0a83e466acbec1cfbb9016d550ab,t13i190800_9dc949149365_97f8aa674fd9,,,0,False,False,,none,"772,771,770,769","TLS 1.3,TLS 1.2,TLS 1.1,TLS 1.0",4,False,True,True,True,,TLS1.3+TLS1.2+TLS1.1+TLS1.0,True,19,False,,"52392,52393,49199,49200,49195,49196,49171,49161,49172,49162,156,157,47,53,49170,10,4867,4865,4866",ECDHE-RSA-CHACHA20_ECDHE-ECDSA-CHACHA20_ECDHE-RSA-AES128-GCM_ECDHE-RSA-AES256-GCM_ECDHE-ECDSA-AES128-GCM_ECDHE-ECDSA-AES256-GCM_ECDHE-RSA-AES128-CBC_49161_ECDHE-RSA-AES256-CBC_49162_RSA-AES128-GCM_RSA-AES256-GCM_RSA-AES128-CBC_RSA-AES256-CBC_49170_10_TLS_CHACHA20_POLY1305_SHA256_TLS_AES_128_GCM_SHA256_TLS_AES_256_GCM_SHA384,4,False,,"29,23,24,25",x25519_secp256r1_secp384r1_secp521r1,12,False,,"2052,1027,2055,2053,2054,1025,1281,1537,1283,1539,513,515",rsa_pss_rsae_sha256_ecdsa_secp256r1_sha256_2055_rsa_pss_rsae_sha384_rsa_pss_rsae_sha512_rsa_pkcs1_sha256_rsa_pkcs1_sha384_rsa_pkcs1_sha512_ecdsa_secp384r1_sha384_1539_513_ecdsa_sha1,False,t13i190800,9dc949149365,97f8aa674fd9,t,13,i,19,8,00,,,,,,,,,,,,,
trial-012,1d2da178-73f9-4890-a689-3f49666594f8,2026-05-02 07:29:10.701512907+00:00,205.172.168.145,GET,/s4-dom-mismatch.html,HTTP/2.0,1.187,TLS 1.3,h2,TLS_AES_128_GCM_SHA256,uxbehaviorsuite.com,True,a9efd8d735019560b6087cc980dbc274,t13d1516h2_8daaf6152771_d8a2da3f94cd,"h2,http/1.1",h2,2,True,True,0.0,h2_first,"2570,772,771","TLS 1.3,TLS 1.2",2,True,True,True,False,0.0,TLS1.3+TLS1.2,True,15,True,0.0,"2570,4865,4866,4867,49195,49199,49196,49200,52393,52392,49171,49172,156,157,47,53",TLS_AES_128_GCM_SHA256_TLS_AES_256_GCM_SHA384_TLS_CHACHA20_POLY1305_SHA256_ECDHE-ECDSA-AES128-GCM_ECDHE-RSA-AES128-GCM_ECDHE-ECDSA-AES256-GCM_ECDHE-RSA-AES256-GCM_ECDHE-ECDSA-CHACHA20_ECDHE-RSA-CHACHA20_ECDHE-RSA-AES128-CBC_ECDHE-RSA-AES256-CBC_RSA-AES128-GCM_RSA-AES256-GCM_RSA-AES128-CBC_RSA-AES256-CBC,4,True,0.0,"2570,4588,29,23,24",X25519MLKEM768_x25519_secp256r1_secp384r1,8,False,,"1027,2052,1025,1283,2053,1281,2054,1537",ecdsa_secp256r1_sha256_rsa_pss_rsae_sha256_rsa_pkcs1_sha256_ecdsa_secp384r1_sha384_rsa_pss_rsae_sha384_rsa_pkcs1_sha384_rsa_pss_rsae_sha512_rsa_pkcs1_sha512,True,t13d1516h2,8daaf6152771,d8a2da3f94cd,t,13,d,15,16,h2,"1:65536;2:0;4:6291456;6:262144|15663105|1:1:0:256,3:1:0:220,5:1:0:256,7:1:5:110,9:1:7:110,11:1:9:110,13:1:0:256,15:1:13:110,17:1:15:110,19:1:17:110,21:1:0:256,23:1:21:110,25:1:23:110,27:1:25:110,29:1:0:256,31:1:29:110,33:1:0:110,35:1:33:110,37:1:0:256,39:1:37:110|m,a,s,p",1:65536;2:0;4:6291456;6:262144,15663105.0,"1:1:0:256,3:1:0:220,5:1:0:256,7:1:5:110,9:1:7:110,11:1:9:110,13:1:0:256,15:1:13:110,17:1:15:110,19:1:17:110,21:1:0:256,23:1:21:110,25:1:23:110,27:1:25:110,29:1:0:256,31:1:29:110,33:1:0:110,35:1:33:110,37:1:0:256,39:1:37:110","m,a,s,p",20.0,65536.0,0.0,,6291456.0,,262144.0,":method,:authority,:scheme,:path"
trial-012,f1a093ae-04c8-41c9-8697-6b819689f6a0,2026-05-02 07:29:10.701599755+00:00,205.172.168.145,POST,/collect,HTTP/2.0,0.347,TLS 1.3,h2,TLS_AES_128_GCM_SHA256,uxbehaviorsuite.com,True,a9efd8d735019560b6087cc980dbc274,t13d1516h2_8daaf6152771_d8a2da3f94cd,"h2,http/1.1",h2,2,True,True,0.0,h2_first,"2570,772,771","TLS 1.3,TLS 1.2",2,True,True,True,False,0.0,TLS1.3+TLS1.2,True,15,True,0.0,"2570,4865,4866,4867,49195,49199,49196,49200,52393,52392,49171,49172,156,157,47,53",TLS_AES_128_GCM_SHA256_TLS_AES_256_GCM_SHA384_TLS_CHACHA20_POLY1305_SHA256_ECDHE-ECDSA-AES128-GCM_ECDHE-RSA-AES128-GCM_ECDHE-ECDSA-AES256-GCM_ECDHE-RSA-AES256-GCM_ECDHE-ECDSA-CHACHA20_ECDHE-RSA-CHACHA20_ECDHE-RSA-AES128-CBC_ECDHE-RSA-AES256-CBC_RSA-AES128-GCM_RSA-AES256-GCM_RSA-AES128-CBC_RSA-AES256-CBC,4,True,0.0,"2570,4588,29,23,24",X25519MLKEM768_x25519_secp256r1_secp384r1,8,False,,"1027,2052,1025,1283,2053,1281,2054,1537",ecdsa_secp256r1_sha256_rsa_pss_rsae_sha256_rsa_pkcs1_sha256_ecdsa_secp384r1_sha384_rsa_pss_rsae_sha384_rsa_pkcs1_sha384_rsa_pss_rsae_sha512_rsa_pkcs1_sha512,True,t13d1516h2,8daaf6152771,d8a2da3f94cd,t,13,d,15,16,h2,"1:65536;2:0;4:6291456;6:262144|15663105|1:1:0:256,3:1:0:220,5:1:0:256,7:1:5:110,9:1:7:110,11:1:9:110,13:1:0:256,15:1:13:110,17:1:15:110,19:1:17:110,21:1:0:256,23:1:21:110,25:1:23:110,27:1:25:110,29:1:0:256,31:1:29:110,33:1:0:110,35:1:33:110,37:1:0:256,39:1:37:110|m,a,s,p",1:65536;2:0;4:6291456;6:262144,15663105.0,"1:1:0:256,3:1:0:220,5:1:0:256,7:1:5:110,9:1:7:110,11:1:9:110,13:1:0:256,15:1:13:110,17:1:15:110,19:1:17:110,21:1:0:256,23:1:21:110,25:1:23:110,27:1:25:110,29:1:0:256,31:1:29:110,33:1:0:110,35:1:33:110,37:1:0:256,39:1:37:110","m,a,s,p",20.0,65536.0,0.0,,6291456.0,,262144.0,":method,:authority,:scheme,:path"
trial-012,0320cd72-fdfe-4a6b-8b22-f1760e6260b5,2026-05-02 07:29:10.723184305+00:00,205.172.168.145,POST,/collect,HTTP/2.0,0.25,TLS 1.3,h2,TLS_AES_128_GCM_SHA256,uxbehaviorsuite.com,True,a9efd8d735019560b6087cc980dbc274,t13d1516h2_8daaf6152771_d8a2da3f94cd,"h2,http/1.1",h2,2,True,True,0.0,h2_first,"2570,772,771","TLS 1.3,TLS 1.2",2,True,True,True,False,0.0,TLS1.3+TLS1.2,True,15,True,0.0,"2570,4865,4866,4867,49195,49199,49196,49200,52393,52392,49171,49172,156,157,47,53",TLS_AES_128_GCM_SHA256_TLS_AES_256_GCM_SHA384_TLS_CHACHA20_POLY1305_SHA256_ECDHE-ECDSA-AES128-GCM_ECDHE-RSA-AES128-GCM_ECDHE-ECDSA-AES256-GCM_ECDHE-RSA-AES256-GCM_ECDHE-ECDSA-CHACHA20_ECDHE-RSA-CHACHA20_ECDHE-RSA-AES128-CBC_ECDHE-RSA-AES256-CBC_RSA-AES128-GCM_RSA-AES256-GCM_RSA-AES128-CBC_RSA-AES256-CBC,4,True,0.0,"2570,4588,29,23,24",X25519MLKEM768_x25519_secp256r1_secp384r1,8,False,,"1027,2052,1025,1283,2053,1281,2054,1537",ecdsa_secp256r1_sha256_rsa_pss_rsae_sha256_rsa_pkcs1_sha256_ecdsa_secp384r1_sha384_rsa_pss_rsae_sha384_rsa_pkcs1_sha384_rsa_pss_rsae_sha512_rsa_pkcs1_sha512,True,t13d1516h2,8daaf6152771,d8a2da3f94cd,t,13,d,15,16,h2,"1:65536;2:0;4:6291456;6:262144|15663105|1:1:0:256,3:1:0:220,5:1:0:256,7:1:5:110,9:1:7:110,11:1:9:110,13:1:0:256,15:1:13:110,17:1:15:110,19:1:17:110,21:1:0:256,23:1:21:110,25:1:23:110,27:1:25:110,29:1:0:256,31:1:29:110,33:1:0:110,35:1:33:110,37:1:0:256,39:1:37:110,41:1:37:110|m,a,s,p",1:65536;2:0;4:6291456;6:262144,15663105.0,"1:1:0:256,3:1:0:220,5:1:0:256,7:1:5:110,9:1:7:110,11:1:9:110,13:1:0:256,15:1:13:110,17:1:15:110,19:1:17:110,21:1:0:256,23:1:21:110,25:1:23:110,27:1:25:110,29:1:0:256,31:1:29:110,33:1:0:110,35:1:33:110,37:1:0:256,39:1:37:110,41:1:37:110","m,a,s,p",21.0,65536.0,0.0,,6291456.0,,262144.0,":method,:authority,:scheme,:path"
trial-012,6b06fce0-031e-4f01-8637-50fc4deb4538,2026-05-02 07:29:10.725109220+00:00,205.172.168.145,POST,/collect,HTTP/2.0,0.195,TLS 1.3,h2,TLS_AES_128_GCM_SHA256,uxbehaviorsuite.com,True,a9efd8d735019560b6087cc980dbc274,t13d1516h2_8daaf6152771_d8a2da3f94cd,"h2,http/1.1",h2,2,True,True,0.0,h2_first,"2570,772,771","TLS 1.3,TLS 1.2",2,True,True,True,False,0.0,TLS1.3+TLS1.2,True,15,True,0.0,"2570,4865,4866,4867,49195,49199,49196,49200,52393,52392,49171,49172,156,157,47,53",TLS_AES_128_GCM_SHA256_TLS_AES_256_GCM_SHA384_TLS_CHACHA20_POLY1305_SHA256_ECDHE-ECDSA-AES128-GCM_ECDHE-RSA-AES128-GCM_ECDHE-ECDSA-AES256-GCM_ECDHE-RSA-AES256-GCM_ECDHE-ECDSA-CHACHA20_ECDHE-RSA-CHACHA20_ECDHE-RSA-AES128-CBC_ECDHE-RSA-AES256-CBC_RSA-AES128-GCM_RSA-AES256-GCM_RSA-AES128-CBC_RSA-AES256-CBC,4,True,0.0,"2570,4588,29,23,24",X25519MLKEM768_x25519_secp256r1_secp384r1,8,False,,"1027,2052,1025,1283,2053,1281,2054,1537",ecdsa_secp256r1_sha256_rsa_pss_rsae_sha256_rsa_pkcs1_sha256_ecdsa_secp384r1_sha384_rsa_pss_rsae_sha384_rsa_pkcs1_sha384_rsa_pss_rsae_sha512_rsa_pkcs1_sha512,True,t13d1516h2,8daaf6152771,d8a2da3f94cd,t,13,d,15,16,h2,"1:65536;2:0;4:6291456;6:262144|15663105|1:1:0:256,3:1:0:220,5:1:0:256,7:1:5:110,9:1:7:110,11:1:9:110,13:1:0:256,15:1:13:110,17:1:15:110,19:1:17:110,21:1:0:256,23:1:21:110,25:1:23:110,27:1:25:110,29:1:0:256,31:1:29:110,33:1:0:110,35:1:33:110,37:1:0:256,39:1:37:110,41:1:37:110,43:1:41:110|m,a,s,p",1:65536;2:0;4:6291456;6:262144,15663105.0,"1:1:0:256,3:1:0:220,5:1:0:256,7:1:5:110,9:1:7:110,11:1:9:110,13:1:0:256,15:1:13:110,17:1:15:110,19:1:17:110,21:1:0:256,23:1:21:110,25:1:23:110,27:1:25:110,29:1:0:256,31:1:29:110,33:1:0:110,35:1:33:110,37:1:0:256,39:1:37:110,41:1:37:110,43:1:41:110","m,a,s,p",22.0,65536.0,0.0,,6291456.0,,262144.0,":method,:authority,:scheme,:path"
trial-012,76a7a657-ada7-4aaf-a7d3-113dee0b56fc,2026-05-02 07:30:47.322962873+00:00,205.172.168.145,GET,/s5-delayed-feedback.html,HTTP/2.0,1.979,TLS 1.3,h2,TLS_AES_128_GCM_SHA256,uxbehaviorsuite.com,True,a9efd8d735019560b6087cc980dbc274,t13d1516h2_8daaf6152771_d8a2da3f94cd,"h2,http/1.1",h2,2,True,True,0.0,h2_first,"2570,772,771","TLS 1.3,TLS 1.2",2,True,True,True,False,0.0,TLS1.3+TLS1.2,True,15,True,0.0,"2570,4865,4866,4867,49195,49199,49196,49200,52393,52392,49171,49172,156,157,47,53",TLS_AES_128_GCM_SHA256_TLS_AES_256_GCM_SHA384_TLS_CHACHA20_POLY1305_SHA256_ECDHE-ECDSA-AES128-GCM_ECDHE-RSA-AES128-GCM_ECDHE-ECDSA-AES256-GCM_ECDHE-RSA-AES256-GCM_ECDHE-ECDSA-CHACHA20_ECDHE-RSA-CHACHA20_ECDHE-RSA-AES128-CBC_ECDHE-RSA-AES256-CBC_RSA-AES128-GCM_RSA-AES256-GCM_RSA-AES128-CBC_RSA-AES256-CBC,4,True,0.0,"2570,4588,29,23,24",X25519MLKEM768_x25519_secp256r1_secp384r1,8,False,,"1027,2052,1025,1283,2053,1281,2054,1537",ecdsa_secp256r1_sha256_rsa_pss_rsae_sha256_rsa_pkcs1_sha256_ecdsa_secp384r1_sha384_rsa_pss_rsae_sha384_rsa_pkcs1_sha384_rsa_pss_rsae_sha512_rsa_pkcs1_sha512,True,t13d1516h2,8daaf6152771,d8a2da3f94cd,t,13,d,15,16,h2,"1:65536;2:0;4:6291456;6:262144|15663105|1:1:0:256,3:1:0:220,5:1:0:256,7:1:5:110,9:1:7:110,11:1:9:110,13:1:0:256,15:1:13:110,17:1:15:110,19:1:17:110,21:1:0:256,23:1:21:110,25:1:23:110,27:1:25:110,29:1:0:256,31:1:29:110,33:1:0:110,35:1:33:110,37:1:0:256,39:1:37:110,41:1:37:110,43:1:41:110,45:1:0:256|m,a,s,p",1:65536;2:0;4:6291456;6:262144,15663105.0,"1:1:0:256,3:1:0:220,5:1:0:256,7:1:5:110,9:1:7:110,11:1:9:110,13:1:0:256,15:1:13:110,17:1:15:110,19:1:17:110,21:1:0:256,23:1:21:110,25:1:23:110,27:1:25:110,29:1:0:256,31:1:29:110,33:1:0:110,35:1:33:110,37:1:0:256,39:1:37:110,41:1:37:110,43:1:41:110,45:1:0:256","m,a,s,p",23.0,65536.0,0.0,,6291456.0,,262144.0,":method,:authority,:scheme,:path"
trial-012,93fa66d5-fbe3-4b8c-86c9-b33a3a89b1e5,2026-05-02 07:30:47.323659587+00:00,205.172.168.145,POST,/collect,HTTP/2.0,1.173,TLS 1.3,h2,TLS_AES_128_GCM_SHA256,uxbehaviorsuite.com,True,a9efd8d735019560b6087cc980dbc274,t13d1516h2_8daaf6152771_d8a2da3f94cd,"h2,http/1.1",h2,2,True,True,0.0,h2_first,"2570,772,771","TLS 1.3,TLS 1.2",2,True,True,True,False,0.0,TLS1.3+TLS1.2,True,15,True,0.0,"2570,4865,4866,4867,49195,49199,49196,49200,52393,52392,49171,49172,156,157,47,53",TLS_AES_128_GCM_SHA256_TLS_AES_256_GCM_SHA384_TLS_CHACHA20_POLY1305_SHA256_ECDHE-ECDSA-AES128-GCM_ECDHE-RSA-AES128-GCM_ECDHE-ECDSA-AES256-GCM_ECDHE-RSA-AES256-GCM_ECDHE-ECDSA-CHACHA20_ECDHE-RSA-CHACHA20_ECDHE-RSA-AES128-CBC_ECDHE-RSA-AES256-CBC_RSA-AES128-GCM_RSA-AES256-GCM_RSA-AES128-CBC_RSA-AES256-CBC,4,True,0.0,"2570,4588,29,23,24",X25519MLKEM768_x25519_secp256r1_secp384r1,8,False,,"1027,2052,1025,1283,2053,1281,2054,1537",ecdsa_secp256r1_sha256_rsa_pss_rsae_sha256_rsa_pkcs1_sha256_ecdsa_secp384r1_sha384_rsa_pss_rsae_sha384_rsa_pkcs1_sha384_rsa_pss_rsae_sha512_rsa_pkcs1_sha512,True,t13d1516h2,8daaf6152771,d8a2da3f94cd,t,13,d,15,16,h2,"1:65536;2:0;4:6291456;6:262144|15663105|1:1:0:256,3:1:0:220,5:1:0:256,7:1:5:110,9:1:7:110,11:1:9:110,13:1:0:256,15:1:13:110,17:1:15:110,19:1:17:110,21:1:0:256,23:1:21:110,25:1:23:110,27:1:25:110,29:1:0:256,31:1:29:110,33:1:0:110,35:1:33:110,37:1:0:256,39:1:37:110,41:1:37:110,43:1:41:110,45:1:0:256,47:1:45:110|m,a,s,p",1:65536;2:0;4:6291456;6:262144,15663105.0,"1:1:0:256,3:1:0:220,5:1:0:256,7:1:5:110,9:1:7:110,11:1:9:110,13:1:0:256,15:1:13:110,17:1:15:110,19:1:17:110,21:1:0:256,23:1:21:110,25:1:23:110,27:1:25:110,29:1:0:256,31:1:29:110,33:1:0:110,35:1:33:110,37:1:0:256,39:1:37:110,41:1:37:110,43:1:41:110,45:1:0:256,47:1:45:110","m,a,s,p",24.0,65536.0,0.0,,6291456.0,,262144.0,":method,:authority,:scheme,:path"
trial-012,38e90e87-56a1-401f-a44c-195929bca3a4,2026-05-02 07:30:47.343453500+00:00,205.172.168.145,POST,/collect,HTTP/2.0,0.288,TLS 1.3,h2,TLS_AES_128_GCM_SHA256,uxbehaviorsuite.com,True,a9efd8d735019560b6087cc980dbc274,t13d1516h2_8daaf6152771_d8a2da3f94cd,"h2,http/1.1",h2,2,True,True,0.0,h2_first,"2570,772,771","TLS 1.3,TLS 1.2",2,True,True,True,False,0.0,TLS1.3+TLS1.2,True,15,True,0.0,"2570,4865,4866,4867,49195,49199,49196,49200,52393,52392,49171,49172,156,157,47,53",TLS_AES_128_GCM_SHA256_TLS_AES_256_GCM_SHA384_TLS_CHACHA20_POLY1305_SHA256_ECDHE-ECDSA-AES128-GCM_ECDHE-RSA-AES128-GCM_ECDHE-ECDSA-AES256-GCM_ECDHE-RSA-AES256-GCM_ECDHE-ECDSA-CHACHA20_ECDHE-RSA-CHACHA20_ECDHE-RSA-AES128-CBC_ECDHE-RSA-AES256-CBC_RSA-AES128-GCM_RSA-AES256-GCM_RSA-AES128-CBC_RSA-AES256-CBC,4,True,0.0,"2570,4588,29,23,24",X25519MLKEM768_x25519_secp256r1_secp384r1,8,False,,"1027,2052,1025,1283,2053,1281,2054,1537",ecdsa_secp256r1_sha256_rsa_pss_rsae_sha256_rsa_pkcs1_sha256_ecdsa_secp384r1_sha384_rsa_pss_rsae_sha384_rsa_pkcs1_sha384_rsa_pss_rsae_sha512_rsa_pkcs1_sha512,True,t13d1516h2,8daaf6152771,d8a2da3f94cd,t,13,d,15,16,h2,"1:65536;2:0;4:6291456;6:262144|15663105|1:1:0:256,3:1:0:220,5:1:0:256,7:1:5:110,9:1:7:110,11:1:9:110,13:1:0:256,15:1:13:110,17:1:15:110,19:1:17:110,21:1:0:256,23:1:21:110,25:1:23:110,27:1:25:110,29:1:0:256,31:1:29:110,33:1:0:110,35:1:33:110,37:1:0:256,39:1:37:110,41:1:37:110,43:1:41:110,45:1:0:256,47:1:45:110,49:1:47:110|m,a,s,p",1:65536;2:0;4:6291456;6:262144,15663105.0,"1:1:0:256,3:1:0:220,5:1:0:256,7:1:5:110,9:1:7:110,11:1:9:110,13:1:0:256,15:1:13:110,17:1:15:110,19:1:17:110,21:1:0:256,23:1:21:110,25:1:23:110,27:1:25:110,29:1:0:256,31:1:29:110,33:1:0:110,35:1:33:110,37:1:0:256,39:1:37:110,41:1:37:110,43:1:41:110,45:1:0:256,47:1:45:110,49:1:47:110","m,a,s,p",25.0,65536.0,0.0,,6291456.0,,262144.0,":method,:authority,:scheme,:path"
trial-012,cb6f03cf-9782-4649-bee1-66a35c1d6338,2026-05-02 07:30:47.346949484+00:00,205.172.168.145,POST,/collect,HTTP/2.0,0.27,TLS 1.3,h2,TLS_AES_128_GCM_SHA256,uxbehaviorsuite.com,True,a9efd8d735019560b6087cc980dbc274,t13d1516h2_8daaf6152771_d8a2da3f94cd,"h2,http/1.1",h2,2,True,True,0.0,h2_first,"2570,772,771","TLS 1.3,TLS 1.2",2,True,True,True,False,0.0,TLS1.3+TLS1.2,True,15,True,0.0,"2570,4865,4866,4867,49195,49199,49196,49200,52393,52392,49171,49172,156,157,47,53",TLS_AES_128_GCM_SHA256_TLS_AES_256_GCM_SHA384_TLS_CHACHA20_POLY1305_SHA256_ECDHE-ECDSA-AES128-GCM_ECDHE-RSA-AES128-GCM_ECDHE-ECDSA-AES256-GCM_ECDHE-RSA-AES256-GCM_ECDHE-ECDSA-CHACHA20_ECDHE-RSA-CHACHA20_ECDHE-RSA-AES128-CBC_ECDHE-RSA-AES256-CBC_RSA-AES128-GCM_RSA-AES256-GCM_RSA-AES128-CBC_RSA-AES256-CBC,4,True,0.0,"2570,4588,29,23,24",X25519MLKEM768_x25519_secp256r1_secp384r1,8,False,,"1027,2052,1025,1283,2053,1281,2054,1537",ecdsa_secp256r1_sha256_rsa_pss_rsae_sha256_rsa_pkcs1_sha256_ecdsa_secp384r1_sha384_rsa_pss_rsae_sha384_rsa_pkcs1_sha384_rsa_pss_rsae_sha512_rsa_pkcs1_sha512,True,t13d1516h2,8daaf6152771,d8a2da3f94cd,t,13,d,15,16,h2,"1:65536;2:0;4:6291456;6:262144|15663105|1:1:0:256,3:1:0:220,5:1:0:256,7:1:5:110,9:1:7:110,11:1:9:110,13:1:0:256,15:1:13:110,17:1:15:110,19:1:17:110,21:1:0:256,23:1:21:110,25:1:23:110,27:1:25:110,29:1:0:256,31:1:29:110,33:1:0:110,35:1:33:110,37:1:0:256,39:1:37:110,41:1:37:110,43:1:41:110,45:1:0:256,47:1:45:110,49:1:47:110,51:1:49:110|m,a,s,p",1:65536;2:0;4:6291456;6:262144,15663105.0,"1:1:0:256,3:1:0:220,5:1:0:256,7:1:5:110,9:1:7:110,11:1:9:110,13:1:0:256,15:1:13:110,17:1:15:110,19:1:17:110,21:1:0:256,23:1:21:110,25:1:23:110,27:1:25:110,29:1:0:256,31:1:29:110,33:1:0:110,35:1:33:110,37:1:0:256,39:1:37:110,41:1:37:110,43:1:41:110,45:1:0:256,47:1:45:110,49:1:47:110,51:1:49:110","m,a,s,p",26.0,65536.0,0.0,,6291456.0,,262144.0,":method,:authority,:scheme,:path"
trial-013,9162fc04-919b-4fd2-b2e5-7984f5308d18,2026-05-02 07:47:17.321495845+00:00,205.172.168.145,GET,/subscribe-v1.html,HTTP/2.0,0.38,TLS 1.3,h2,TLS_AES_128_GCM_SHA256,uxbehaviorsuite.com,True,5dc03875d54a41446227f501e44e9aaf,t13d1516h2_8daaf6152771_d8a2da3f94cd,"h2,http/1.1",h2,2,True,True,0.0,h2_first,"2570,772,771","TLS 1.3,TLS 1.2",2,True,True,True,False,0.0,TLS1.3+TLS1.2,True,15,True,0.0,"2570,4865,4866,4867,49195,49199,49196,49200,52393,52392,49171,49172,156,157,47,53",TLS_AES_128_GCM_SHA256_TLS_AES_256_GCM_SHA384_TLS_CHACHA20_POLY1305_SHA256_ECDHE-ECDSA-AES128-GCM_ECDHE-RSA-AES128-GCM_ECDHE-ECDSA-AES256-GCM_ECDHE-RSA-AES256-GCM_ECDHE-ECDSA-CHACHA20_ECDHE-RSA-CHACHA20_ECDHE-RSA-AES128-CBC_ECDHE-RSA-AES256-CBC_RSA-AES128-GCM_RSA-AES256-GCM_RSA-AES128-CBC_RSA-AES256-CBC,4,True,0.0,"2570,4588,29,23,24",X25519MLKEM768_x25519_secp256r1_secp384r1,8,False,,"1027,2052,1025,1283,2053,1281,2054,1537",ecdsa_secp256r1_sha256_rsa_pss_rsae_sha256_rsa_pkcs1_sha256_ecdsa_secp384r1_sha384_rsa_pss_rsae_sha384_rsa_pkcs1_sha384_rsa_pss_rsae_sha512_rsa_pkcs1_sha512,True,t13d1516h2,8daaf6152771,d8a2da3f94cd,t,13,d,15,16,h2,"1:65536;2:0;4:6291456;6:262144|15663105|1:1:0:256|m,a,s,p",1:65536;2:0;4:6291456;6:262144,15663105.0,1:1:0:256,"m,a,s,p",1.0,65536.0,0.0,,6291456.0,,262144.0,":method,:authority,:scheme,:path"
trial-013,cc17d78a-2ec4-4c62-a35b-c00f626895e2,2026-05-02 07:47:17.351604836+00:00,205.172.168.145,GET,/logger.js,HTTP/2.0,0.363,TLS 1.3,h2,TLS_AES_128_GCM_SHA256,uxbehaviorsuite.com,True,5dc03875d54a41446227f501e44e9aaf,t13d1516h2_8daaf6152771_d8a2da3f94cd,"h2,http/1.1",h2,2,True,True,0.0,h2_first,"2570,772,771","TLS 1.3,TLS 1.2",2,True,True,True,False,0.0,TLS1.3+TLS1.2,True,15,True,0.0,"2570,4865,4866,4867,49195,49199,49196,49200,52393,52392,49171,49172,156,157,47,53",TLS_AES_128_GCM_SHA256_TLS_AES_256_GCM_SHA384_TLS_CHACHA20_POLY1305_SHA256_ECDHE-ECDSA-AES128-GCM_ECDHE-RSA-AES128-GCM_ECDHE-ECDSA-AES256-GCM_ECDHE-RSA-AES256-GCM_ECDHE-ECDSA-CHACHA20_ECDHE-RSA-CHACHA20_ECDHE-RSA-AES128-CBC_ECDHE-RSA-AES256-CBC_RSA-AES128-GCM_RSA-AES256-GCM_RSA-AES128-CBC_RSA-AES256-CBC,4,True,0.0,"2570,4588,29,23,24",X25519MLKEM768_x25519_secp256r1_secp384r1,8,False,,"1027,2052,1025,1283,2053,1281,2054,1537",ecdsa_secp256r1_sha256_rsa_pss_rsae_sha256_rsa_pkcs1_sha256_ecdsa_secp384r1_sha384_rsa_pss_rsae_sha384_rsa_pkcs1_sha384_rsa_pss_rsae_sha512_rsa_pkcs1_sha512,True,t13d1516h2,8daaf6152771,d8a2da3f94cd,t,13,d,15,16,h2,"1:65536;2:0;4:6291456;6:262144|15663105|1:1:0:256,3:1:0:220|m,a,s,p",1:65536;2:0;4:6291456;6:262144,15663105.0,"1:1:0:256,3:1:0:220","m,a,s,p",2.0,65536.0,0.0,,6291456.0,,262144.0,":method,:authority,:scheme,:path"
trial-013,90ea71ea-c3a0-4f3e-9d87-7c8762e4e3c7,2026-05-02 07:48:53.838406999+00:00,205.172.168.145,GET,/subscribe-v2.html,HTTP/2.0,0.497,TLS 1.3,h2,TLS_AES_128_GCM_SHA256,uxbehaviorsuite.com,True,5dc03875d54a41446227f501e44e9aaf,t13d1516h2_8daaf6152771_d8a2da3f94cd,"h2,http/1.1",h2,2,True,True,0.0,h2_first,"2570,772,771","TLS 1.3,TLS 1.2",2,True,True,True,False,0.0,TLS1.3+TLS1.2,True,15,True,0.0,"2570,4865,4866,4867,49195,49199,49196,49200,52393,52392,49171,49172,156,157,47,53",TLS_AES_128_GCM_SHA256_TLS_AES_256_GCM_SHA384_TLS_CHACHA20_POLY1305_SHA256_ECDHE-ECDSA-AES128-GCM_ECDHE-RSA-AES128-GCM_ECDHE-ECDSA-AES256-GCM_ECDHE-RSA-AES256-GCM_ECDHE-ECDSA-CHACHA20_ECDHE-RSA-CHACHA20_ECDHE-RSA-AES128-CBC_ECDHE-RSA-AES256-CBC_RSA-AES128-GCM_RSA-AES256-GCM_RSA-AES128-CBC_RSA-AES256-CBC,4,True,0.0,"2570,4588,29,23,24",X25519MLKEM768_x25519_secp256r1_secp384r1,8,False,,"1027,2052,1025,1283,2053,1281,2054,1537",ecdsa_secp256r1_sha256_rsa_pss_rsae_sha256_rsa_pkcs1_sha256_ecdsa_secp384r1_sha384_rsa_pss_rsae_sha384_rsa_pkcs1_sha384_rsa_pss_rsae_sha512_rsa_pkcs1_sha512,True,t13d1516h2,8daaf6152771,d8a2da3f94cd,t,13,d,15,16,h2,"1:65536;2:0;4:6291456;6:262144|15663105|1:1:0:256,3:1:0:220,5:1:0:256,7:1:5:110|m,a,s,p",1:65536;2:0;4:6291456;6:262144,15663105.0,"1:1:0:256,3:1:0:220,5:1:0:256,7:1:5:110","m,a,s,p",4.0,65536.0,0.0,,6291456.0,,262144.0,":method,:authority,:scheme,:path"
trial-013,b847628a-df3d-4b2b-922a-300af0d62b8a,2026-05-02 07:48:53.838532816+00:00,205.172.168.145,POST,/collect,HTTP/2.0,0.502,TLS 1.3,h2,TLS_AES_128_GCM_SHA256,uxbehaviorsuite.com,True,5dc03875d54a41446227f501e44e9aaf,t13d1516h2_8daaf6152771_d8a2da3f94cd,"h2,http/1.1",h2,2,True,True,0.0,h2_first,"2570,772,771","TLS 1.3,TLS 1.2",2,True,True,True,False,0.0,TLS1.3+TLS1.2,True,15,True,0.0,"2570,4865,4866,4867,49195,49199,49196,49200,52393,52392,49171,49172,156,157,47,53",TLS_AES_128_GCM_SHA256_TLS_AES_256_GCM_SHA384_TLS_CHACHA20_POLY1305_SHA256_ECDHE-ECDSA-AES128-GCM_ECDHE-RSA-AES128-GCM_ECDHE-ECDSA-AES256-GCM_ECDHE-RSA-AES256-GCM_ECDHE-ECDSA-CHACHA20_ECDHE-RSA-CHACHA20_ECDHE-RSA-AES128-CBC_ECDHE-RSA-AES256-CBC_RSA-AES128-GCM_RSA-AES256-GCM_RSA-AES128-CBC_RSA-AES256-CBC,4,True,0.0,"2570,4588,29,23,24",X25519MLKEM768_x25519_secp256r1_secp384r1,8,False,,"1027,2052,1025,1283,2053,1281,2054,1537",ecdsa_secp256r1_sha256_rsa_pss_rsae_sha256_rsa_pkcs1_sha256_ecdsa_secp384r1_sha384_rsa_pss_rsae_sha384_rsa_pkcs1_sha384_rsa_pss_rsae_sha512_rsa_pkcs1_sha512,True,t13d1516h2,8daaf6152771,d8a2da3f94cd,t,13,d,15,16,h2,"1:65536;2:0;4:6291456;6:262144|15663105|1:1:0:256,3:1:0:220,5:1:0:256,7:1:5:110|m,a,s,p",1:65536;2:0;4:6291456;6:262144,15663105.0,"1:1:0:256,3:1:0:220,5:1:0:256,7:1:5:110","m,a,s,p",4.0,65536.0,0.0,,6291456.0,,262144.0,":method,:authority,:scheme,:path"
trial-013,a0e97c5e-c7a1-4848-b5eb-9148da4ac98b,2026-05-02 07:48:53.862316854+00:00,205.172.168.145,POST,/collect,HTTP/2.0,0.353,TLS 1.3,h2,TLS_AES_128_GCM_SHA256,uxbehaviorsuite.com,True,5dc03875d54a41446227f501e44e9aaf,t13d1516h2_8daaf6152771_d8a2da3f94cd,"h2,http/1.1",h2,2,True,True,0.0,h2_first,"2570,772,771","TLS 1.3,TLS 1.2",2,True,True,True,False,0.0,TLS1.3+TLS1.2,True,15,True,0.0,"2570,4865,4866,4867,49195,49199,49196,49200,52393,52392,49171,49172,156,157,47,53",TLS_AES_128_GCM_SHA256_TLS_AES_256_GCM_SHA384_TLS_CHACHA20_POLY1305_SHA256_ECDHE-ECDSA-AES128-GCM_ECDHE-RSA-AES128-GCM_ECDHE-ECDSA-AES256-GCM_ECDHE-RSA-AES256-GCM_ECDHE-ECDSA-CHACHA20_ECDHE-RSA-CHACHA20_ECDHE-RSA-AES128-CBC_ECDHE-RSA-AES256-CBC_RSA-AES128-GCM_RSA-AES256-GCM_RSA-AES128-CBC_RSA-AES256-CBC,4,True,0.0,"2570,4588,29,23,24",X25519MLKEM768_x25519_secp256r1_secp384r1,8,False,,"1027,2052,1025,1283,2053,1281,2054,1537",ecdsa_secp256r1_sha256_rsa_pss_rsae_sha256_rsa_pkcs1_sha256_ecdsa_secp384r1_sha384_rsa_pss_rsae_sha384_rsa_pkcs1_sha384_rsa_pss_rsae_sha512_rsa_pkcs1_sha512,True,t13d1516h2,8daaf6152771,d8a2da3f94cd,t,13,d,15,16,h2,"1:65536;2:0;4:6291456;6:262144|15663105|1:1:0:256,3:1:0:220,5:1:0:256,7:1:5:110,9:1:7:110,11:1:9:110|m,a,s,p",1:65536;2:0;4:6291456;6:262144,15663105.0,"1:1:0:256,3:1:0:220,5:1:0:256,7:1:5:110,9:1:7:110,11:1:9:110","m,a,s,p",6.0,65536.0,0.0,,6291456.0,,262144.0,":method,:authority,:scheme,:path"
trial-013,5d56b384-a20a-4f45-9c3a-06627aae811f,2026-05-02 07:48:53.862339010+00:00,205.172.168.145,POST,/collect,HTTP/2.0,0.177,TLS 1.3,h2,TLS_AES_128_GCM_SHA256,uxbehaviorsuite.com,True,5dc03875d54a41446227f501e44e9aaf,t13d1516h2_8daaf6152771_d8a2da3f94cd,"h2,http/1.1",h2,2,True,True,0.0,h2_first,"2570,772,771","TLS 1.3,TLS 1.2",2,True,True,True,False,0.0,TLS1.3+TLS1.2,True,15,True,0.0,"2570,4865,4866,4867,49195,49199,49196,49200,52393,52392,49171,49172,156,157,47,53",TLS_AES_128_GCM_SHA256_TLS_AES_256_GCM_SHA384_TLS_CHACHA20_POLY1305_SHA256_ECDHE-ECDSA-AES128-GCM_ECDHE-RSA-AES128-GCM_ECDHE-ECDSA-AES256-GCM_ECDHE-RSA-AES256-GCM_ECDHE-ECDSA-CHACHA20_ECDHE-RSA-CHACHA20_ECDHE-RSA-AES128-CBC_ECDHE-RSA-AES256-CBC_RSA-AES128-GCM_RSA-AES256-GCM_RSA-AES128-CBC_RSA-AES256-CBC,4,True,0.0,"2570,4588,29,23,24",X25519MLKEM768_x25519_secp256r1_secp384r1,8,False,,"1027,2052,1025,1283,2053,1281,2054,1537",ecdsa_secp256r1_sha256_rsa_pss_rsae_sha256_rsa_pkcs1_sha256_ecdsa_secp384r1_sha384_rsa_pss_rsae_sha384_rsa_pkcs1_sha384_rsa_pss_rsae_sha512_rsa_pkcs1_sha512,True,t13d1516h2,8daaf6152771,d8a2da3f94cd,t,13,d,15,16,h2,"1:65536;2:0;4:6291456;6:262144|15663105|1:1:0:256,3:1:0:220,5:1:0:256,7:1:5:110,9:1:7:110,11:1:9:110|m,a,s,p",1:65536;2:0;4:6291456;6:262144,15663105.0,"1:1:0:256,3:1:0:220,5:1:0:256,7:1:5:110,9:1:7:110,11:1:9:110","m,a,s,p",6.0,65536.0,0.0,,6291456.0,,262144.0,":method,:authority,:scheme,:path"
trial-013,45d5601c-9e16-439e-955a-c0dfe25e74e3,2026-05-02 07:50:30.762413799+00:00,205.172.168.145,GET,/subscribe-v3.html,HTTP/2.0,1.587,TLS 1.3,h2,TLS_AES_128_GCM_SHA256,uxbehaviorsuite.com,True,5dc03875d54a41446227f501e44e9aaf,t13d1516h2_8daaf6152771_d8a2da3f94cd,"h2,http/1.1",h2,2,True,True,0.0,h2_first,"2570,772,771","TLS 1.3,TLS 1.2",2,True,True,True,False,0.0,TLS1.3+TLS1.2,True,15,True,0.0,"2570,4865,4866,4867,49195,49199,49196,49200,52393,52392,49171,49172,156,157,47,53",TLS_AES_128_GCM_SHA256_TLS_AES_256_GCM_SHA384_TLS_CHACHA20_POLY1305_SHA256_ECDHE-ECDSA-AES128-GCM_ECDHE-RSA-AES128-GCM_ECDHE-ECDSA-AES256-GCM_ECDHE-RSA-AES256-GCM_ECDHE-ECDSA-CHACHA20_ECDHE-RSA-CHACHA20_ECDHE-RSA-AES128-CBC_ECDHE-RSA-AES256-CBC_RSA-AES128-GCM_RSA-AES256-GCM_RSA-AES128-CBC_RSA-AES256-CBC,4,True,0.0,"2570,4588,29,23,24",X25519MLKEM768_x25519_secp256r1_secp384r1,8,False,,"1027,2052,1025,1283,2053,1281,2054,1537",ecdsa_secp256r1_sha256_rsa_pss_rsae_sha256_rsa_pkcs1_sha256_ecdsa_secp384r1_sha384_rsa_pss_rsae_sha384_rsa_pkcs1_sha384_rsa_pss_rsae_sha512_rsa_pkcs1_sha512,True,t13d1516h2,8daaf6152771,d8a2da3f94cd,t,13,d,15,16,h2,"1:65536;2:0;4:6291456;6:262144|15663105|1:1:0:256,3:1:0:220,5:1:0:256,7:1:5:110,9:1:7:110,11:1:9:110,13:1:0:256,15:1:13:110|m,a,s,p",1:65536;2:0;4:6291456;6:262144,15663105.0,"1:1:0:256,3:1:0:220,5:1:0:256,7:1:5:110,9:1:7:110,11:1:9:110,13:1:0:256,15:1:13:110","m,a,s,p",8.0,65536.0,0.0,,6291456.0,,262144.0,":method,:authority,:scheme,:path"
trial-013,52f86156-521c-4f63-92f8-50709ba4a87e,2026-05-02 07:50:30.762501666+00:00,205.172.168.145,POST,/collect,HTTP/2.0,1.292,TLS 1.3,h2,TLS_AES_128_GCM_SHA256,uxbehaviorsuite.com,True,5dc03875d54a41446227f501e44e9aaf,t13d1516h2_8daaf6152771_d8a2da3f94cd,"h2,http/1.1",h2,2,True,True,0.0,h2_first,"2570,772,771","TLS 1.3,TLS 1.2",2,True,True,True,False,0.0,TLS1.3+TLS1.2,True,15,True,0.0,"2570,4865,4866,4867,49195,49199,49196,49200,52393,52392,49171,49172,156,157,47,53",TLS_AES_128_GCM_SHA256_TLS_AES_256_GCM_SHA384_TLS_CHACHA20_POLY1305_SHA256_ECDHE-ECDSA-AES128-GCM_ECDHE-RSA-AES128-GCM_ECDHE-ECDSA-AES256-GCM_ECDHE-RSA-AES256-GCM_ECDHE-ECDSA-CHACHA20_ECDHE-RSA-CHACHA20_ECDHE-RSA-AES128-CBC_ECDHE-RSA-AES256-CBC_RSA-AES128-GCM_RSA-AES256-GCM_RSA-AES128-CBC_RSA-AES256-CBC,4,True,0.0,"2570,4588,29,23,24",X25519MLKEM768_x25519_secp256r1_secp384r1,8,False,,"1027,2052,1025,1283,2053,1281,2054,1537",ecdsa_secp256r1_sha256_rsa_pss_rsae_sha256_rsa_pkcs1_sha256_ecdsa_secp384r1_sha384_rsa_pss_rsae_sha384_rsa_pkcs1_sha384_rsa_pss_rsae_sha512_rsa_pkcs1_sha512,True,t13d1516h2,8daaf6152771,d8a2da3f94cd,t,13,d,15,16,h2,"1:65536;2:0;4:6291456;6:262144|15663105|1:1:0:256,3:1:0:220,5:1:0:256,7:1:5:110,9:1:7:110,11:1:9:110,13:1:0:256,15:1:13:110|m,a,s,p",1:65536;2:0;4:6291456;6:262144,15663105.0,"1:1:0:256,3:1:0:220,5:1:0:256,7:1:5:110,9:1:7:110,11:1:9:110,13:1:0:256,15:1:13:110","m,a,s,p",8.0,65536.0,0.0,,6291456.0,,262144.0,":method,:authority,:scheme,:path"
trial-013,e39b29b0-d6ae-4b86-84b4-19d714f021ae,2026-05-02 07:50:30.788028816+00:00,205.172.168.145,POST,/collect,HTTP/2.0,0.254,TLS 1.3,h2,TLS_AES_128_GCM_SHA256,uxbehaviorsuite.com,True,5dc03875d54a41446227f501e44e9aaf,t13d1516h2_8daaf6152771_d8a2da3f94cd,"h2,http/1.1",h2,2,True,True,0.0,h2_first,"2570,772,771","TLS 1.3,TLS 1.2",2,True,True,True,False,0.0,TLS1.3+TLS1.2,True,15,True,0.0,"2570,4865,4866,4867,49195,49199,49196,49200,52393,52392,49171,49172,156,157,47,53",TLS_AES_128_GCM_SHA256_TLS_AES_256_GCM_SHA384_TLS_CHACHA20_POLY1305_SHA256_ECDHE-ECDSA-AES128-GCM_ECDHE-RSA-AES128-GCM_ECDHE-ECDSA-AES256-GCM_ECDHE-RSA-AES256-GCM_ECDHE-ECDSA-CHACHA20_ECDHE-RSA-CHACHA20_ECDHE-RSA-AES128-CBC_ECDHE-RSA-AES256-CBC_RSA-AES128-GCM_RSA-AES256-GCM_RSA-AES128-CBC_RSA-AES256-CBC,4,True,0.0,"2570,4588,29,23,24",X25519MLKEM768_x25519_secp256r1_secp384r1,8,False,,"1027,2052,1025,1283,2053,1281,2054,1537",ecdsa_secp256r1_sha256_rsa_pss_rsae_sha256_rsa_pkcs1_sha256_ecdsa_secp384r1_sha384_rsa_pss_rsae_sha384_rsa_pkcs1_sha384_rsa_pss_rsae_sha512_rsa_pkcs1_sha512,True,t13d1516h2,8daaf6152771,d8a2da3f94cd,t,13,d,15,16,h2,"1:65536;2:0;4:6291456;6:262144|15663105|1:1:0:256,3:1:0:220,5:1:0:256,7:1:5:110,9:1:7:110,11:1:9:110,13:1:0:256,15:1:13:110,17:1:13:110|m,a,s,p",1:65536;2:0;4:6291456;6:262144,15663105.0,"1:1:0:256,3:1:0:220,5:1:0:256,7:1:5:110,9:1:7:110,11:1:9:110,13:1:0:256,15:1:13:110,17:1:13:110","m,a,s,p",9.0,65536.0,0.0,,6291456.0,,262144.0,":method,:authority,:scheme,:path"
trial-013,0bab8a96-6161-4a11-9320-d4f4e87437bd,2026-05-02 07:50:30.788394286+00:00,205.172.168.145,POST,/collect,HTTP/2.0,0.277,TLS 1.3,h2,TLS_AES_128_GCM_SHA256,uxbehaviorsuite.com,True,5dc03875d54a41446227f501e44e9aaf,t13d1516h2_8daaf6152771_d8a2da3f94cd,"h2,http/1.1",h2,2,True,True,0.0,h2_first,"2570,772,771","TLS 1.3,TLS 1.2",2,True,True,True,False,0.0,TLS1.3+TLS1.2,True,15,True,0.0,"2570,4865,4866,4867,49195,49199,49196,49200,52393,52392,49171,49172,156,157,47,53",TLS_AES_128_GCM_SHA256_TLS_AES_256_GCM_SHA384_TLS_CHACHA20_POLY1305_SHA256_ECDHE-ECDSA-AES128-GCM_ECDHE-RSA-AES128-GCM_ECDHE-ECDSA-AES256-GCM_ECDHE-RSA-AES256-GCM_ECDHE-ECDSA-CHACHA20_ECDHE-RSA-CHACHA20_ECDHE-RSA-AES128-CBC_ECDHE-RSA-AES256-CBC_RSA-AES128-GCM_RSA-AES256-GCM_RSA-AES128-CBC_RSA-AES256-CBC,4,True,0.0,"2570,4588,29,23,24",X25519MLKEM768_x25519_secp256r1_secp384r1,8,False,,"1027,2052,1025,1283,2053,1281,2054,1537",ecdsa_secp256r1_sha256_rsa_pss_rsae_sha256_rsa_pkcs1_sha256_ecdsa_secp384r1_sha384_rsa_pss_rsae_sha384_rsa_pkcs1_sha384_rsa_pss_rsae_sha512_rsa_pkcs1_sha512,True,t13d1516h2,8daaf6152771,d8a2da3f94cd,t,13,d,15,16,h2,"1:65536;2:0;4:6291456;6:262144|15663105|1:1:0:256,3:1:0:220,5:1:0:256,7:1:5:110,9:1:7:110,11:1:9:110,13:1:0:256,15:1:13:110,17:1:13:110,19:1:17:110|m,a,s,p",1:65536;2:0;4:6291456;6:262144,15663105.0,"1:1:0:256,3:1:0:220,5:1:0:256,7:1:5:110,9:1:7:110,11:1:9:110,13:1:0:256,15:1:13:110,17:1:13:110,19:1:17:110","m,a,s,p",10.0,65536.0,0.0,,6291456.0,,262144.0,":method,:authority,:scheme,:path"
trial-013,9ad91bb8-b34e-422a-bd29-413bb488efe4,2026-05-02 07:51:32.342426510+00:00,205.172.168.145,GET,/s2-scroll-gate.html,HTTP/2.0,0.451,TLS 1.3,h2,TLS_AES_128_GCM_SHA256,uxbehaviorsuite.com,True,5dc03875d54a41446227f501e44e9aaf,t13d1516h2_8daaf6152771_d8a2da3f94cd,"h2,http/1.1",h2,2,True,True,0.0,h2_first,"2570,772,771","TLS 1.3,TLS 1.2",2,True,True,True,False,0.0,TLS1.3+TLS1.2,True,15,True,0.0,"2570,4865,4866,4867,49195,49199,49196,49200,52393,52392,49171,49172,156,157,47,53",TLS_AES_128_GCM_SHA256_TLS_AES_256_GCM_SHA384_TLS_CHACHA20_POLY1305_SHA256_ECDHE-ECDSA-AES128-GCM_ECDHE-RSA-AES128-GCM_ECDHE-ECDSA-AES256-GCM_ECDHE-RSA-AES256-GCM_ECDHE-ECDSA-CHACHA20_ECDHE-RSA-CHACHA20_ECDHE-RSA-AES128-CBC_ECDHE-RSA-AES256-CBC_RSA-AES128-GCM_RSA-AES256-GCM_RSA-AES128-CBC_RSA-AES256-CBC,4,True,0.0,"2570,4588,29,23,24",X25519MLKEM768_x25519_secp256r1_secp384r1,8,False,,"1027,2052,1025,1283,2053,1281,2054,1537",ecdsa_secp256r1_sha256_rsa_pss_rsae_sha256_rsa_pkcs1_sha256_ecdsa_secp384r1_sha384_rsa_pss_rsae_sha384_rsa_pkcs1_sha384_rsa_pss_rsae_sha512_rsa_pkcs1_sha512,True,t13d1516h2,8daaf6152771,d8a2da3f94cd,t,13,d,15,16,h2,"1:65536;2:0;4:6291456;6:262144|15663105|1:1:0:256,3:1:0:220,5:1:0:256,7:1:5:110,9:1:7:110,11:1:9:110,13:1:0:256,15:1:13:110,17:1:13:110,19:1:17:110,21:1:0:256,23:1:21:110|m,a,s,p",1:65536;2:0;4:6291456;6:262144,15663105.0,"1:1:0:256,3:1:0:220,5:1:0:256,7:1:5:110,9:1:7:110,11:1:9:110,13:1:0:256,15:1:13:110,17:1:13:110,19:1:17:110,21:1:0:256,23:1:21:110","m,a,s,p",12.0,65536.0,0.0,,6291456.0,,262144.0,":method,:authority,:scheme,:path"
trial-013,6253af59-710d-4a5b-b74c-5d4826203de1,2026-05-02 07:51:32.342527803+00:00,205.172.168.145,POST,/collect,HTTP/2.0,0.911,TLS 1.3,h2,TLS_AES_128_GCM_SHA256,uxbehaviorsuite.com,True,5dc03875d54a41446227f501e44e9aaf,t13d1516h2_8daaf6152771_d8a2da3f94cd,"h2,http/1.1",h2,2,True,True,0.0,h2_first,"2570,772,771","TLS 1.3,TLS 1.2",2,True,True,True,False,0.0,TLS1.3+TLS1.2,True,15,True,0.0,"2570,4865,4866,4867,49195,49199,49196,49200,52393,52392,49171,49172,156,157,47,53",TLS_AES_128_GCM_SHA256_TLS_AES_256_GCM_SHA384_TLS_CHACHA20_POLY1305_SHA256_ECDHE-ECDSA-AES128-GCM_ECDHE-RSA-AES128-GCM_ECDHE-ECDSA-AES256-GCM_ECDHE-RSA-AES256-GCM_ECDHE-ECDSA-CHACHA20_ECDHE-RSA-CHACHA20_ECDHE-RSA-AES128-CBC_ECDHE-RSA-AES256-CBC_RSA-AES128-GCM_RSA-AES256-GCM_RSA-AES128-CBC_RSA-AES256-CBC,4,True,0.0,"2570,4588,29,23,24",X25519MLKEM768_x25519_secp256r1_secp384r1,8,False,,"1027,2052,1025,1283,2053,1281,2054,1537",ecdsa_secp256r1_sha256_rsa_pss_rsae_sha256_rsa_pkcs1_sha256_ecdsa_secp384r1_sha384_rsa_pss_rsae_sha384_rsa_pkcs1_sha384_rsa_pss_rsae_sha512_rsa_pkcs1_sha512,True,t13d1516h2,8daaf6152771,d8a2da3f94cd,t,13,d,15,16,h2,"1:65536;2:0;4:6291456;6:262144|15663105|1:1:0:256,3:1:0:220,5:1:0:256,7:1:5:110,9:1:7:110,11:1:9:110,13:1:0:256,15:1:13:110,17:1:13:110,19:1:17:110,21:1:0:256,23:1:21:110|m,a,s,p",1:65536;2:0;4:6291456;6:262144,15663105.0,"1:1:0:256,3:1:0:220,5:1:0:256,7:1:5:110,9:1:7:110,11:1:9:110,13:1:0:256,15:1:13:110,17:1:13:110,19:1:17:110,21:1:0:256,23:1:21:110","m,a,s,p",12.0,65536.0,0.0,,6291456.0,,262144.0,":method,:authority,:scheme,:path"
trial-013,ad88efdb-d8b7-4bb5-97e2-a684a234bf78,2026-05-02 07:51:32.372091623+00:00,205.172.168.145,POST,/collect,HTTP/2.0,0.188,TLS 1.3,h2,TLS_AES_128_GCM_SHA256,uxbehaviorsuite.com,True,5dc03875d54a41446227f501e44e9aaf,t13d1516h2_8daaf6152771_d8a2da3f94cd,"h2,http/1.1",h2,2,True,True,0.0,h2_first,"2570,772,771","TLS 1.3,TLS 1.2",2,True,True,True,False,0.0,TLS1.3+TLS1.2,True,15,True,0.0,"2570,4865,4866,4867,49195,49199,49196,49200,52393,52392,49171,49172,156,157,47,53",TLS_AES_128_GCM_SHA256_TLS_AES_256_GCM_SHA384_TLS_CHACHA20_POLY1305_SHA256_ECDHE-ECDSA-AES128-GCM_ECDHE-RSA-AES128-GCM_ECDHE-ECDSA-AES256-GCM_ECDHE-RSA-AES256-GCM_ECDHE-ECDSA-CHACHA20_ECDHE-RSA-CHACHA20_ECDHE-RSA-AES128-CBC_ECDHE-RSA-AES256-CBC_RSA-AES128-GCM_RSA-AES256-GCM_RSA-AES128-CBC_RSA-AES256-CBC,4,True,0.0,"2570,4588,29,23,24",X25519MLKEM768_x25519_secp256r1_secp384r1,8,False,,"1027,2052,1025,1283,2053,1281,2054,1537",ecdsa_secp256r1_sha256_rsa_pss_rsae_sha256_rsa_pkcs1_sha256_ecdsa_secp384r1_sha384_rsa_pss_rsae_sha384_rsa_pkcs1_sha384_rsa_pss_rsae_sha512_rsa_pkcs1_sha512,True,t13d1516h2,8daaf6152771,d8a2da3f94cd,t,13,d,15,16,h2,"1:65536;2:0;4:6291456;6:262144|15663105|1:1:0:256,3:1:0:220,5:1:0:256,7:1:5:110,9:1:7:110,11:1:9:110,13:1:0:256,15:1:13:110,17:1:13:110,19:1:17:110,21:1:0:256,23:1:21:110,25:1:23:110|m,a,s,p",1:65536;2:0;4:6291456;6:262144,15663105.0,"1:1:0:256,3:1:0:220,5:1:0:256,7:1:5:110,9:1:7:110,11:1:9:110,13:1:0:256,15:1:13:110,17:1:13:110,19:1:17:110,21:1:0:256,23:1:21:110,25:1:23:110","m,a,s,p",13.0,65536.0,0.0,,6291456.0,,262144.0,":method,:authority,:scheme,:path"
trial-013,d6a9301a-d3ec-44a7-bf45-27a52e2c5485,2026-05-02 07:51:32.379473236+00:00,205.172.168.145,POST,/collect,HTTP/2.0,0.183,TLS 1.3,h2,TLS_AES_128_GCM_SHA256,uxbehaviorsuite.com,True,5dc03875d54a41446227f501e44e9aaf,t13d1516h2_8daaf6152771_d8a2da3f94cd,"h2,http/1.1",h2,2,True,True,0.0,h2_first,"2570,772,771","TLS 1.3,TLS 1.2",2,True,True,True,False,0.0,TLS1.3+TLS1.2,True,15,True,0.0,"2570,4865,4866,4867,49195,49199,49196,49200,52393,52392,49171,49172,156,157,47,53",TLS_AES_128_GCM_SHA256_TLS_AES_256_GCM_SHA384_TLS_CHACHA20_POLY1305_SHA256_ECDHE-ECDSA-AES128-GCM_ECDHE-RSA-AES128-GCM_ECDHE-ECDSA-AES256-GCM_ECDHE-RSA-AES256-GCM_ECDHE-ECDSA-CHACHA20_ECDHE-RSA-CHACHA20_ECDHE-RSA-AES128-CBC_ECDHE-RSA-AES256-CBC_RSA-AES128-GCM_RSA-AES256-GCM_RSA-AES128-CBC_RSA-AES256-CBC,4,True,0.0,"2570,4588,29,23,24",X25519MLKEM768_x25519_secp256r1_secp384r1,8,False,,"1027,2052,1025,1283,2053,1281,2054,1537",ecdsa_secp256r1_sha256_rsa_pss_rsae_sha256_rsa_pkcs1_sha256_ecdsa_secp384r1_sha384_rsa_pss_rsae_sha384_rsa_pkcs1_sha384_rsa_pss_rsae_sha512_rsa_pkcs1_sha512,True,t13d1516h2,8daaf6152771,d8a2da3f94cd,t,13,d,15,16,h2,"1:65536;2:0;4:6291456;6:262144|15663105|1:1:0:256,3:1:0:220,5:1:0:256,7:1:5:110,9:1:7:110,11:1:9:110,13:1:0:256,15:1:13:110,17:1:13:110,19:1:17:110,21:1:0:256,23:1:21:110,25:1:23:110,27:1:25:110|m,a,s,p",1:65536;2:0;4:6291456;6:262144,15663105.0,"1:1:0:256,3:1:0:220,5:1:0:256,7:1:5:110,9:1:7:110,11:1:9:110,13:1:0:256,15:1:13:110,17:1:13:110,19:1:17:110,21:1:0:256,23:1:21:110,25:1:23:110,27:1:25:110","m,a,s,p",14.0,65536.0,0.0,,6291456.0,,262144.0,":method,:authority,:scheme,:path"
trial-013,c0c58919-d978-4e11-a67d-40582dc97166,2026-05-02 07:51:33.085140903+00:00,43.157.181.189,GET,/,HTTP/1.1,0.295,TLS 1.3,,TLS_AES_128_GCM_SHA256,uxbehaviorsuite.com,True,8bee49baa010986785a9e74d688ed7e9,t13d131000_f57a46bbacb6_e7c285222651,,,0,False,False,,none,"772,771","TLS 1.3,TLS 1.2",2,False,True,True,False,,TLS1.3+TLS1.2,True,13,False,,"49195,49199,49196,49200,52393,52392,49161,49171,49162,49172,4865,4866,4867",ECDHE-ECDSA-AES128-GCM_ECDHE-RSA-AES128-GCM_ECDHE-ECDSA-AES256-GCM_ECDHE-RSA-AES256-GCM_ECDHE-ECDSA-CHACHA20_ECDHE-RSA-CHACHA20_49161_ECDHE-RSA-AES128-CBC_49162_ECDHE-RSA-AES256-CBC_TLS_AES_128_GCM_SHA256_TLS_AES_256_GCM_SHA384_TLS_CHACHA20_POLY1305_SHA256,5,False,,"4588,29,23,24,25",X25519MLKEM768_x25519_secp256r1_secp384r1_secp521r1,12,False,,"2052,1027,2055,2053,2054,1025,1281,1537,1283,1539,513,515",rsa_pss_rsae_sha256_ecdsa_secp256r1_sha256_2055_rsa_pss_rsae_sha384_rsa_pss_rsae_sha512_rsa_pkcs1_sha256_rsa_pkcs1_sha384_rsa_pkcs1_sha512_ecdsa_secp384r1_sha384_1539_513_ecdsa_sha1,True,t13d131000,f57a46bbacb6,e7c285222651,t,13,d,13,10,00,,,,,,,,,,,,,
trial-013,f64764c3-537a-409e-9928-56a6e4ee0332,2026-05-02 07:52:57.871296832+00:00,49.235.136.28,GET,/,HTTP/1.1,0.281,TLS 1.3,,TLS_AES_128_GCM_SHA256,devsecopstrainee.site,True,20b279993ae2e137e62b9647c6d768fb,t13d131100_f57a46bbacb6_e5728521abd4,,,0,False,False,,none,"772,771","TLS 1.3,TLS 1.2",2,False,True,True,False,,TLS1.3+TLS1.2,True,13,False,,"49195,49199,49196,49200,52393,52392,49161,49171,49162,49172,4865,4866,4867",ECDHE-ECDSA-AES128-GCM_ECDHE-RSA-AES128-GCM_ECDHE-ECDSA-AES256-GCM_ECDHE-RSA-AES256-GCM_ECDHE-ECDSA-CHACHA20_ECDHE-RSA-CHACHA20_49161_ECDHE-RSA-AES128-CBC_49162_ECDHE-RSA-AES256-CBC_TLS_AES_128_GCM_SHA256_TLS_AES_256_GCM_SHA384_TLS_CHACHA20_POLY1305_SHA256,5,False,,"4588,29,23,24,25",X25519MLKEM768_x25519_secp256r1_secp384r1_secp521r1,12,False,,"2052,1027,2055,2053,2054,1025,1281,1537,1283,1539,513,515",rsa_pss_rsae_sha256_ecdsa_secp256r1_sha256_2055_rsa_pss_rsae_sha384_rsa_pss_rsae_sha512_rsa_pkcs1_sha256_rsa_pkcs1_sha384_rsa_pkcs1_sha512_ecdsa_secp384r1_sha384_1539_513_ecdsa_sha1,True,t13d131100,f57a46bbacb6,e5728521abd4,t,13,d,13,11,00,,,,,,,,,,,,,
trial-013,0f04b754-f6f8-404c-a043-2933f408dc3f,2026-05-02 07:53:05.237020913+00:00,205.172.168.145,GET,/s3-hover-reveal.html,HTTP/2.0,0.597,TLS 1.3,h2,TLS_AES_128_GCM_SHA256,uxbehaviorsuite.com,True,5dc03875d54a41446227f501e44e9aaf,t13d1516h2_8daaf6152771_d8a2da3f94cd,"h2,http/1.1",h2,2,True,True,0.0,h2_first,"2570,772,771","TLS 1.3,TLS 1.2",2,True,True,True,False,0.0,TLS1.3+TLS1.2,True,15,True,0.0,"2570,4865,4866,4867,49195,49199,49196,49200,52393,52392,49171,49172,156,157,47,53",TLS_AES_128_GCM_SHA256_TLS_AES_256_GCM_SHA384_TLS_CHACHA20_POLY1305_SHA256_ECDHE-ECDSA-AES128-GCM_ECDHE-RSA-AES128-GCM_ECDHE-ECDSA-AES256-GCM_ECDHE-RSA-AES256-GCM_ECDHE-ECDSA-CHACHA20_ECDHE-RSA-CHACHA20_ECDHE-RSA-AES128-CBC_ECDHE-RSA-AES256-CBC_RSA-AES128-GCM_RSA-AES256-GCM_RSA-AES128-CBC_RSA-AES256-CBC,4,True,0.0,"2570,4588,29,23,24",X25519MLKEM768_x25519_secp256r1_secp384r1,8,False,,"1027,2052,1025,1283,2053,1281,2054,1537",ecdsa_secp256r1_sha256_rsa_pss_rsae_sha256_rsa_pkcs1_sha256_ecdsa_secp384r1_sha384_rsa_pss_rsae_sha384_rsa_pkcs1_sha384_rsa_pss_rsae_sha512_rsa_pkcs1_sha512,True,t13d1516h2,8daaf6152771,d8a2da3f94cd,t,13,d,15,16,h2,"1:65536;2:0;4:6291456;6:262144|15663105|1:1:0:256,3:1:0:220,5:1:0:256,7:1:5:110,9:1:7:110,11:1:9:110,13:1:0:256,15:1:13:110,17:1:13:110,19:1:17:110,21:1:0:256,23:1:21:110,25:1:23:110,27:1:25:110,29:1:0:256,31:1:29:110|m,a,s,p",1:65536;2:0;4:6291456;6:262144,15663105.0,"1:1:0:256,3:1:0:220,5:1:0:256,7:1:5:110,9:1:7:110,11:1:9:110,13:1:0:256,15:1:13:110,17:1:13:110,19:1:17:110,21:1:0:256,23:1:21:110,25:1:23:110,27:1:25:110,29:1:0:256,31:1:29:110","m,a,s,p",16.0,65536.0,0.0,,6291456.0,,262144.0,":method,:authority,:scheme,:path"
trial-013,1323d337-45be-4dff-9a9f-6a546ba47005,2026-05-02 07:53:05.237144512+00:00,205.172.168.145,POST,/collect,HTTP/2.0,0.401,TLS 1.3,h2,TLS_AES_128_GCM_SHA256,uxbehaviorsuite.com,True,5dc03875d54a41446227f501e44e9aaf,t13d1516h2_8daaf6152771_d8a2da3f94cd,"h2,http/1.1",h2,2,True,True,0.0,h2_first,"2570,772,771","TLS 1.3,TLS 1.2",2,True,True,True,False,0.0,TLS1.3+TLS1.2,True,15,True,0.0,"2570,4865,4866,4867,49195,49199,49196,49200,52393,52392,49171,49172,156,157,47,53",TLS_AES_128_GCM_SHA256_TLS_AES_256_GCM_SHA384_TLS_CHACHA20_POLY1305_SHA256_ECDHE-ECDSA-AES128-GCM_ECDHE-RSA-AES128-GCM_ECDHE-ECDSA-AES256-GCM_ECDHE-RSA-AES256-GCM_ECDHE-ECDSA-CHACHA20_ECDHE-RSA-CHACHA20_ECDHE-RSA-AES128-CBC_ECDHE-RSA-AES256-CBC_RSA-AES128-GCM_RSA-AES256-GCM_RSA-AES128-CBC_RSA-AES256-CBC,4,True,0.0,"2570,4588,29,23,24",X25519MLKEM768_x25519_secp256r1_secp384r1,8,False,,"1027,2052,1025,1283,2053,1281,2054,1537",ecdsa_secp256r1_sha256_rsa_pss_rsae_sha256_rsa_pkcs1_sha256_ecdsa_secp384r1_sha384_rsa_pss_rsae_sha384_rsa_pkcs1_sha384_rsa_pss_rsae_sha512_rsa_pkcs1_sha512,True,t13d1516h2,8daaf6152771,d8a2da3f94cd,t,13,d,15,16,h2,"1:65536;2:0;4:6291456;6:262144|15663105|1:1:0:256,3:1:0:220,5:1:0:256,7:1:5:110,9:1:7:110,11:1:9:110,13:1:0:256,15:1:13:110,17:1:13:110,19:1:17:110,21:1:0:256,23:1:21:110,25:1:23:110,27:1:25:110,29:1:0:256,31:1:29:110|m,a,s,p",1:65536;2:0;4:6291456;6:262144,15663105.0,"1:1:0:256,3:1:0:220,5:1:0:256,7:1:5:110,9:1:7:110,11:1:9:110,13:1:0:256,15:1:13:110,17:1:13:110,19:1:17:110,21:1:0:256,23:1:21:110,25:1:23:110,27:1:25:110,29:1:0:256,31:1:29:110","m,a,s,p",16.0,65536.0,0.0,,6291456.0,,262144.0,":method,:authority,:scheme,:path"
trial-013,4cf8b044-0e4c-40c5-8c11-c4cd9145392d,2026-05-02 07:53:05.259831754+00:00,205.172.168.145,POST,/collect,HTTP/2.0,0.252,TLS 1.3,h2,TLS_AES_128_GCM_SHA256,uxbehaviorsuite.com,True,5dc03875d54a41446227f501e44e9aaf,t13d1516h2_8daaf6152771_d8a2da3f94cd,"h2,http/1.1",h2,2,True,True,0.0,h2_first,"2570,772,771","TLS 1.3,TLS 1.2",2,True,True,True,False,0.0,TLS1.3+TLS1.2,True,15,True,0.0,"2570,4865,4866,4867,49195,49199,49196,49200,52393,52392,49171,49172,156,157,47,53",TLS_AES_128_GCM_SHA256_TLS_AES_256_GCM_SHA384_TLS_CHACHA20_POLY1305_SHA256_ECDHE-ECDSA-AES128-GCM_ECDHE-RSA-AES128-GCM_ECDHE-ECDSA-AES256-GCM_ECDHE-RSA-AES256-GCM_ECDHE-ECDSA-CHACHA20_ECDHE-RSA-CHACHA20_ECDHE-RSA-AES128-CBC_ECDHE-RSA-AES256-CBC_RSA-AES128-GCM_RSA-AES256-GCM_RSA-AES128-CBC_RSA-AES256-CBC,4,True,0.0,"2570,4588,29,23,24",X25519MLKEM768_x25519_secp256r1_secp384r1,8,False,,"1027,2052,1025,1283,2053,1281,2054,1537",ecdsa_secp256r1_sha256_rsa_pss_rsae_sha256_rsa_pkcs1_sha256_ecdsa_secp384r1_sha384_rsa_pss_rsae_sha384_rsa_pkcs1_sha384_rsa_pss_rsae_sha512_rsa_pkcs1_sha512,True,t13d1516h2,8daaf6152771,d8a2da3f94cd,t,13,d,15,16,h2,"1:65536;2:0;4:6291456;6:262144|15663105|1:1:0:256,3:1:0:220,5:1:0:256,7:1:5:110,9:1:7:110,11:1:9:110,13:1:0:256,15:1:13:110,17:1:13:110,19:1:17:110,21:1:0:256,23:1:21:110,25:1:23:110,27:1:25:110,29:1:0:256,31:1:29:110,33:1:31:110|m,a,s,p",1:65536;2:0;4:6291456;6:262144,15663105.0,"1:1:0:256,3:1:0:220,5:1:0:256,7:1:5:110,9:1:7:110,11:1:9:110,13:1:0:256,15:1:13:110,17:1:13:110,19:1:17:110,21:1:0:256,23:1:21:110,25:1:23:110,27:1:25:110,29:1:0:256,31:1:29:110,33:1:31:110","m,a,s,p",17.0,65536.0,0.0,,6291456.0,,262144.0,":method,:authority,:scheme,:path"
trial-013,dacf5feb-4c0a-4ba4-acfd-f791db282102,2026-05-02 07:53:05.262994017+00:00,205.172.168.145,POST,/collect,HTTP/2.0,0.444,TLS 1.3,h2,TLS_AES_128_GCM_SHA256,uxbehaviorsuite.com,True,5dc03875d54a41446227f501e44e9aaf,t13d1516h2_8daaf6152771_d8a2da3f94cd,"h2,http/1.1",h2,2,True,True,0.0,h2_first,"2570,772,771","TLS 1.3,TLS 1.2",2,True,True,True,False,0.0,TLS1.3+TLS1.2,True,15,True,0.0,"2570,4865,4866,4867,49195,49199,49196,49200,52393,52392,49171,49172,156,157,47,53",TLS_AES_128_GCM_SHA256_TLS_AES_256_GCM_SHA384_TLS_CHACHA20_POLY1305_SHA256_ECDHE-ECDSA-AES128-GCM_ECDHE-RSA-AES128-GCM_ECDHE-ECDSA-AES256-GCM_ECDHE-RSA-AES256-GCM_ECDHE-ECDSA-CHACHA20_ECDHE-RSA-CHACHA20_ECDHE-RSA-AES128-CBC_ECDHE-RSA-AES256-CBC_RSA-AES128-GCM_RSA-AES256-GCM_RSA-AES128-CBC_RSA-AES256-CBC,4,True,0.0,"2570,4588,29,23,24",X25519MLKEM768_x25519_secp256r1_secp384r1,8,False,,"1027,2052,1025,1283,2053,1281,2054,1537",ecdsa_secp256r1_sha256_rsa_pss_rsae_sha256_rsa_pkcs1_sha256_ecdsa_secp384r1_sha384_rsa_pss_rsae_sha384_rsa_pkcs1_sha384_rsa_pss_rsae_sha512_rsa_pkcs1_sha512,True,t13d1516h2,8daaf6152771,d8a2da3f94cd,t,13,d,15,16,h2,"1:65536;2:0;4:6291456;6:262144|15663105|1:1:0:256,3:1:0:220,5:1:0:256,7:1:5:110,9:1:7:110,11:1:9:110,13:1:0:256,15:1:13:110,17:1:13:110,19:1:17:110,21:1:0:256,23:1:21:110,25:1:23:110,27:1:25:110,29:1:0:256,31:1:29:110,33:1:31:110,35:1:33:110|m,a,s,p",1:65536;2:0;4:6291456;6:262144,15663105.0,"1:1:0:256,3:1:0:220,5:1:0:256,7:1:5:110,9:1:7:110,11:1:9:110,13:1:0:256,15:1:13:110,17:1:13:110,19:1:17:110,21:1:0:256,23:1:21:110,25:1:23:110,27:1:25:110,29:1:0:256,31:1:29:110,33:1:31:110,35:1:33:110","m,a,s,p",18.0,65536.0,0.0,,6291456.0,,262144.0,":method,:authority,:scheme,:path"
trial-013,782d615f-763e-43e8-a370-7c625758d1f0,2026-05-02 07:54:34.475838883+00:00,205.172.168.145,GET,/s4-dom-mismatch.html,HTTP/2.0,0.404,TLS 1.3,h2,TLS_AES_128_GCM_SHA256,uxbehaviorsuite.com,True,5dc03875d54a41446227f501e44e9aaf,t13d1516h2_8daaf6152771_d8a2da3f94cd,"h2,http/1.1",h2,2,True,True,0.0,h2_first,"2570,772,771","TLS 1.3,TLS 1.2",2,True,True,True,False,0.0,TLS1.3+TLS1.2,True,15,True,0.0,"2570,4865,4866,4867,49195,49199,49196,49200,52393,52392,49171,49172,156,157,47,53",TLS_AES_128_GCM_SHA256_TLS_AES_256_GCM_SHA384_TLS_CHACHA20_POLY1305_SHA256_ECDHE-ECDSA-AES128-GCM_ECDHE-RSA-AES128-GCM_ECDHE-ECDSA-AES256-GCM_ECDHE-RSA-AES256-GCM_ECDHE-ECDSA-CHACHA20_ECDHE-RSA-CHACHA20_ECDHE-RSA-AES128-CBC_ECDHE-RSA-AES256-CBC_RSA-AES128-GCM_RSA-AES256-GCM_RSA-AES128-CBC_RSA-AES256-CBC,4,True,0.0,"2570,4588,29,23,24",X25519MLKEM768_x25519_secp256r1_secp384r1,8,False,,"1027,2052,1025,1283,2053,1281,2054,1537",ecdsa_secp256r1_sha256_rsa_pss_rsae_sha256_rsa_pkcs1_sha256_ecdsa_secp384r1_sha384_rsa_pss_rsae_sha384_rsa_pkcs1_sha384_rsa_pss_rsae_sha512_rsa_pkcs1_sha512,True,t13d1516h2,8daaf6152771,d8a2da3f94cd,t,13,d,15,16,h2,"1:65536;2:0;4:6291456;6:262144|15663105|1:1:0:256,3:1:0:220,5:1:0:256,7:1:5:110,9:1:7:110,11:1:9:110,13:1:0:256,15:1:13:110,17:1:13:110,19:1:17:110,21:1:0:256,23:1:21:110,25:1:23:110,27:1:25:110,29:1:0:256,31:1:29:110,33:1:31:110,35:1:33:110,37:1:0:256|m,a,s,p",1:65536;2:0;4:6291456;6:262144,15663105.0,"1:1:0:256,3:1:0:220,5:1:0:256,7:1:5:110,9:1:7:110,11:1:9:110,13:1:0:256,15:1:13:110,17:1:13:110,19:1:17:110,21:1:0:256,23:1:21:110,25:1:23:110,27:1:25:110,29:1:0:256,31:1:29:110,33:1:31:110,35:1:33:110,37:1:0:256","m,a,s,p",19.0,65536.0,0.0,,6291456.0,,262144.0,":method,:authority,:scheme,:path"
trial-013,ed4bb861-78fd-41b3-b1e8-65d76357bf20,2026-05-02 07:54:34.476955880+00:00,205.172.168.145,POST,/collect,HTTP/2.0,0.402,TLS 1.3,h2,TLS_AES_128_GCM_SHA256,uxbehaviorsuite.com,True,5dc03875d54a41446227f501e44e9aaf,t13d1516h2_8daaf6152771_d8a2da3f94cd,"h2,http/1.1",h2,2,True,True,0.0,h2_first,"2570,772,771","TLS 1.3,TLS 1.2",2,True,True,True,False,0.0,TLS1.3+TLS1.2,True,15,True,0.0,"2570,4865,4866,4867,49195,49199,49196,49200,52393,52392,49171,49172,156,157,47,53",TLS_AES_128_GCM_SHA256_TLS_AES_256_GCM_SHA384_TLS_CHACHA20_POLY1305_SHA256_ECDHE-ECDSA-AES128-GCM_ECDHE-RSA-AES128-GCM_ECDHE-ECDSA-AES256-GCM_ECDHE-RSA-AES256-GCM_ECDHE-ECDSA-CHACHA20_ECDHE-RSA-CHACHA20_ECDHE-RSA-AES128-CBC_ECDHE-RSA-AES256-CBC_RSA-AES128-GCM_RSA-AES256-GCM_RSA-AES128-CBC_RSA-AES256-CBC,4,True,0.0,"2570,4588,29,23,24",X25519MLKEM768_x25519_secp256r1_secp384r1,8,False,,"1027,2052,1025,1283,2053,1281,2054,1537",ecdsa_secp256r1_sha256_rsa_pss_rsae_sha256_rsa_pkcs1_sha256_ecdsa_secp384r1_sha384_rsa_pss_rsae_sha384_rsa_pkcs1_sha384_rsa_pss_rsae_sha512_rsa_pkcs1_sha512,True,t13d1516h2,8daaf6152771,d8a2da3f94cd,t,13,d,15,16,h2,"1:65536;2:0;4:6291456;6:262144|15663105|1:1:0:256,3:1:0:220,5:1:0:256,7:1:5:110,9:1:7:110,11:1:9:110,13:1:0:256,15:1:13:110,17:1:13:110,19:1:17:110,21:1:0:256,23:1:21:110,25:1:23:110,27:1:25:110,29:1:0:256,31:1:29:110,33:1:31:110,35:1:33:110,37:1:0:256,39:1:37:110|m,a,s,p",1:65536;2:0;4:6291456;6:262144,15663105.0,"1:1:0:256,3:1:0:220,5:1:0:256,7:1:5:110,9:1:7:110,11:1:9:110,13:1:0:256,15:1:13:110,17:1:13:110,19:1:17:110,21:1:0:256,23:1:21:110,25:1:23:110,27:1:25:110,29:1:0:256,31:1:29:110,33:1:31:110,35:1:33:110,37:1:0:256,39:1:37:110","m,a,s,p",20.0,65536.0,0.0,,6291456.0,,262144.0,":method,:authority,:scheme,:path"
trial-013,e0709248-5126-4910-b85d-bc54c092d79b,2026-05-02 07:54:34.496208387+00:00,205.172.168.145,POST,/collect,HTTP/2.0,0.269,TLS 1.3,h2,TLS_AES_128_GCM_SHA256,uxbehaviorsuite.com,True,5dc03875d54a41446227f501e44e9aaf,t13d1516h2_8daaf6152771_d8a2da3f94cd,"h2,http/1.1",h2,2,True,True,0.0,h2_first,"2570,772,771","TLS 1.3,TLS 1.2",2,True,True,True,False,0.0,TLS1.3+TLS1.2,True,15,True,0.0,"2570,4865,4866,4867,49195,49199,49196,49200,52393,52392,49171,49172,156,157,47,53",TLS_AES_128_GCM_SHA256_TLS_AES_256_GCM_SHA384_TLS_CHACHA20_POLY1305_SHA256_ECDHE-ECDSA-AES128-GCM_ECDHE-RSA-AES128-GCM_ECDHE-ECDSA-AES256-GCM_ECDHE-RSA-AES256-GCM_ECDHE-ECDSA-CHACHA20_ECDHE-RSA-CHACHA20_ECDHE-RSA-AES128-CBC_ECDHE-RSA-AES256-CBC_RSA-AES128-GCM_RSA-AES256-GCM_RSA-AES128-CBC_RSA-AES256-CBC,4,True,0.0,"2570,4588,29,23,24",X25519MLKEM768_x25519_secp256r1_secp384r1,8,False,,"1027,2052,1025,1283,2053,1281,2054,1537",ecdsa_secp256r1_sha256_rsa_pss_rsae_sha256_rsa_pkcs1_sha256_ecdsa_secp384r1_sha384_rsa_pss_rsae_sha384_rsa_pkcs1_sha384_rsa_pss_rsae_sha512_rsa_pkcs1_sha512,True,t13d1516h2,8daaf6152771,d8a2da3f94cd,t,13,d,15,16,h2,"1:65536;2:0;4:6291456;6:262144|15663105|1:1:0:256,3:1:0:220,5:1:0:256,7:1:5:110,9:1:7:110,11:1:9:110,13:1:0:256,15:1:13:110,17:1:13:110,19:1:17:110,21:1:0:256,23:1:21:110,25:1:23:110,27:1:25:110,29:1:0:256,31:1:29:110,33:1:31:110,35:1:33:110,37:1:0:256,39:1:37:110,41:1:39:110|m,a,s,p",1:65536;2:0;4:6291456;6:262144,15663105.0,"1:1:0:256,3:1:0:220,5:1:0:256,7:1:5:110,9:1:7:110,11:1:9:110,13:1:0:256,15:1:13:110,17:1:13:110,19:1:17:110,21:1:0:256,23:1:21:110,25:1:23:110,27:1:25:110,29:1:0:256,31:1:29:110,33:1:31:110,35:1:33:110,37:1:0:256,39:1:37:110,41:1:39:110","m,a,s,p",21.0,65536.0,0.0,,6291456.0,,262144.0,":method,:authority,:scheme,:path"
trial-013,b7b8fb73-bbc8-4f0a-8e1c-d0573670401e,2026-05-02 07:54:34.498418548+00:00,205.172.168.145,POST,/collect,HTTP/2.0,0.208,TLS 1.3,h2,TLS_AES_128_GCM_SHA256,uxbehaviorsuite.com,True,5dc03875d54a41446227f501e44e9aaf,t13d1516h2_8daaf6152771_d8a2da3f94cd,"h2,http/1.1",h2,2,True,True,0.0,h2_first,"2570,772,771","TLS 1.3,TLS 1.2",2,True,True,True,False,0.0,TLS1.3+TLS1.2,True,15,True,0.0,"2570,4865,4866,4867,49195,49199,49196,49200,52393,52392,49171,49172,156,157,47,53",TLS_AES_128_GCM_SHA256_TLS_AES_256_GCM_SHA384_TLS_CHACHA20_POLY1305_SHA256_ECDHE-ECDSA-AES128-GCM_ECDHE-RSA-AES128-GCM_ECDHE-ECDSA-AES256-GCM_ECDHE-RSA-AES256-GCM_ECDHE-ECDSA-CHACHA20_ECDHE-RSA-CHACHA20_ECDHE-RSA-AES128-CBC_ECDHE-RSA-AES256-CBC_RSA-AES128-GCM_RSA-AES256-GCM_RSA-AES128-CBC_RSA-AES256-CBC,4,True,0.0,"2570,4588,29,23,24",X25519MLKEM768_x25519_secp256r1_secp384r1,8,False,,"1027,2052,1025,1283,2053,1281,2054,1537",ecdsa_secp256r1_sha256_rsa_pss_rsae_sha256_rsa_pkcs1_sha256_ecdsa_secp384r1_sha384_rsa_pss_rsae_sha384_rsa_pkcs1_sha384_rsa_pss_rsae_sha512_rsa_pkcs1_sha512,True,t13d1516h2,8daaf6152771,d8a2da3f94cd,t,13,d,15,16,h2,"1:65536;2:0;4:6291456;6:262144|15663105|1:1:0:256,3:1:0:220,5:1:0:256,7:1:5:110,9:1:7:110,11:1:9:110,13:1:0:256,15:1:13:110,17:1:13:110,19:1:17:110,21:1:0:256,23:1:21:110,25:1:23:110,27:1:25:110,29:1:0:256,31:1:29:110,33:1:31:110,35:1:33:110,37:1:0:256,39:1:37:110,41:1:39:110,43:1:41:110|m,a,s,p",1:65536;2:0;4:6291456;6:262144,15663105.0,"1:1:0:256,3:1:0:220,5:1:0:256,7:1:5:110,9:1:7:110,11:1:9:110,13:1:0:256,15:1:13:110,17:1:13:110,19:1:17:110,21:1:0:256,23:1:21:110,25:1:23:110,27:1:25:110,29:1:0:256,31:1:29:110,33:1:31:110,35:1:33:110,37:1:0:256,39:1:37:110,41:1:39:110,43:1:41:110","m,a,s,p",22.0,65536.0,0.0,,6291456.0,,262144.0,":method,:authority,:scheme,:path"
trial-013,e27368c3-6b14-4008-ad81-139c03725fbb,2026-05-02 07:55:40.514949132+00:00,205.172.168.145,GET,/s5-delayed-feedback.html,HTTP/2.0,0.421,TLS 1.3,h2,TLS_AES_128_GCM_SHA256,uxbehaviorsuite.com,True,5dc03875d54a41446227f501e44e9aaf,t13d1516h2_8daaf6152771_d8a2da3f94cd,"h2,http/1.1",h2,2,True,True,0.0,h2_first,"2570,772,771","TLS 1.3,TLS 1.2",2,True,True,True,False,0.0,TLS1.3+TLS1.2,True,15,True,0.0,"2570,4865,4866,4867,49195,49199,49196,49200,52393,52392,49171,49172,156,157,47,53",TLS_AES_128_GCM_SHA256_TLS_AES_256_GCM_SHA384_TLS_CHACHA20_POLY1305_SHA256_ECDHE-ECDSA-AES128-GCM_ECDHE-RSA-AES128-GCM_ECDHE-ECDSA-AES256-GCM_ECDHE-RSA-AES256-GCM_ECDHE-ECDSA-CHACHA20_ECDHE-RSA-CHACHA20_ECDHE-RSA-AES128-CBC_ECDHE-RSA-AES256-CBC_RSA-AES128-GCM_RSA-AES256-GCM_RSA-AES128-CBC_RSA-AES256-CBC,4,True,0.0,"2570,4588,29,23,24",X25519MLKEM768_x25519_secp256r1_secp384r1,8,False,,"1027,2052,1025,1283,2053,1281,2054,1537",ecdsa_secp256r1_sha256_rsa_pss_rsae_sha256_rsa_pkcs1_sha256_ecdsa_secp384r1_sha384_rsa_pss_rsae_sha384_rsa_pkcs1_sha384_rsa_pss_rsae_sha512_rsa_pkcs1_sha512,True,t13d1516h2,8daaf6152771,d8a2da3f94cd,t,13,d,15,16,h2,"1:65536;2:0;4:6291456;6:262144|15663105|1:1:0:256,3:1:0:220,5:1:0:256,7:1:5:110,9:1:7:110,11:1:9:110,13:1:0:256,15:1:13:110,17:1:13:110,19:1:17:110,21:1:0:256,23:1:21:110,25:1:23:110,27:1:25:110,29:1:0:256,31:1:29:110,33:1:31:110,35:1:33:110,37:1:0:256,39:1:37:110,41:1:39:110,43:1:41:110,45:1:0:256|m,a,s,p",1:65536;2:0;4:6291456;6:262144,15663105.0,"1:1:0:256,3:1:0:220,5:1:0:256,7:1:5:110,9:1:7:110,11:1:9:110,13:1:0:256,15:1:13:110,17:1:13:110,19:1:17:110,21:1:0:256,23:1:21:110,25:1:23:110,27:1:25:110,29:1:0:256,31:1:29:110,33:1:31:110,35:1:33:110,37:1:0:256,39:1:37:110,41:1:39:110,43:1:41:110,45:1:0:256","m,a,s,p",23.0,65536.0,0.0,,6291456.0,,262144.0,":method,:authority,:scheme,:path"
trial-013,c150ab48-4b20-4ee0-9135-300ccf85ee25,2026-05-02 07:55:40.515583972+00:00,205.172.168.145,POST,/collect,HTTP/2.0,0.261,TLS 1.3,h2,TLS_AES_128_GCM_SHA256,uxbehaviorsuite.com,True,5dc03875d54a41446227f501e44e9aaf,t13d1516h2_8daaf6152771_d8a2da3f94cd,"h2,http/1.1",h2,2,True,True,0.0,h2_first,"2570,772,771","TLS 1.3,TLS 1.2",2,True,True,True,False,0.0,TLS1.3+TLS1.2,True,15,True,0.0,"2570,4865,4866,4867,49195,49199,49196,49200,52393,52392,49171,49172,156,157,47,53",TLS_AES_128_GCM_SHA256_TLS_AES_256_GCM_SHA384_TLS_CHACHA20_POLY1305_SHA256_ECDHE-ECDSA-AES128-GCM_ECDHE-RSA-AES128-GCM_ECDHE-ECDSA-AES256-GCM_ECDHE-RSA-AES256-GCM_ECDHE-ECDSA-CHACHA20_ECDHE-RSA-CHACHA20_ECDHE-RSA-AES128-CBC_ECDHE-RSA-AES256-CBC_RSA-AES128-GCM_RSA-AES256-GCM_RSA-AES128-CBC_RSA-AES256-CBC,4,True,0.0,"2570,4588,29,23,24",X25519MLKEM768_x25519_secp256r1_secp384r1,8,False,,"1027,2052,1025,1283,2053,1281,2054,1537",ecdsa_secp256r1_sha256_rsa_pss_rsae_sha256_rsa_pkcs1_sha256_ecdsa_secp384r1_sha384_rsa_pss_rsae_sha384_rsa_pkcs1_sha384_rsa_pss_rsae_sha512_rsa_pkcs1_sha512,True,t13d1516h2,8daaf6152771,d8a2da3f94cd,t,13,d,15,16,h2,"1:65536;2:0;4:6291456;6:262144|15663105|1:1:0:256,3:1:0:220,5:1:0:256,7:1:5:110,9:1:7:110,11:1:9:110,13:1:0:256,15:1:13:110,17:1:13:110,19:1:17:110,21:1:0:256,23:1:21:110,25:1:23:110,27:1:25:110,29:1:0:256,31:1:29:110,33:1:31:110,35:1:33:110,37:1:0:256,39:1:37:110,41:1:39:110,43:1:41:110,45:1:0:256,47:1:45:110|m,a,s,p",1:65536;2:0;4:6291456;6:262144,15663105.0,"1:1:0:256,3:1:0:220,5:1:0:256,7:1:5:110,9:1:7:110,11:1:9:110,13:1:0:256,15:1:13:110,17:1:13:110,19:1:17:110,21:1:0:256,23:1:21:110,25:1:23:110,27:1:25:110,29:1:0:256,31:1:29:110,33:1:31:110,35:1:33:110,37:1:0:256,39:1:37:110,41:1:39:110,43:1:41:110,45:1:0:256,47:1:45:110","m,a,s,p",24.0,65536.0,0.0,,6291456.0,,262144.0,":method,:authority,:scheme,:path"
trial-013,e1ece75c-b27d-42fc-b876-efe1f3dff282,2026-05-02 07:55:40.540270852+00:00,205.172.168.145,POST,/collect,HTTP/2.0,0.204,TLS 1.3,h2,TLS_AES_128_GCM_SHA256,uxbehaviorsuite.com,True,5dc03875d54a41446227f501e44e9aaf,t13d1516h2_8daaf6152771_d8a2da3f94cd,"h2,http/1.1",h2,2,True,True,0.0,h2_first,"2570,772,771","TLS 1.3,TLS 1.2",2,True,True,True,False,0.0,TLS1.3+TLS1.2,True,15,True,0.0,"2570,4865,4866,4867,49195,49199,49196,49200,52393,52392,49171,49172,156,157,47,53",TLS_AES_128_GCM_SHA256_TLS_AES_256_GCM_SHA384_TLS_CHACHA20_POLY1305_SHA256_ECDHE-ECDSA-AES128-GCM_ECDHE-RSA-AES128-GCM_ECDHE-ECDSA-AES256-GCM_ECDHE-RSA-AES256-GCM_ECDHE-ECDSA-CHACHA20_ECDHE-RSA-CHACHA20_ECDHE-RSA-AES128-CBC_ECDHE-RSA-AES256-CBC_RSA-AES128-GCM_RSA-AES256-GCM_RSA-AES128-CBC_RSA-AES256-CBC,4,True,0.0,"2570,4588,29,23,24",X25519MLKEM768_x25519_secp256r1_secp384r1,8,False,,"1027,2052,1025,1283,2053,1281,2054,1537",ecdsa_secp256r1_sha256_rsa_pss_rsae_sha256_rsa_pkcs1_sha256_ecdsa_secp384r1_sha384_rsa_pss_rsae_sha384_rsa_pkcs1_sha384_rsa_pss_rsae_sha512_rsa_pkcs1_sha512,True,t13d1516h2,8daaf6152771,d8a2da3f94cd,t,13,d,15,16,h2,"1:65536;2:0;4:6291456;6:262144|15663105|1:1:0:256,3:1:0:220,5:1:0:256,7:1:5:110,9:1:7:110,11:1:9:110,13:1:0:256,15:1:13:110,17:1:13:110,19:1:17:110,21:1:0:256,23:1:21:110,25:1:23:110,27:1:25:110,29:1:0:256,31:1:29:110,33:1:31:110,35:1:33:110,37:1:0:256,39:1:37:110,41:1:39:110,43:1:41:110,45:1:0:256,47:1:45:110,49:1:47:110,51:1:49:110|m,a,s,p",1:65536;2:0;4:6291456;6:262144,15663105.0,"1:1:0:256,3:1:0:220,5:1:0:256,7:1:5:110,9:1:7:110,11:1:9:110,13:1:0:256,15:1:13:110,17:1:13:110,19:1:17:110,21:1:0:256,23:1:21:110,25:1:23:110,27:1:25:110,29:1:0:256,31:1:29:110,33:1:31:110,35:1:33:110,37:1:0:256,39:1:37:110,41:1:39:110,43:1:41:110,45:1:0:256,47:1:45:110,49:1:47:110,51:1:49:110","m,a,s,p",26.0,65536.0,0.0,,6291456.0,,262144.0,":method,:authority,:scheme,:path"
trial-013,b44fef04-0de3-4139-a008-795852249616,2026-05-02 07:55:40.540350324+00:00,205.172.168.145,POST,/collect,HTTP/2.0,0.462,TLS 1.3,h2,TLS_AES_128_GCM_SHA256,uxbehaviorsuite.com,True,5dc03875d54a41446227f501e44e9aaf,t13d1516h2_8daaf6152771_d8a2da3f94cd,"h2,http/1.1",h2,2,True,True,0.0,h2_first,"2570,772,771","TLS 1.3,TLS 1.2",2,True,True,True,False,0.0,TLS1.3+TLS1.2,True,15,True,0.0,"2570,4865,4866,4867,49195,49199,49196,49200,52393,52392,49171,49172,156,157,47,53",TLS_AES_128_GCM_SHA256_TLS_AES_256_GCM_SHA384_TLS_CHACHA20_POLY1305_SHA256_ECDHE-ECDSA-AES128-GCM_ECDHE-RSA-AES128-GCM_ECDHE-ECDSA-AES256-GCM_ECDHE-RSA-AES256-GCM_ECDHE-ECDSA-CHACHA20_ECDHE-RSA-CHACHA20_ECDHE-RSA-AES128-CBC_ECDHE-RSA-AES256-CBC_RSA-AES128-GCM_RSA-AES256-GCM_RSA-AES128-CBC_RSA-AES256-CBC,4,True,0.0,"2570,4588,29,23,24",X25519MLKEM768_x25519_secp256r1_secp384r1,8,False,,"1027,2052,1025,1283,2053,1281,2054,1537",ecdsa_secp256r1_sha256_rsa_pss_rsae_sha256_rsa_pkcs1_sha256_ecdsa_secp384r1_sha384_rsa_pss_rsae_sha384_rsa_pkcs1_sha384_rsa_pss_rsae_sha512_rsa_pkcs1_sha512,True,t13d1516h2,8daaf6152771,d8a2da3f94cd,t,13,d,15,16,h2,"1:65536;2:0;4:6291456;6:262144|15663105|1:1:0:256,3:1:0:220,5:1:0:256,7:1:5:110,9:1:7:110,11:1:9:110,13:1:0:256,15:1:13:110,17:1:13:110,19:1:17:110,21:1:0:256,23:1:21:110,25:1:23:110,27:1:25:110,29:1:0:256,31:1:29:110,33:1:31:110,35:1:33:110,37:1:0:256,39:1:37:110,41:1:39:110,43:1:41:110,45:1:0:256,47:1:45:110,49:1:47:110,51:1:49:110|m,a,s,p",1:65536;2:0;4:6291456;6:262144,15663105.0,"1:1:0:256,3:1:0:220,5:1:0:256,7:1:5:110,9:1:7:110,11:1:9:110,13:1:0:256,15:1:13:110,17:1:13:110,19:1:17:110,21:1:0:256,23:1:21:110,25:1:23:110,27:1:25:110,29:1:0:256,31:1:29:110,33:1:31:110,35:1:33:110,37:1:0:256,39:1:37:110,41:1:39:110,43:1:41:110,45:1:0:256,47:1:45:110,49:1:47:110,51:1:49:110","m,a,s,p",26.0,65536.0,0.0,,6291456.0,,262144.0,":method,:authority,:scheme,:path"
trial-014,2bfbe296-d5f0-43dc-a119-f569781916f3,2026-05-02 08:11:54.840159227+00:00,205.172.168.145,GET,/subscribe-v1.html,HTTP/2.0,0.406,TLS 1.3,h2,TLS_AES_128_GCM_SHA256,uxbehaviorsuite.com,True,01d70fa29b0a9824046648f78e6cbce5,t13d1516h2_8daaf6152771_d8a2da3f94cd,"h2,http/1.1",h2,2,True,True,0.0,h2_first,"2570,772,771","TLS 1.3,TLS 1.2",2,True,True,True,False,0.0,TLS1.3+TLS1.2,True,15,True,0.0,"2570,4865,4866,4867,49195,49199,49196,49200,52393,52392,49171,49172,156,157,47,53",TLS_AES_128_GCM_SHA256_TLS_AES_256_GCM_SHA384_TLS_CHACHA20_POLY1305_SHA256_ECDHE-ECDSA-AES128-GCM_ECDHE-RSA-AES128-GCM_ECDHE-ECDSA-AES256-GCM_ECDHE-RSA-AES256-GCM_ECDHE-ECDSA-CHACHA20_ECDHE-RSA-CHACHA20_ECDHE-RSA-AES128-CBC_ECDHE-RSA-AES256-CBC_RSA-AES128-GCM_RSA-AES256-GCM_RSA-AES128-CBC_RSA-AES256-CBC,4,True,0.0,"2570,4588,29,23,24",X25519MLKEM768_x25519_secp256r1_secp384r1,8,False,,"1027,2052,1025,1283,2053,1281,2054,1537",ecdsa_secp256r1_sha256_rsa_pss_rsae_sha256_rsa_pkcs1_sha256_ecdsa_secp384r1_sha384_rsa_pss_rsae_sha384_rsa_pkcs1_sha384_rsa_pss_rsae_sha512_rsa_pkcs1_sha512,True,t13d1516h2,8daaf6152771,d8a2da3f94cd,t,13,d,15,16,h2,"1:65536;2:0;4:6291456;6:262144|15663105|1:1:0:256|m,a,s,p",1:65536;2:0;4:6291456;6:262144,15663105.0,1:1:0:256,"m,a,s,p",1.0,65536.0,0.0,,6291456.0,,262144.0,":method,:authority,:scheme,:path"
trial-014,e5b73ef1-7e51-46ba-b5ff-dbacdcc7ccaf,2026-05-02 08:11:54.875183503+00:00,205.172.168.145,GET,/logger.js,HTTP/2.0,0.387,TLS 1.3,h2,TLS_AES_128_GCM_SHA256,uxbehaviorsuite.com,True,01d70fa29b0a9824046648f78e6cbce5,t13d1516h2_8daaf6152771_d8a2da3f94cd,"h2,http/1.1",h2,2,True,True,0.0,h2_first,"2570,772,771","TLS 1.3,TLS 1.2",2,True,True,True,False,0.0,TLS1.3+TLS1.2,True,15,True,0.0,"2570,4865,4866,4867,49195,49199,49196,49200,52393,52392,49171,49172,156,157,47,53",TLS_AES_128_GCM_SHA256_TLS_AES_256_GCM_SHA384_TLS_CHACHA20_POLY1305_SHA256_ECDHE-ECDSA-AES128-GCM_ECDHE-RSA-AES128-GCM_ECDHE-ECDSA-AES256-GCM_ECDHE-RSA-AES256-GCM_ECDHE-ECDSA-CHACHA20_ECDHE-RSA-CHACHA20_ECDHE-RSA-AES128-CBC_ECDHE-RSA-AES256-CBC_RSA-AES128-GCM_RSA-AES256-GCM_RSA-AES128-CBC_RSA-AES256-CBC,4,True,0.0,"2570,4588,29,23,24",X25519MLKEM768_x25519_secp256r1_secp384r1,8,False,,"1027,2052,1025,1283,2053,1281,2054,1537",ecdsa_secp256r1_sha256_rsa_pss_rsae_sha256_rsa_pkcs1_sha256_ecdsa_secp384r1_sha384_rsa_pss_rsae_sha384_rsa_pkcs1_sha384_rsa_pss_rsae_sha512_rsa_pkcs1_sha512,True,t13d1516h2,8daaf6152771,d8a2da3f94cd,t,13,d,15,16,h2,"1:65536;2:0;4:6291456;6:262144|15663105|1:1:0:256,3:1:0:220|m,a,s,p",1:65536;2:0;4:6291456;6:262144,15663105.0,"1:1:0:256,3:1:0:220","m,a,s,p",2.0,65536.0,0.0,,6291456.0,,262144.0,":method,:authority,:scheme,:path"
trial-014,2199f64e-17e1-4c8e-8419-b869d16e6c3e,2026-05-02 08:12:51.705090935+00:00,205.172.168.145,GET,/subscribe-v2.html,HTTP/2.0,1.046,TLS 1.3,h2,TLS_AES_128_GCM_SHA256,uxbehaviorsuite.com,True,01d70fa29b0a9824046648f78e6cbce5,t13d1516h2_8daaf6152771_d8a2da3f94cd,"h2,http/1.1",h2,2,True,True,0.0,h2_first,"2570,772,771","TLS 1.3,TLS 1.2",2,True,True,True,False,0.0,TLS1.3+TLS1.2,True,15,True,0.0,"2570,4865,4866,4867,49195,49199,49196,49200,52393,52392,49171,49172,156,157,47,53",TLS_AES_128_GCM_SHA256_TLS_AES_256_GCM_SHA384_TLS_CHACHA20_POLY1305_SHA256_ECDHE-ECDSA-AES128-GCM_ECDHE-RSA-AES128-GCM_ECDHE-ECDSA-AES256-GCM_ECDHE-RSA-AES256-GCM_ECDHE-ECDSA-CHACHA20_ECDHE-RSA-CHACHA20_ECDHE-RSA-AES128-CBC_ECDHE-RSA-AES256-CBC_RSA-AES128-GCM_RSA-AES256-GCM_RSA-AES128-CBC_RSA-AES256-CBC,4,True,0.0,"2570,4588,29,23,24",X25519MLKEM768_x25519_secp256r1_secp384r1,8,False,,"1027,2052,1025,1283,2053,1281,2054,1537",ecdsa_secp256r1_sha256_rsa_pss_rsae_sha256_rsa_pkcs1_sha256_ecdsa_secp384r1_sha384_rsa_pss_rsae_sha384_rsa_pkcs1_sha384_rsa_pss_rsae_sha512_rsa_pkcs1_sha512,True,t13d1516h2,8daaf6152771,d8a2da3f94cd,t,13,d,15,16,h2,"1:65536;2:0;4:6291456;6:262144|15663105|1:1:0:256,3:1:0:220,5:1:0:256,7:1:5:110|m,a,s,p",1:65536;2:0;4:6291456;6:262144,15663105.0,"1:1:0:256,3:1:0:220,5:1:0:256,7:1:5:110","m,a,s,p",4.0,65536.0,0.0,,6291456.0,,262144.0,":method,:authority,:scheme,:path"
trial-014,42f5490d-a848-48ee-967d-3e2270f05dd3,2026-05-02 08:12:51.705566959+00:00,205.172.168.145,POST,/collect,HTTP/2.0,1.352,TLS 1.3,h2,TLS_AES_128_GCM_SHA256,uxbehaviorsuite.com,True,01d70fa29b0a9824046648f78e6cbce5,t13d1516h2_8daaf6152771_d8a2da3f94cd,"h2,http/1.1",h2,2,True,True,0.0,h2_first,"2570,772,771","TLS 1.3,TLS 1.2",2,True,True,True,False,0.0,TLS1.3+TLS1.2,True,15,True,0.0,"2570,4865,4866,4867,49195,49199,49196,49200,52393,52392,49171,49172,156,157,47,53",TLS_AES_128_GCM_SHA256_TLS_AES_256_GCM_SHA384_TLS_CHACHA20_POLY1305_SHA256_ECDHE-ECDSA-AES128-GCM_ECDHE-RSA-AES128-GCM_ECDHE-ECDSA-AES256-GCM_ECDHE-RSA-AES256-GCM_ECDHE-ECDSA-CHACHA20_ECDHE-RSA-CHACHA20_ECDHE-RSA-AES128-CBC_ECDHE-RSA-AES256-CBC_RSA-AES128-GCM_RSA-AES256-GCM_RSA-AES128-CBC_RSA-AES256-CBC,4,True,0.0,"2570,4588,29,23,24",X25519MLKEM768_x25519_secp256r1_secp384r1,8,False,,"1027,2052,1025,1283,2053,1281,2054,1537",ecdsa_secp256r1_sha256_rsa_pss_rsae_sha256_rsa_pkcs1_sha256_ecdsa_secp384r1_sha384_rsa_pss_rsae_sha384_rsa_pkcs1_sha384_rsa_pss_rsae_sha512_rsa_pkcs1_sha512,True,t13d1516h2,8daaf6152771,d8a2da3f94cd,t,13,d,15,16,h2,"1:65536;2:0;4:6291456;6:262144|15663105|1:1:0:256,3:1:0:220,5:1:0:256,7:1:5:110|m,a,s,p",1:65536;2:0;4:6291456;6:262144,15663105.0,"1:1:0:256,3:1:0:220,5:1:0:256,7:1:5:110","m,a,s,p",4.0,65536.0,0.0,,6291456.0,,262144.0,":method,:authority,:scheme,:path"
trial-014,a5b23216-1670-4594-bcfb-5d1515138aac,2026-05-02 08:12:51.726543201+00:00,205.172.168.145,POST,/collect,HTTP/2.0,0.234,TLS 1.3,h2,TLS_AES_128_GCM_SHA256,uxbehaviorsuite.com,True,01d70fa29b0a9824046648f78e6cbce5,t13d1516h2_8daaf6152771_d8a2da3f94cd,"h2,http/1.1",h2,2,True,True,0.0,h2_first,"2570,772,771","TLS 1.3,TLS 1.2",2,True,True,True,False,0.0,TLS1.3+TLS1.2,True,15,True,0.0,"2570,4865,4866,4867,49195,49199,49196,49200,52393,52392,49171,49172,156,157,47,53",TLS_AES_128_GCM_SHA256_TLS_AES_256_GCM_SHA384_TLS_CHACHA20_POLY1305_SHA256_ECDHE-ECDSA-AES128-GCM_ECDHE-RSA-AES128-GCM_ECDHE-ECDSA-AES256-GCM_ECDHE-RSA-AES256-GCM_ECDHE-ECDSA-CHACHA20_ECDHE-RSA-CHACHA20_ECDHE-RSA-AES128-CBC_ECDHE-RSA-AES256-CBC_RSA-AES128-GCM_RSA-AES256-GCM_RSA-AES128-CBC_RSA-AES256-CBC,4,True,0.0,"2570,4588,29,23,24",X25519MLKEM768_x25519_secp256r1_secp384r1,8,False,,"1027,2052,1025,1283,2053,1281,2054,1537",ecdsa_secp256r1_sha256_rsa_pss_rsae_sha256_rsa_pkcs1_sha256_ecdsa_secp384r1_sha384_rsa_pss_rsae_sha384_rsa_pkcs1_sha384_rsa_pss_rsae_sha512_rsa_pkcs1_sha512,True,t13d1516h2,8daaf6152771,d8a2da3f94cd,t,13,d,15,16,h2,"1:65536;2:0;4:6291456;6:262144|15663105|1:1:0:256,3:1:0:220,5:1:0:256,7:1:5:110,9:1:7:110|m,a,s,p",1:65536;2:0;4:6291456;6:262144,15663105.0,"1:1:0:256,3:1:0:220,5:1:0:256,7:1:5:110,9:1:7:110","m,a,s,p",5.0,65536.0,0.0,,6291456.0,,262144.0,":method,:authority,:scheme,:path"
trial-014,82ca41a9-5d05-42a1-a899-3116edf9e105,2026-05-02 08:12:51.727800507+00:00,205.172.168.145,POST,/collect,HTTP/2.0,0.215,TLS 1.3,h2,TLS_AES_128_GCM_SHA256,uxbehaviorsuite.com,True,01d70fa29b0a9824046648f78e6cbce5,t13d1516h2_8daaf6152771_d8a2da3f94cd,"h2,http/1.1",h2,2,True,True,0.0,h2_first,"2570,772,771","TLS 1.3,TLS 1.2",2,True,True,True,False,0.0,TLS1.3+TLS1.2,True,15,True,0.0,"2570,4865,4866,4867,49195,49199,49196,49200,52393,52392,49171,49172,156,157,47,53",TLS_AES_128_GCM_SHA256_TLS_AES_256_GCM_SHA384_TLS_CHACHA20_POLY1305_SHA256_ECDHE-ECDSA-AES128-GCM_ECDHE-RSA-AES128-GCM_ECDHE-ECDSA-AES256-GCM_ECDHE-RSA-AES256-GCM_ECDHE-ECDSA-CHACHA20_ECDHE-RSA-CHACHA20_ECDHE-RSA-AES128-CBC_ECDHE-RSA-AES256-CBC_RSA-AES128-GCM_RSA-AES256-GCM_RSA-AES128-CBC_RSA-AES256-CBC,4,True,0.0,"2570,4588,29,23,24",X25519MLKEM768_x25519_secp256r1_secp384r1,8,False,,"1027,2052,1025,1283,2053,1281,2054,1537",ecdsa_secp256r1_sha256_rsa_pss_rsae_sha256_rsa_pkcs1_sha256_ecdsa_secp384r1_sha384_rsa_pss_rsae_sha384_rsa_pkcs1_sha384_rsa_pss_rsae_sha512_rsa_pkcs1_sha512,True,t13d1516h2,8daaf6152771,d8a2da3f94cd,t,13,d,15,16,h2,"1:65536;2:0;4:6291456;6:262144|15663105|1:1:0:256,3:1:0:220,5:1:0:256,7:1:5:110,9:1:7:110,11:1:9:110|m,a,s,p",1:65536;2:0;4:6291456;6:262144,15663105.0,"1:1:0:256,3:1:0:220,5:1:0:256,7:1:5:110,9:1:7:110,11:1:9:110","m,a,s,p",6.0,65536.0,0.0,,6291456.0,,262144.0,":method,:authority,:scheme,:path"
trial-014,aa48a2e1-9de9-4a08-931b-dbef3f23265d,2026-05-02 08:13:51.545872582+00:00,205.172.168.145,GET,/subscribe-v3.html,HTTP/2.0,0.441,TLS 1.3,h2,TLS_AES_128_GCM_SHA256,uxbehaviorsuite.com,True,01d70fa29b0a9824046648f78e6cbce5,t13d1516h2_8daaf6152771_d8a2da3f94cd,"h2,http/1.1",h2,2,True,True,0.0,h2_first,"2570,772,771","TLS 1.3,TLS 1.2",2,True,True,True,False,0.0,TLS1.3+TLS1.2,True,15,True,0.0,"2570,4865,4866,4867,49195,49199,49196,49200,52393,52392,49171,49172,156,157,47,53",TLS_AES_128_GCM_SHA256_TLS_AES_256_GCM_SHA384_TLS_CHACHA20_POLY1305_SHA256_ECDHE-ECDSA-AES128-GCM_ECDHE-RSA-AES128-GCM_ECDHE-ECDSA-AES256-GCM_ECDHE-RSA-AES256-GCM_ECDHE-ECDSA-CHACHA20_ECDHE-RSA-CHACHA20_ECDHE-RSA-AES128-CBC_ECDHE-RSA-AES256-CBC_RSA-AES128-GCM_RSA-AES256-GCM_RSA-AES128-CBC_RSA-AES256-CBC,4,True,0.0,"2570,4588,29,23,24",X25519MLKEM768_x25519_secp256r1_secp384r1,8,False,,"1027,2052,1025,1283,2053,1281,2054,1537",ecdsa_secp256r1_sha256_rsa_pss_rsae_sha256_rsa_pkcs1_sha256_ecdsa_secp384r1_sha384_rsa_pss_rsae_sha384_rsa_pkcs1_sha384_rsa_pss_rsae_sha512_rsa_pkcs1_sha512,True,t13d1516h2,8daaf6152771,d8a2da3f94cd,t,13,d,15,16,h2,"1:65536;2:0;4:6291456;6:262144|15663105|1:1:0:256,3:1:0:220,5:1:0:256,7:1:5:110,9:1:7:110,11:1:9:110,13:1:0:256,15:1:13:110|m,a,s,p",1:65536;2:0;4:6291456;6:262144,15663105.0,"1:1:0:256,3:1:0:220,5:1:0:256,7:1:5:110,9:1:7:110,11:1:9:110,13:1:0:256,15:1:13:110","m,a,s,p",8.0,65536.0,0.0,,6291456.0,,262144.0,":method,:authority,:scheme,:path"
trial-014,181ee5f9-aa76-4db7-80b1-a7a411200f45,2026-05-02 08:13:51.546019601+00:00,205.172.168.145,POST,/collect,HTTP/2.0,0.391,TLS 1.3,h2,TLS_AES_128_GCM_SHA256,uxbehaviorsuite.com,True,01d70fa29b0a9824046648f78e6cbce5,t13d1516h2_8daaf6152771_d8a2da3f94cd,"h2,http/1.1",h2,2,True,True,0.0,h2_first,"2570,772,771","TLS 1.3,TLS 1.2",2,True,True,True,False,0.0,TLS1.3+TLS1.2,True,15,True,0.0,"2570,4865,4866,4867,49195,49199,49196,49200,52393,52392,49171,49172,156,157,47,53",TLS_AES_128_GCM_SHA256_TLS_AES_256_GCM_SHA384_TLS_CHACHA20_POLY1305_SHA256_ECDHE-ECDSA-AES128-GCM_ECDHE-RSA-AES128-GCM_ECDHE-ECDSA-AES256-GCM_ECDHE-RSA-AES256-GCM_ECDHE-ECDSA-CHACHA20_ECDHE-RSA-CHACHA20_ECDHE-RSA-AES128-CBC_ECDHE-RSA-AES256-CBC_RSA-AES128-GCM_RSA-AES256-GCM_RSA-AES128-CBC_RSA-AES256-CBC,4,True,0.0,"2570,4588,29,23,24",X25519MLKEM768_x25519_secp256r1_secp384r1,8,False,,"1027,2052,1025,1283,2053,1281,2054,1537",ecdsa_secp256r1_sha256_rsa_pss_rsae_sha256_rsa_pkcs1_sha256_ecdsa_secp384r1_sha384_rsa_pss_rsae_sha384_rsa_pkcs1_sha384_rsa_pss_rsae_sha512_rsa_pkcs1_sha512,True,t13d1516h2,8daaf6152771,d8a2da3f94cd,t,13,d,15,16,h2,"1:65536;2:0;4:6291456;6:262144|15663105|1:1:0:256,3:1:0:220,5:1:0:256,7:1:5:110,9:1:7:110,11:1:9:110,13:1:0:256,15:1:13:110|m,a,s,p",1:65536;2:0;4:6291456;6:262144,15663105.0,"1:1:0:256,3:1:0:220,5:1:0:256,7:1:5:110,9:1:7:110,11:1:9:110,13:1:0:256,15:1:13:110","m,a,s,p",8.0,65536.0,0.0,,6291456.0,,262144.0,":method,:authority,:scheme,:path"
trial-014,192e2919-dce0-4807-8eb0-128416242071,2026-05-02 08:13:51.566178444+00:00,205.172.168.145,POST,/collect,HTTP/2.0,0.208,TLS 1.3,h2,TLS_AES_128_GCM_SHA256,uxbehaviorsuite.com,True,01d70fa29b0a9824046648f78e6cbce5,t13d1516h2_8daaf6152771_d8a2da3f94cd,"h2,http/1.1",h2,2,True,True,0.0,h2_first,"2570,772,771","TLS 1.3,TLS 1.2",2,True,True,True,False,0.0,TLS1.3+TLS1.2,True,15,True,0.0,"2570,4865,4866,4867,49195,49199,49196,49200,52393,52392,49171,49172,156,157,47,53",TLS_AES_128_GCM_SHA256_TLS_AES_256_GCM_SHA384_TLS_CHACHA20_POLY1305_SHA256_ECDHE-ECDSA-AES128-GCM_ECDHE-RSA-AES128-GCM_ECDHE-ECDSA-AES256-GCM_ECDHE-RSA-AES256-GCM_ECDHE-ECDSA-CHACHA20_ECDHE-RSA-CHACHA20_ECDHE-RSA-AES128-CBC_ECDHE-RSA-AES256-CBC_RSA-AES128-GCM_RSA-AES256-GCM_RSA-AES128-CBC_RSA-AES256-CBC,4,True,0.0,"2570,4588,29,23,24",X25519MLKEM768_x25519_secp256r1_secp384r1,8,False,,"1027,2052,1025,1283,2053,1281,2054,1537",ecdsa_secp256r1_sha256_rsa_pss_rsae_sha256_rsa_pkcs1_sha256_ecdsa_secp384r1_sha384_rsa_pss_rsae_sha384_rsa_pkcs1_sha384_rsa_pss_rsae_sha512_rsa_pkcs1_sha512,True,t13d1516h2,8daaf6152771,d8a2da3f94cd,t,13,d,15,16,h2,"1:65536;2:0;4:6291456;6:262144|15663105|1:1:0:256,3:1:0:220,5:1:0:256,7:1:5:110,9:1:7:110,11:1:9:110,13:1:0:256,15:1:13:110,17:1:15:110|m,a,s,p",1:65536;2:0;4:6291456;6:262144,15663105.0,"1:1:0:256,3:1:0:220,5:1:0:256,7:1:5:110,9:1:7:110,11:1:9:110,13:1:0:256,15:1:13:110,17:1:15:110","m,a,s,p",9.0,65536.0,0.0,,6291456.0,,262144.0,":method,:authority,:scheme,:path"
trial-014,034ebdcf-5347-4435-8537-0c622e4df7ef,2026-05-02 08:13:51.567790157+00:00,205.172.168.145,POST,/collect,HTTP/2.0,0.196,TLS 1.3,h2,TLS_AES_128_GCM_SHA256,uxbehaviorsuite.com,True,01d70fa29b0a9824046648f78e6cbce5,t13d1516h2_8daaf6152771_d8a2da3f94cd,"h2,http/1.1",h2,2,True,True,0.0,h2_first,"2570,772,771","TLS 1.3,TLS 1.2",2,True,True,True,False,0.0,TLS1.3+TLS1.2,True,15,True,0.0,"2570,4865,4866,4867,49195,49199,49196,49200,52393,52392,49171,49172,156,157,47,53",TLS_AES_128_GCM_SHA256_TLS_AES_256_GCM_SHA384_TLS_CHACHA20_POLY1305_SHA256_ECDHE-ECDSA-AES128-GCM_ECDHE-RSA-AES128-GCM_ECDHE-ECDSA-AES256-GCM_ECDHE-RSA-AES256-GCM_ECDHE-ECDSA-CHACHA20_ECDHE-RSA-CHACHA20_ECDHE-RSA-AES128-CBC_ECDHE-RSA-AES256-CBC_RSA-AES128-GCM_RSA-AES256-GCM_RSA-AES128-CBC_RSA-AES256-CBC,4,True,0.0,"2570,4588,29,23,24",X25519MLKEM768_x25519_secp256r1_secp384r1,8,False,,"1027,2052,1025,1283,2053,1281,2054,1537",ecdsa_secp256r1_sha256_rsa_pss_rsae_sha256_rsa_pkcs1_sha256_ecdsa_secp384r1_sha384_rsa_pss_rsae_sha384_rsa_pkcs1_sha384_rsa_pss_rsae_sha512_rsa_pkcs1_sha512,True,t13d1516h2,8daaf6152771,d8a2da3f94cd,t,13,d,15,16,h2,"1:65536;2:0;4:6291456;6:262144|15663105|1:1:0:256,3:1:0:220,5:1:0:256,7:1:5:110,9:1:7:110,11:1:9:110,13:1:0:256,15:1:13:110,17:1:15:110,19:1:17:110|m,a,s,p",1:65536;2:0;4:6291456;6:262144,15663105.0,"1:1:0:256,3:1:0:220,5:1:0:256,7:1:5:110,9:1:7:110,11:1:9:110,13:1:0:256,15:1:13:110,17:1:15:110,19:1:17:110","m,a,s,p",10.0,65536.0,0.0,,6291456.0,,262144.0,":method,:authority,:scheme,:path"
trial-014,4e3b6b02-9fe0-46ed-8f28-8cc2c53228b1,2026-05-02 08:14:40.418776208+00:00,205.172.168.145,GET,/s2-scroll-gate.html,HTTP/2.0,0.52,TLS 1.3,h2,TLS_AES_128_GCM_SHA256,uxbehaviorsuite.com,True,01d70fa29b0a9824046648f78e6cbce5,t13d1516h2_8daaf6152771_d8a2da3f94cd,"h2,http/1.1",h2,2,True,True,0.0,h2_first,"2570,772,771","TLS 1.3,TLS 1.2",2,True,True,True,False,0.0,TLS1.3+TLS1.2,True,15,True,0.0,"2570,4865,4866,4867,49195,49199,49196,49200,52393,52392,49171,49172,156,157,47,53",TLS_AES_128_GCM_SHA256_TLS_AES_256_GCM_SHA384_TLS_CHACHA20_POLY1305_SHA256_ECDHE-ECDSA-AES128-GCM_ECDHE-RSA-AES128-GCM_ECDHE-ECDSA-AES256-GCM_ECDHE-RSA-AES256-GCM_ECDHE-ECDSA-CHACHA20_ECDHE-RSA-CHACHA20_ECDHE-RSA-AES128-CBC_ECDHE-RSA-AES256-CBC_RSA-AES128-GCM_RSA-AES256-GCM_RSA-AES128-CBC_RSA-AES256-CBC,4,True,0.0,"2570,4588,29,23,24",X25519MLKEM768_x25519_secp256r1_secp384r1,8,False,,"1027,2052,1025,1283,2053,1281,2054,1537",ecdsa_secp256r1_sha256_rsa_pss_rsae_sha256_rsa_pkcs1_sha256_ecdsa_secp384r1_sha384_rsa_pss_rsae_sha384_rsa_pkcs1_sha384_rsa_pss_rsae_sha512_rsa_pkcs1_sha512,True,t13d1516h2,8daaf6152771,d8a2da3f94cd,t,13,d,15,16,h2,"1:65536;2:0;4:6291456;6:262144|15663105|1:1:0:256,3:1:0:220,5:1:0:256,7:1:5:110,9:1:7:110,11:1:9:110,13:1:0:256,15:1:13:110,17:1:15:110,19:1:17:110,21:1:0:256,23:1:21:110|m,a,s,p",1:65536;2:0;4:6291456;6:262144,15663105.0,"1:1:0:256,3:1:0:220,5:1:0:256,7:1:5:110,9:1:7:110,11:1:9:110,13:1:0:256,15:1:13:110,17:1:15:110,19:1:17:110,21:1:0:256,23:1:21:110","m,a,s,p",12.0,65536.0,0.0,,6291456.0,,262144.0,":method,:authority,:scheme,:path"
trial-014,374fd1f9-ed29-4845-8a7c-aae4c676e645,2026-05-02 08:14:40.418846+00:00,205.172.168.145,POST,/collect,HTTP/2.0,0.988,TLS 1.3,h2,TLS_AES_128_GCM_SHA256,uxbehaviorsuite.com,True,01d70fa29b0a9824046648f78e6cbce5,t13d1516h2_8daaf6152771_d8a2da3f94cd,"h2,http/1.1",h2,2,True,True,0.0,h2_first,"2570,772,771","TLS 1.3,TLS 1.2",2,True,True,True,False,0.0,TLS1.3+TLS1.2,True,15,True,0.0,"2570,4865,4866,4867,49195,49199,49196,49200,52393,52392,49171,49172,156,157,47,53",TLS_AES_128_GCM_SHA256_TLS_AES_256_GCM_SHA384_TLS_CHACHA20_POLY1305_SHA256_ECDHE-ECDSA-AES128-GCM_ECDHE-RSA-AES128-GCM_ECDHE-ECDSA-AES256-GCM_ECDHE-RSA-AES256-GCM_ECDHE-ECDSA-CHACHA20_ECDHE-RSA-CHACHA20_ECDHE-RSA-AES128-CBC_ECDHE-RSA-AES256-CBC_RSA-AES128-GCM_RSA-AES256-GCM_RSA-AES128-CBC_RSA-AES256-CBC,4,True,0.0,"2570,4588,29,23,24",X25519MLKEM768_x25519_secp256r1_secp384r1,8,False,,"1027,2052,1025,1283,2053,1281,2054,1537",ecdsa_secp256r1_sha256_rsa_pss_rsae_sha256_rsa_pkcs1_sha256_ecdsa_secp384r1_sha384_rsa_pss_rsae_sha384_rsa_pkcs1_sha384_rsa_pss_rsae_sha512_rsa_pkcs1_sha512,True,t13d1516h2,8daaf6152771,d8a2da3f94cd,t,13,d,15,16,h2,"1:65536;2:0;4:6291456;6:262144|15663105|1:1:0:256,3:1:0:220,5:1:0:256,7:1:5:110,9:1:7:110,11:1:9:110,13:1:0:256,15:1:13:110,17:1:15:110,19:1:17:110,21:1:0:256,23:1:21:110|m,a,s,p",1:65536;2:0;4:6291456;6:262144,15663105.0,"1:1:0:256,3:1:0:220,5:1:0:256,7:1:5:110,9:1:7:110,11:1:9:110,13:1:0:256,15:1:13:110,17:1:15:110,19:1:17:110,21:1:0:256,23:1:21:110","m,a,s,p",12.0,65536.0,0.0,,6291456.0,,262144.0,":method,:authority,:scheme,:path"
trial-014,fe9fd467-669e-491b-9158-2065cd3d09c3,2026-05-02 08:14:40.439742959+00:00,205.172.168.145,POST,/collect,HTTP/2.0,0.245,TLS 1.3,h2,TLS_AES_128_GCM_SHA256,uxbehaviorsuite.com,True,01d70fa29b0a9824046648f78e6cbce5,t13d1516h2_8daaf6152771_d8a2da3f94cd,"h2,http/1.1",h2,2,True,True,0.0,h2_first,"2570,772,771","TLS 1.3,TLS 1.2",2,True,True,True,False,0.0,TLS1.3+TLS1.2,True,15,True,0.0,"2570,4865,4866,4867,49195,49199,49196,49200,52393,52392,49171,49172,156,157,47,53",TLS_AES_128_GCM_SHA256_TLS_AES_256_GCM_SHA384_TLS_CHACHA20_POLY1305_SHA256_ECDHE-ECDSA-AES128-GCM_ECDHE-RSA-AES128-GCM_ECDHE-ECDSA-AES256-GCM_ECDHE-RSA-AES256-GCM_ECDHE-ECDSA-CHACHA20_ECDHE-RSA-CHACHA20_ECDHE-RSA-AES128-CBC_ECDHE-RSA-AES256-CBC_RSA-AES128-GCM_RSA-AES256-GCM_RSA-AES128-CBC_RSA-AES256-CBC,4,True,0.0,"2570,4588,29,23,24",X25519MLKEM768_x25519_secp256r1_secp384r1,8,False,,"1027,2052,1025,1283,2053,1281,2054,1537",ecdsa_secp256r1_sha256_rsa_pss_rsae_sha256_rsa_pkcs1_sha256_ecdsa_secp384r1_sha384_rsa_pss_rsae_sha384_rsa_pkcs1_sha384_rsa_pss_rsae_sha512_rsa_pkcs1_sha512,True,t13d1516h2,8daaf6152771,d8a2da3f94cd,t,13,d,15,16,h2,"1:65536;2:0;4:6291456;6:262144|15663105|1:1:0:256,3:1:0:220,5:1:0:256,7:1:5:110,9:1:7:110,11:1:9:110,13:1:0:256,15:1:13:110,17:1:15:110,19:1:17:110,21:1:0:256,23:1:21:110,25:1:23:110|m,a,s,p",1:65536;2:0;4:6291456;6:262144,15663105.0,"1:1:0:256,3:1:0:220,5:1:0:256,7:1:5:110,9:1:7:110,11:1:9:110,13:1:0:256,15:1:13:110,17:1:15:110,19:1:17:110,21:1:0:256,23:1:21:110,25:1:23:110","m,a,s,p",13.0,65536.0,0.0,,6291456.0,,262144.0,":method,:authority,:scheme,:path"
trial-014,9b08facd-dc8d-4c46-80ff-b5661a4edf28,2026-05-02 08:14:40.444305731+00:00,205.172.168.145,POST,/collect,HTTP/2.0,0.221,TLS 1.3,h2,TLS_AES_128_GCM_SHA256,uxbehaviorsuite.com,True,01d70fa29b0a9824046648f78e6cbce5,t13d1516h2_8daaf6152771_d8a2da3f94cd,"h2,http/1.1",h2,2,True,True,0.0,h2_first,"2570,772,771","TLS 1.3,TLS 1.2",2,True,True,True,False,0.0,TLS1.3+TLS1.2,True,15,True,0.0,"2570,4865,4866,4867,49195,49199,49196,49200,52393,52392,49171,49172,156,157,47,53",TLS_AES_128_GCM_SHA256_TLS_AES_256_GCM_SHA384_TLS_CHACHA20_POLY1305_SHA256_ECDHE-ECDSA-AES128-GCM_ECDHE-RSA-AES128-GCM_ECDHE-ECDSA-AES256-GCM_ECDHE-RSA-AES256-GCM_ECDHE-ECDSA-CHACHA20_ECDHE-RSA-CHACHA20_ECDHE-RSA-AES128-CBC_ECDHE-RSA-AES256-CBC_RSA-AES128-GCM_RSA-AES256-GCM_RSA-AES128-CBC_RSA-AES256-CBC,4,True,0.0,"2570,4588,29,23,24",X25519MLKEM768_x25519_secp256r1_secp384r1,8,False,,"1027,2052,1025,1283,2053,1281,2054,1537",ecdsa_secp256r1_sha256_rsa_pss_rsae_sha256_rsa_pkcs1_sha256_ecdsa_secp384r1_sha384_rsa_pss_rsae_sha384_rsa_pkcs1_sha384_rsa_pss_rsae_sha512_rsa_pkcs1_sha512,True,t13d1516h2,8daaf6152771,d8a2da3f94cd,t,13,d,15,16,h2,"1:65536;2:0;4:6291456;6:262144|15663105|1:1:0:256,3:1:0:220,5:1:0:256,7:1:5:110,9:1:7:110,11:1:9:110,13:1:0:256,15:1:13:110,17:1:15:110,19:1:17:110,21:1:0:256,23:1:21:110,25:1:23:110,27:1:25:110|m,a,s,p",1:65536;2:0;4:6291456;6:262144,15663105.0,"1:1:0:256,3:1:0:220,5:1:0:256,7:1:5:110,9:1:7:110,11:1:9:110,13:1:0:256,15:1:13:110,17:1:15:110,19:1:17:110,21:1:0:256,23:1:21:110,25:1:23:110,27:1:25:110","m,a,s,p",14.0,65536.0,0.0,,6291456.0,,262144.0,":method,:authority,:scheme,:path"
trial-014,4e5322da-f1b5-4a4b-84c0-e66fa3a19fc7,2026-05-02 08:15:37.275504843+00:00,205.172.168.145,GET,/s3-hover-reveal.html,HTTP/2.0,0.783,TLS 1.3,h2,TLS_AES_128_GCM_SHA256,uxbehaviorsuite.com,True,01d70fa29b0a9824046648f78e6cbce5,t13d1516h2_8daaf6152771_d8a2da3f94cd,"h2,http/1.1",h2,2,True,True,0.0,h2_first,"2570,772,771","TLS 1.3,TLS 1.2",2,True,True,True,False,0.0,TLS1.3+TLS1.2,True,15,True,0.0,"2570,4865,4866,4867,49195,49199,49196,49200,52393,52392,49171,49172,156,157,47,53",TLS_AES_128_GCM_SHA256_TLS_AES_256_GCM_SHA384_TLS_CHACHA20_POLY1305_SHA256_ECDHE-ECDSA-AES128-GCM_ECDHE-RSA-AES128-GCM_ECDHE-ECDSA-AES256-GCM_ECDHE-RSA-AES256-GCM_ECDHE-ECDSA-CHACHA20_ECDHE-RSA-CHACHA20_ECDHE-RSA-AES128-CBC_ECDHE-RSA-AES256-CBC_RSA-AES128-GCM_RSA-AES256-GCM_RSA-AES128-CBC_RSA-AES256-CBC,4,True,0.0,"2570,4588,29,23,24",X25519MLKEM768_x25519_secp256r1_secp384r1,8,False,,"1027,2052,1025,1283,2053,1281,2054,1537",ecdsa_secp256r1_sha256_rsa_pss_rsae_sha256_rsa_pkcs1_sha256_ecdsa_secp384r1_sha384_rsa_pss_rsae_sha384_rsa_pkcs1_sha384_rsa_pss_rsae_sha512_rsa_pkcs1_sha512,True,t13d1516h2,8daaf6152771,d8a2da3f94cd,t,13,d,15,16,h2,"1:65536;2:0;4:6291456;6:262144|15663105|1:1:0:256,3:1:0:220,5:1:0:256,7:1:5:110,9:1:7:110,11:1:9:110,13:1:0:256,15:1:13:110,17:1:15:110,19:1:17:110,21:1:0:256,23:1:21:110,25:1:23:110,27:1:25:110,29:1:0:256,31:1:29:110|m,a,s,p",1:65536;2:0;4:6291456;6:262144,15663105.0,"1:1:0:256,3:1:0:220,5:1:0:256,7:1:5:110,9:1:7:110,11:1:9:110,13:1:0:256,15:1:13:110,17:1:15:110,19:1:17:110,21:1:0:256,23:1:21:110,25:1:23:110,27:1:25:110,29:1:0:256,31:1:29:110","m,a,s,p",16.0,65536.0,0.0,,6291456.0,,262144.0,":method,:authority,:scheme,:path"
trial-014,24c445ef-b2f6-4af7-b149-3263e7dbc0c7,2026-05-02 08:15:37.275766284+00:00,205.172.168.145,POST,/collect,HTTP/2.0,0.507,TLS 1.3,h2,TLS_AES_128_GCM_SHA256,uxbehaviorsuite.com,True,01d70fa29b0a9824046648f78e6cbce5,t13d1516h2_8daaf6152771_d8a2da3f94cd,"h2,http/1.1",h2,2,True,True,0.0,h2_first,"2570,772,771","TLS 1.3,TLS 1.2",2,True,True,True,False,0.0,TLS1.3+TLS1.2,True,15,True,0.0,"2570,4865,4866,4867,49195,49199,49196,49200,52393,52392,49171,49172,156,157,47,53",TLS_AES_128_GCM_SHA256_TLS_AES_256_GCM_SHA384_TLS_CHACHA20_POLY1305_SHA256_ECDHE-ECDSA-AES128-GCM_ECDHE-RSA-AES128-GCM_ECDHE-ECDSA-AES256-GCM_ECDHE-RSA-AES256-GCM_ECDHE-ECDSA-CHACHA20_ECDHE-RSA-CHACHA20_ECDHE-RSA-AES128-CBC_ECDHE-RSA-AES256-CBC_RSA-AES128-GCM_RSA-AES256-GCM_RSA-AES128-CBC_RSA-AES256-CBC,4,True,0.0,"2570,4588,29,23,24",X25519MLKEM768_x25519_secp256r1_secp384r1,8,False,,"1027,2052,1025,1283,2053,1281,2054,1537",ecdsa_secp256r1_sha256_rsa_pss_rsae_sha256_rsa_pkcs1_sha256_ecdsa_secp384r1_sha384_rsa_pss_rsae_sha384_rsa_pkcs1_sha384_rsa_pss_rsae_sha512_rsa_pkcs1_sha512,True,t13d1516h2,8daaf6152771,d8a2da3f94cd,t,13,d,15,16,h2,"1:65536;2:0;4:6291456;6:262144|15663105|1:1:0:256,3:1:0:220,5:1:0:256,7:1:5:110,9:1:7:110,11:1:9:110,13:1:0:256,15:1:13:110,17:1:15:110,19:1:17:110,21:1:0:256,23:1:21:110,25:1:23:110,27:1:25:110,29:1:0:256,31:1:29:110|m,a,s,p",1:65536;2:0;4:6291456;6:262144,15663105.0,"1:1:0:256,3:1:0:220,5:1:0:256,7:1:5:110,9:1:7:110,11:1:9:110,13:1:0:256,15:1:13:110,17:1:15:110,19:1:17:110,21:1:0:256,23:1:21:110,25:1:23:110,27:1:25:110,29:1:0:256,31:1:29:110","m,a,s,p",16.0,65536.0,0.0,,6291456.0,,262144.0,":method,:authority,:scheme,:path"
trial-014,ac1dc10f-56d3-4dec-9fa1-28486dec2e85,2026-05-02 08:15:37.297996254+00:00,205.172.168.145,POST,/collect,HTTP/2.0,0.237,TLS 1.3,h2,TLS_AES_128_GCM_SHA256,uxbehaviorsuite.com,True,01d70fa29b0a9824046648f78e6cbce5,t13d1516h2_8daaf6152771_d8a2da3f94cd,"h2,http/1.1",h2,2,True,True,0.0,h2_first,"2570,772,771","TLS 1.3,TLS 1.2",2,True,True,True,False,0.0,TLS1.3+TLS1.2,True,15,True,0.0,"2570,4865,4866,4867,49195,49199,49196,49200,52393,52392,49171,49172,156,157,47,53",TLS_AES_128_GCM_SHA256_TLS_AES_256_GCM_SHA384_TLS_CHACHA20_POLY1305_SHA256_ECDHE-ECDSA-AES128-GCM_ECDHE-RSA-AES128-GCM_ECDHE-ECDSA-AES256-GCM_ECDHE-RSA-AES256-GCM_ECDHE-ECDSA-CHACHA20_ECDHE-RSA-CHACHA20_ECDHE-RSA-AES128-CBC_ECDHE-RSA-AES256-CBC_RSA-AES128-GCM_RSA-AES256-GCM_RSA-AES128-CBC_RSA-AES256-CBC,4,True,0.0,"2570,4588,29,23,24",X25519MLKEM768_x25519_secp256r1_secp384r1,8,False,,"1027,2052,1025,1283,2053,1281,2054,1537",ecdsa_secp256r1_sha256_rsa_pss_rsae_sha256_rsa_pkcs1_sha256_ecdsa_secp384r1_sha384_rsa_pss_rsae_sha384_rsa_pkcs1_sha384_rsa_pss_rsae_sha512_rsa_pkcs1_sha512,True,t13d1516h2,8daaf6152771,d8a2da3f94cd,t,13,d,15,16,h2,"1:65536;2:0;4:6291456;6:262144|15663105|1:1:0:256,3:1:0:220,5:1:0:256,7:1:5:110,9:1:7:110,11:1:9:110,13:1:0:256,15:1:13:110,17:1:15:110,19:1:17:110,21:1:0:256,23:1:21:110,25:1:23:110,27:1:25:110,29:1:0:256,31:1:29:110,33:1:29:110|m,a,s,p",1:65536;2:0;4:6291456;6:262144,15663105.0,"1:1:0:256,3:1:0:220,5:1:0:256,7:1:5:110,9:1:7:110,11:1:9:110,13:1:0:256,15:1:13:110,17:1:15:110,19:1:17:110,21:1:0:256,23:1:21:110,25:1:23:110,27:1:25:110,29:1:0:256,31:1:29:110,33:1:29:110","m,a,s,p",17.0,65536.0,0.0,,6291456.0,,262144.0,":method,:authority,:scheme,:path"
trial-014,aed6856a-bd97-454b-b0c6-f2fbd5574aef,2026-05-02 08:15:37.301004446+00:00,205.172.168.145,POST,/collect,HTTP/2.0,0.214,TLS 1.3,h2,TLS_AES_128_GCM_SHA256,uxbehaviorsuite.com,True,01d70fa29b0a9824046648f78e6cbce5,t13d1516h2_8daaf6152771_d8a2da3f94cd,"h2,http/1.1",h2,2,True,True,0.0,h2_first,"2570,772,771","TLS 1.3,TLS 1.2",2,True,True,True,False,0.0,TLS1.3+TLS1.2,True,15,True,0.0,"2570,4865,4866,4867,49195,49199,49196,49200,52393,52392,49171,49172,156,157,47,53",TLS_AES_128_GCM_SHA256_TLS_AES_256_GCM_SHA384_TLS_CHACHA20_POLY1305_SHA256_ECDHE-ECDSA-AES128-GCM_ECDHE-RSA-AES128-GCM_ECDHE-ECDSA-AES256-GCM_ECDHE-RSA-AES256-GCM_ECDHE-ECDSA-CHACHA20_ECDHE-RSA-CHACHA20_ECDHE-RSA-AES128-CBC_ECDHE-RSA-AES256-CBC_RSA-AES128-GCM_RSA-AES256-GCM_RSA-AES128-CBC_RSA-AES256-CBC,4,True,0.0,"2570,4588,29,23,24",X25519MLKEM768_x25519_secp256r1_secp384r1,8,False,,"1027,2052,1025,1283,2053,1281,2054,1537",ecdsa_secp256r1_sha256_rsa_pss_rsae_sha256_rsa_pkcs1_sha256_ecdsa_secp384r1_sha384_rsa_pss_rsae_sha384_rsa_pkcs1_sha384_rsa_pss_rsae_sha512_rsa_pkcs1_sha512,True,t13d1516h2,8daaf6152771,d8a2da3f94cd,t,13,d,15,16,h2,"1:65536;2:0;4:6291456;6:262144|15663105|1:1:0:256,3:1:0:220,5:1:0:256,7:1:5:110,9:1:7:110,11:1:9:110,13:1:0:256,15:1:13:110,17:1:15:110,19:1:17:110,21:1:0:256,23:1:21:110,25:1:23:110,27:1:25:110,29:1:0:256,31:1:29:110,33:1:29:110,35:1:33:110|m,a,s,p",1:65536;2:0;4:6291456;6:262144,15663105.0,"1:1:0:256,3:1:0:220,5:1:0:256,7:1:5:110,9:1:7:110,11:1:9:110,13:1:0:256,15:1:13:110,17:1:15:110,19:1:17:110,21:1:0:256,23:1:21:110,25:1:23:110,27:1:25:110,29:1:0:256,31:1:29:110,33:1:29:110,35:1:33:110","m,a,s,p",18.0,65536.0,0.0,,6291456.0,,262144.0,":method,:authority,:scheme,:path"
trial-014,96c5b70f-d6c1-4fa1-b21f-ac3148ffa40b,2026-05-02 08:16:58.367865512+00:00,205.172.168.145,GET,/s4-dom-mismatch.html,HTTP/2.0,0.445,TLS 1.3,h2,TLS_AES_128_GCM_SHA256,uxbehaviorsuite.com,True,01d70fa29b0a9824046648f78e6cbce5,t13d1516h2_8daaf6152771_d8a2da3f94cd,"h2,http/1.1",h2,2,True,True,0.0,h2_first,"2570,772,771","TLS 1.3,TLS 1.2",2,True,True,True,False,0.0,TLS1.3+TLS1.2,True,15,True,0.0,"2570,4865,4866,4867,49195,49199,49196,49200,52393,52392,49171,49172,156,157,47,53",TLS_AES_128_GCM_SHA256_TLS_AES_256_GCM_SHA384_TLS_CHACHA20_POLY1305_SHA256_ECDHE-ECDSA-AES128-GCM_ECDHE-RSA-AES128-GCM_ECDHE-ECDSA-AES256-GCM_ECDHE-RSA-AES256-GCM_ECDHE-ECDSA-CHACHA20_ECDHE-RSA-CHACHA20_ECDHE-RSA-AES128-CBC_ECDHE-RSA-AES256-CBC_RSA-AES128-GCM_RSA-AES256-GCM_RSA-AES128-CBC_RSA-AES256-CBC,4,True,0.0,"2570,4588,29,23,24",X25519MLKEM768_x25519_secp256r1_secp384r1,8,False,,"1027,2052,1025,1283,2053,1281,2054,1537",ecdsa_secp256r1_sha256_rsa_pss_rsae_sha256_rsa_pkcs1_sha256_ecdsa_secp384r1_sha384_rsa_pss_rsae_sha384_rsa_pkcs1_sha384_rsa_pss_rsae_sha512_rsa_pkcs1_sha512,True,t13d1516h2,8daaf6152771,d8a2da3f94cd,t,13,d,15,16,h2,"1:65536;2:0;4:6291456;6:262144|15663105|1:1:0:256,3:1:0:220,5:1:0:256,7:1:5:110,9:1:7:110,11:1:9:110,13:1:0:256,15:1:13:110,17:1:15:110,19:1:17:110,21:1:0:256,23:1:21:110,25:1:23:110,27:1:25:110,29:1:0:256,31:1:29:110,33:1:29:110,35:1:33:110,37:1:0:256|m,a,s,p",1:65536;2:0;4:6291456;6:262144,15663105.0,"1:1:0:256,3:1:0:220,5:1:0:256,7:1:5:110,9:1:7:110,11:1:9:110,13:1:0:256,15:1:13:110,17:1:15:110,19:1:17:110,21:1:0:256,23:1:21:110,25:1:23:110,27:1:25:110,29:1:0:256,31:1:29:110,33:1:29:110,35:1:33:110,37:1:0:256","m,a,s,p",19.0,65536.0,0.0,,6291456.0,,262144.0,":method,:authority,:scheme,:path"
trial-014,6fa66162-7876-4ae7-9805-764612576a5b,2026-05-02 08:16:58.368646332+00:00,205.172.168.145,POST,/collect,HTTP/2.0,0.439,TLS 1.3,h2,TLS_AES_128_GCM_SHA256,uxbehaviorsuite.com,True,01d70fa29b0a9824046648f78e6cbce5,t13d1516h2_8daaf6152771_d8a2da3f94cd,"h2,http/1.1",h2,2,True,True,0.0,h2_first,"2570,772,771","TLS 1.3,TLS 1.2",2,True,True,True,False,0.0,TLS1.3+TLS1.2,True,15,True,0.0,"2570,4865,4866,4867,49195,49199,49196,49200,52393,52392,49171,49172,156,157,47,53",TLS_AES_128_GCM_SHA256_TLS_AES_256_GCM_SHA384_TLS_CHACHA20_POLY1305_SHA256_ECDHE-ECDSA-AES128-GCM_ECDHE-RSA-AES128-GCM_ECDHE-ECDSA-AES256-GCM_ECDHE-RSA-AES256-GCM_ECDHE-ECDSA-CHACHA20_ECDHE-RSA-CHACHA20_ECDHE-RSA-AES128-CBC_ECDHE-RSA-AES256-CBC_RSA-AES128-GCM_RSA-AES256-GCM_RSA-AES128-CBC_RSA-AES256-CBC,4,True,0.0,"2570,4588,29,23,24",X25519MLKEM768_x25519_secp256r1_secp384r1,8,False,,"1027,2052,1025,1283,2053,1281,2054,1537",ecdsa_secp256r1_sha256_rsa_pss_rsae_sha256_rsa_pkcs1_sha256_ecdsa_secp384r1_sha384_rsa_pss_rsae_sha384_rsa_pkcs1_sha384_rsa_pss_rsae_sha512_rsa_pkcs1_sha512,True,t13d1516h2,8daaf6152771,d8a2da3f94cd,t,13,d,15,16,h2,"1:65536;2:0;4:6291456;6:262144|15663105|1:1:0:256,3:1:0:220,5:1:0:256,7:1:5:110,9:1:7:110,11:1:9:110,13:1:0:256,15:1:13:110,17:1:15:110,19:1:17:110,21:1:0:256,23:1:21:110,25:1:23:110,27:1:25:110,29:1:0:256,31:1:29:110,33:1:29:110,35:1:33:110,37:1:0:256,39:1:37:110|m,a,s,p",1:65536;2:0;4:6291456;6:262144,15663105.0,"1:1:0:256,3:1:0:220,5:1:0:256,7:1:5:110,9:1:7:110,11:1:9:110,13:1:0:256,15:1:13:110,17:1:15:110,19:1:17:110,21:1:0:256,23:1:21:110,25:1:23:110,27:1:25:110,29:1:0:256,31:1:29:110,33:1:29:110,35:1:33:110,37:1:0:256,39:1:37:110","m,a,s,p",20.0,65536.0,0.0,,6291456.0,,262144.0,":method,:authority,:scheme,:path"
trial-014,506d5d53-8dbe-44eb-9231-65f0a8c5b255,2026-05-02 08:16:58.405367692+00:00,205.172.168.145,POST,/collect,HTTP/2.0,0.214,TLS 1.3,h2,TLS_AES_128_GCM_SHA256,uxbehaviorsuite.com,True,01d70fa29b0a9824046648f78e6cbce5,t13d1516h2_8daaf6152771_d8a2da3f94cd,"h2,http/1.1",h2,2,True,True,0.0,h2_first,"2570,772,771","TLS 1.3,TLS 1.2",2,True,True,True,False,0.0,TLS1.3+TLS1.2,True,15,True,0.0,"2570,4865,4866,4867,49195,49199,49196,49200,52393,52392,49171,49172,156,157,47,53",TLS_AES_128_GCM_SHA256_TLS_AES_256_GCM_SHA384_TLS_CHACHA20_POLY1305_SHA256_ECDHE-ECDSA-AES128-GCM_ECDHE-RSA-AES128-GCM_ECDHE-ECDSA-AES256-GCM_ECDHE-RSA-AES256-GCM_ECDHE-ECDSA-CHACHA20_ECDHE-RSA-CHACHA20_ECDHE-RSA-AES128-CBC_ECDHE-RSA-AES256-CBC_RSA-AES128-GCM_RSA-AES256-GCM_RSA-AES128-CBC_RSA-AES256-CBC,4,True,0.0,"2570,4588,29,23,24",X25519MLKEM768_x25519_secp256r1_secp384r1,8,False,,"1027,2052,1025,1283,2053,1281,2054,1537",ecdsa_secp256r1_sha256_rsa_pss_rsae_sha256_rsa_pkcs1_sha256_ecdsa_secp384r1_sha384_rsa_pss_rsae_sha384_rsa_pkcs1_sha384_rsa_pss_rsae_sha512_rsa_pkcs1_sha512,True,t13d1516h2,8daaf6152771,d8a2da3f94cd,t,13,d,15,16,h2,"1:65536;2:0;4:6291456;6:262144|15663105|1:1:0:256,3:1:0:220,5:1:0:256,7:1:5:110,9:1:7:110,11:1:9:110,13:1:0:256,15:1:13:110,17:1:15:110,19:1:17:110,21:1:0:256,23:1:21:110,25:1:23:110,27:1:25:110,29:1:0:256,31:1:29:110,33:1:29:110,35:1:33:110,37:1:0:256,39:1:37:110,41:1:39:110|m,a,s,p",1:65536;2:0;4:6291456;6:262144,15663105.0,"1:1:0:256,3:1:0:220,5:1:0:256,7:1:5:110,9:1:7:110,11:1:9:110,13:1:0:256,15:1:13:110,17:1:15:110,19:1:17:110,21:1:0:256,23:1:21:110,25:1:23:110,27:1:25:110,29:1:0:256,31:1:29:110,33:1:29:110,35:1:33:110,37:1:0:256,39:1:37:110,41:1:39:110","m,a,s,p",21.0,65536.0,0.0,,6291456.0,,262144.0,":method,:authority,:scheme,:path"
trial-014,57a1c5c5-c412-4d10-a82c-b8a9ff25e0b6,2026-05-02 08:16:58.406360702+00:00,205.172.168.145,POST,/collect,HTTP/2.0,0.217,TLS 1.3,h2,TLS_AES_128_GCM_SHA256,uxbehaviorsuite.com,True,01d70fa29b0a9824046648f78e6cbce5,t13d1516h2_8daaf6152771_d8a2da3f94cd,"h2,http/1.1",h2,2,True,True,0.0,h2_first,"2570,772,771","TLS 1.3,TLS 1.2",2,True,True,True,False,0.0,TLS1.3+TLS1.2,True,15,True,0.0,"2570,4865,4866,4867,49195,49199,49196,49200,52393,52392,49171,49172,156,157,47,53",TLS_AES_128_GCM_SHA256_TLS_AES_256_GCM_SHA384_TLS_CHACHA20_POLY1305_SHA256_ECDHE-ECDSA-AES128-GCM_ECDHE-RSA-AES128-GCM_ECDHE-ECDSA-AES256-GCM_ECDHE-RSA-AES256-GCM_ECDHE-ECDSA-CHACHA20_ECDHE-RSA-CHACHA20_ECDHE-RSA-AES128-CBC_ECDHE-RSA-AES256-CBC_RSA-AES128-GCM_RSA-AES256-GCM_RSA-AES128-CBC_RSA-AES256-CBC,4,True,0.0,"2570,4588,29,23,24",X25519MLKEM768_x25519_secp256r1_secp384r1,8,False,,"1027,2052,1025,1283,2053,1281,2054,1537",ecdsa_secp256r1_sha256_rsa_pss_rsae_sha256_rsa_pkcs1_sha256_ecdsa_secp384r1_sha384_rsa_pss_rsae_sha384_rsa_pkcs1_sha384_rsa_pss_rsae_sha512_rsa_pkcs1_sha512,True,t13d1516h2,8daaf6152771,d8a2da3f94cd,t,13,d,15,16,h2,"1:65536;2:0;4:6291456;6:262144|15663105|1:1:0:256,3:1:0:220,5:1:0:256,7:1:5:110,9:1:7:110,11:1:9:110,13:1:0:256,15:1:13:110,17:1:15:110,19:1:17:110,21:1:0:256,23:1:21:110,25:1:23:110,27:1:25:110,29:1:0:256,31:1:29:110,33:1:29:110,35:1:33:110,37:1:0:256,39:1:37:110,41:1:39:110,43:1:41:110|m,a,s,p",1:65536;2:0;4:6291456;6:262144,15663105.0,"1:1:0:256,3:1:0:220,5:1:0:256,7:1:5:110,9:1:7:110,11:1:9:110,13:1:0:256,15:1:13:110,17:1:15:110,19:1:17:110,21:1:0:256,23:1:21:110,25:1:23:110,27:1:25:110,29:1:0:256,31:1:29:110,33:1:29:110,35:1:33:110,37:1:0:256,39:1:37:110,41:1:39:110,43:1:41:110","m,a,s,p",22.0,65536.0,0.0,,6291456.0,,262144.0,":method,:authority,:scheme,:path"
trial-014,5500e782-81c7-4577-858f-e48742f63b87,2026-05-02 08:17:51.462395810+00:00,205.172.168.145,GET,/s5-delayed-feedback.html,HTTP/2.0,0.92,TLS 1.3,h2,TLS_AES_128_GCM_SHA256,uxbehaviorsuite.com,True,01d70fa29b0a9824046648f78e6cbce5,t13d1516h2_8daaf6152771_d8a2da3f94cd,"h2,http/1.1",h2,2,True,True,0.0,h2_first,"2570,772,771","TLS 1.3,TLS 1.2",2,True,True,True,False,0.0,TLS1.3+TLS1.2,True,15,True,0.0,"2570,4865,4866,4867,49195,49199,49196,49200,52393,52392,49171,49172,156,157,47,53",TLS_AES_128_GCM_SHA256_TLS_AES_256_GCM_SHA384_TLS_CHACHA20_POLY1305_SHA256_ECDHE-ECDSA-AES128-GCM_ECDHE-RSA-AES128-GCM_ECDHE-ECDSA-AES256-GCM_ECDHE-RSA-AES256-GCM_ECDHE-ECDSA-CHACHA20_ECDHE-RSA-CHACHA20_ECDHE-RSA-AES128-CBC_ECDHE-RSA-AES256-CBC_RSA-AES128-GCM_RSA-AES256-GCM_RSA-AES128-CBC_RSA-AES256-CBC,4,True,0.0,"2570,4588,29,23,24",X25519MLKEM768_x25519_secp256r1_secp384r1,8,False,,"1027,2052,1025,1283,2053,1281,2054,1537",ecdsa_secp256r1_sha256_rsa_pss_rsae_sha256_rsa_pkcs1_sha256_ecdsa_secp384r1_sha384_rsa_pss_rsae_sha384_rsa_pkcs1_sha384_rsa_pss_rsae_sha512_rsa_pkcs1_sha512,True,t13d1516h2,8daaf6152771,d8a2da3f94cd,t,13,d,15,16,h2,"1:65536;2:0;4:6291456;6:262144|15663105|1:1:0:256,3:1:0:220,5:1:0:256,7:1:5:110,9:1:7:110,11:1:9:110,13:1:0:256,15:1:13:110,17:1:15:110,19:1:17:110,21:1:0:256,23:1:21:110,25:1:23:110,27:1:25:110,29:1:0:256,31:1:29:110,33:1:29:110,35:1:33:110,37:1:0:256,39:1:37:110,41:1:39:110,43:1:41:110,45:1:0:256,47:1:45:110|m,a,s,p",1:65536;2:0;4:6291456;6:262144,15663105.0,"1:1:0:256,3:1:0:220,5:1:0:256,7:1:5:110,9:1:7:110,11:1:9:110,13:1:0:256,15:1:13:110,17:1:15:110,19:1:17:110,21:1:0:256,23:1:21:110,25:1:23:110,27:1:25:110,29:1:0:256,31:1:29:110,33:1:29:110,35:1:33:110,37:1:0:256,39:1:37:110,41:1:39:110,43:1:41:110,45:1:0:256,47:1:45:110","m,a,s,p",24.0,65536.0,0.0,,6291456.0,,262144.0,":method,:authority,:scheme,:path"
trial-014,963dc5c7-eafe-4289-ba76-aca5b219c4a3,2026-05-02 08:17:51.462917537+00:00,205.172.168.145,POST,/collect,HTTP/2.0,0.835,TLS 1.3,h2,TLS_AES_128_GCM_SHA256,uxbehaviorsuite.com,True,01d70fa29b0a9824046648f78e6cbce5,t13d1516h2_8daaf6152771_d8a2da3f94cd,"h2,http/1.1",h2,2,True,True,0.0,h2_first,"2570,772,771","TLS 1.3,TLS 1.2",2,True,True,True,False,0.0,TLS1.3+TLS1.2,True,15,True,0.0,"2570,4865,4866,4867,49195,49199,49196,49200,52393,52392,49171,49172,156,157,47,53",TLS_AES_128_GCM_SHA256_TLS_AES_256_GCM_SHA384_TLS_CHACHA20_POLY1305_SHA256_ECDHE-ECDSA-AES128-GCM_ECDHE-RSA-AES128-GCM_ECDHE-ECDSA-AES256-GCM_ECDHE-RSA-AES256-GCM_ECDHE-ECDSA-CHACHA20_ECDHE-RSA-CHACHA20_ECDHE-RSA-AES128-CBC_ECDHE-RSA-AES256-CBC_RSA-AES128-GCM_RSA-AES256-GCM_RSA-AES128-CBC_RSA-AES256-CBC,4,True,0.0,"2570,4588,29,23,24",X25519MLKEM768_x25519_secp256r1_secp384r1,8,False,,"1027,2052,1025,1283,2053,1281,2054,1537",ecdsa_secp256r1_sha256_rsa_pss_rsae_sha256_rsa_pkcs1_sha256_ecdsa_secp384r1_sha384_rsa_pss_rsae_sha384_rsa_pkcs1_sha384_rsa_pss_rsae_sha512_rsa_pkcs1_sha512,True,t13d1516h2,8daaf6152771,d8a2da3f94cd,t,13,d,15,16,h2,"1:65536;2:0;4:6291456;6:262144|15663105|1:1:0:256,3:1:0:220,5:1:0:256,7:1:5:110,9:1:7:110,11:1:9:110,13:1:0:256,15:1:13:110,17:1:15:110,19:1:17:110,21:1:0:256,23:1:21:110,25:1:23:110,27:1:25:110,29:1:0:256,31:1:29:110,33:1:29:110,35:1:33:110,37:1:0:256,39:1:37:110,41:1:39:110,43:1:41:110,45:1:0:256,47:1:45:110|m,a,s,p",1:65536;2:0;4:6291456;6:262144,15663105.0,"1:1:0:256,3:1:0:220,5:1:0:256,7:1:5:110,9:1:7:110,11:1:9:110,13:1:0:256,15:1:13:110,17:1:15:110,19:1:17:110,21:1:0:256,23:1:21:110,25:1:23:110,27:1:25:110,29:1:0:256,31:1:29:110,33:1:29:110,35:1:33:110,37:1:0:256,39:1:37:110,41:1:39:110,43:1:41:110,45:1:0:256,47:1:45:110","m,a,s,p",24.0,65536.0,0.0,,6291456.0,,262144.0,":method,:authority,:scheme,:path"
trial-014,ff3d2b41-29a9-449e-aab9-201f2a6e2daf,2026-05-02 08:17:51.484511309+00:00,205.172.168.145,POST,/collect,HTTP/2.0,0.284,TLS 1.3,h2,TLS_AES_128_GCM_SHA256,uxbehaviorsuite.com,True,01d70fa29b0a9824046648f78e6cbce5,t13d1516h2_8daaf6152771_d8a2da3f94cd,"h2,http/1.1",h2,2,True,True,0.0,h2_first,"2570,772,771","TLS 1.3,TLS 1.2",2,True,True,True,False,0.0,TLS1.3+TLS1.2,True,15,True,0.0,"2570,4865,4866,4867,49195,49199,49196,49200,52393,52392,49171,49172,156,157,47,53",TLS_AES_128_GCM_SHA256_TLS_AES_256_GCM_SHA384_TLS_CHACHA20_POLY1305_SHA256_ECDHE-ECDSA-AES128-GCM_ECDHE-RSA-AES128-GCM_ECDHE-ECDSA-AES256-GCM_ECDHE-RSA-AES256-GCM_ECDHE-ECDSA-CHACHA20_ECDHE-RSA-CHACHA20_ECDHE-RSA-AES128-CBC_ECDHE-RSA-AES256-CBC_RSA-AES128-GCM_RSA-AES256-GCM_RSA-AES128-CBC_RSA-AES256-CBC,4,True,0.0,"2570,4588,29,23,24",X25519MLKEM768_x25519_secp256r1_secp384r1,8,False,,"1027,2052,1025,1283,2053,1281,2054,1537",ecdsa_secp256r1_sha256_rsa_pss_rsae_sha256_rsa_pkcs1_sha256_ecdsa_secp384r1_sha384_rsa_pss_rsae_sha384_rsa_pkcs1_sha384_rsa_pss_rsae_sha512_rsa_pkcs1_sha512,True,t13d1516h2,8daaf6152771,d8a2da3f94cd,t,13,d,15,16,h2,"1:65536;2:0;4:6291456;6:262144|15663105|1:1:0:256,3:1:0:220,5:1:0:256,7:1:5:110,9:1:7:110,11:1:9:110,13:1:0:256,15:1:13:110,17:1:15:110,19:1:17:110,21:1:0:256,23:1:21:110,25:1:23:110,27:1:25:110,29:1:0:256,31:1:29:110,33:1:29:110,35:1:33:110,37:1:0:256,39:1:37:110,41:1:39:110,43:1:41:110,45:1:0:256,47:1:45:110,49:1:47:110|m,a,s,p",1:65536;2:0;4:6291456;6:262144,15663105.0,"1:1:0:256,3:1:0:220,5:1:0:256,7:1:5:110,9:1:7:110,11:1:9:110,13:1:0:256,15:1:13:110,17:1:15:110,19:1:17:110,21:1:0:256,23:1:21:110,25:1:23:110,27:1:25:110,29:1:0:256,31:1:29:110,33:1:29:110,35:1:33:110,37:1:0:256,39:1:37:110,41:1:39:110,43:1:41:110,45:1:0:256,47:1:45:110,49:1:47:110","m,a,s,p",25.0,65536.0,0.0,,6291456.0,,262144.0,":method,:authority,:scheme,:path"
trial-014,5c29b93b-3f89-403f-b224-34f2f0caf6ca,2026-05-02 08:17:51.485876840+00:00,205.172.168.145,POST,/collect,HTTP/2.0,0.217,TLS 1.3,h2,TLS_AES_128_GCM_SHA256,uxbehaviorsuite.com,True,01d70fa29b0a9824046648f78e6cbce5,t13d1516h2_8daaf6152771_d8a2da3f94cd,"h2,http/1.1",h2,2,True,True,0.0,h2_first,"2570,772,771","TLS 1.3,TLS 1.2",2,True,True,True,False,0.0,TLS1.3+TLS1.2,True,15,True,0.0,"2570,4865,4866,4867,49195,49199,49196,49200,52393,52392,49171,49172,156,157,47,53",TLS_AES_128_GCM_SHA256_TLS_AES_256_GCM_SHA384_TLS_CHACHA20_POLY1305_SHA256_ECDHE-ECDSA-AES128-GCM_ECDHE-RSA-AES128-GCM_ECDHE-ECDSA-AES256-GCM_ECDHE-RSA-AES256-GCM_ECDHE-ECDSA-CHACHA20_ECDHE-RSA-CHACHA20_ECDHE-RSA-AES128-CBC_ECDHE-RSA-AES256-CBC_RSA-AES128-GCM_RSA-AES256-GCM_RSA-AES128-CBC_RSA-AES256-CBC,4,True,0.0,"2570,4588,29,23,24",X25519MLKEM768_x25519_secp256r1_secp384r1,8,False,,"1027,2052,1025,1283,2053,1281,2054,1537",ecdsa_secp256r1_sha256_rsa_pss_rsae_sha256_rsa_pkcs1_sha256_ecdsa_secp384r1_sha384_rsa_pss_rsae_sha384_rsa_pkcs1_sha384_rsa_pss_rsae_sha512_rsa_pkcs1_sha512,True,t13d1516h2,8daaf6152771,d8a2da3f94cd,t,13,d,15,16,h2,"1:65536;2:0;4:6291456;6:262144|15663105|1:1:0:256,3:1:0:220,5:1:0:256,7:1:5:110,9:1:7:110,11:1:9:110,13:1:0:256,15:1:13:110,17:1:15:110,19:1:17:110,21:1:0:256,23:1:21:110,25:1:23:110,27:1:25:110,29:1:0:256,31:1:29:110,33:1:29:110,35:1:33:110,37:1:0:256,39:1:37:110,41:1:39:110,43:1:41:110,45:1:0:256,47:1:45:110,49:1:47:110,51:1:49:110|m,a,s,p",1:65536;2:0;4:6291456;6:262144,15663105.0,"1:1:0:256,3:1:0:220,5:1:0:256,7:1:5:110,9:1:7:110,11:1:9:110,13:1:0:256,15:1:13:110,17:1:15:110,19:1:17:110,21:1:0:256,23:1:21:110,25:1:23:110,27:1:25:110,29:1:0:256,31:1:29:110,33:1:29:110,35:1:33:110,37:1:0:256,39:1:37:110,41:1:39:110,43:1:41:110,45:1:0:256,47:1:45:110,49:1:47:110,51:1:49:110","m,a,s,p",26.0,65536.0,0.0,,6291456.0,,262144.0,":method,:authority,:scheme,:path"
trial-015,71276450-4535-4aac-aff7-c7444a7dd0d6,2026-05-02 08:34:05.956443496+00:00,205.172.168.145,GET,/subscribe-v1.html,HTTP/2.0,0.394,TLS 1.3,h2,TLS_AES_128_GCM_SHA256,uxbehaviorsuite.com,True,2375fc0da24ba75cdfd76050503e0eff,t13d1516h2_8daaf6152771_d8a2da3f94cd,"h2,http/1.1",h2,2,True,True,0.0,h2_first,"2570,772,771","TLS 1.3,TLS 1.2",2,True,True,True,False,0.0,TLS1.3+TLS1.2,True,15,True,0.0,"2570,4865,4866,4867,49195,49199,49196,49200,52393,52392,49171,49172,156,157,47,53",TLS_AES_128_GCM_SHA256_TLS_AES_256_GCM_SHA384_TLS_CHACHA20_POLY1305_SHA256_ECDHE-ECDSA-AES128-GCM_ECDHE-RSA-AES128-GCM_ECDHE-ECDSA-AES256-GCM_ECDHE-RSA-AES256-GCM_ECDHE-ECDSA-CHACHA20_ECDHE-RSA-CHACHA20_ECDHE-RSA-AES128-CBC_ECDHE-RSA-AES256-CBC_RSA-AES128-GCM_RSA-AES256-GCM_RSA-AES128-CBC_RSA-AES256-CBC,4,True,0.0,"2570,4588,29,23,24",X25519MLKEM768_x25519_secp256r1_secp384r1,8,False,,"1027,2052,1025,1283,2053,1281,2054,1537",ecdsa_secp256r1_sha256_rsa_pss_rsae_sha256_rsa_pkcs1_sha256_ecdsa_secp384r1_sha384_rsa_pss_rsae_sha384_rsa_pkcs1_sha384_rsa_pss_rsae_sha512_rsa_pkcs1_sha512,True,t13d1516h2,8daaf6152771,d8a2da3f94cd,t,13,d,15,16,h2,"1:65536;2:0;4:6291456;6:262144|15663105|1:1:0:256|m,a,s,p",1:65536;2:0;4:6291456;6:262144,15663105.0,1:1:0:256,"m,a,s,p",1.0,65536.0,0.0,,6291456.0,,262144.0,":method,:authority,:scheme,:path"
trial-015,568f94ce-4f83-4819-9e25-296e332063c8,2026-05-02 08:34:05.988207759+00:00,205.172.168.145,GET,/logger.js,HTTP/2.0,0.319,TLS 1.3,h2,TLS_AES_128_GCM_SHA256,uxbehaviorsuite.com,True,2375fc0da24ba75cdfd76050503e0eff,t13d1516h2_8daaf6152771_d8a2da3f94cd,"h2,http/1.1",h2,2,True,True,0.0,h2_first,"2570,772,771","TLS 1.3,TLS 1.2",2,True,True,True,False,0.0,TLS1.3+TLS1.2,True,15,True,0.0,"2570,4865,4866,4867,49195,49199,49196,49200,52393,52392,49171,49172,156,157,47,53",TLS_AES_128_GCM_SHA256_TLS_AES_256_GCM_SHA384_TLS_CHACHA20_POLY1305_SHA256_ECDHE-ECDSA-AES128-GCM_ECDHE-RSA-AES128-GCM_ECDHE-ECDSA-AES256-GCM_ECDHE-RSA-AES256-GCM_ECDHE-ECDSA-CHACHA20_ECDHE-RSA-CHACHA20_ECDHE-RSA-AES128-CBC_ECDHE-RSA-AES256-CBC_RSA-AES128-GCM_RSA-AES256-GCM_RSA-AES128-CBC_RSA-AES256-CBC,4,True,0.0,"2570,4588,29,23,24",X25519MLKEM768_x25519_secp256r1_secp384r1,8,False,,"1027,2052,1025,1283,2053,1281,2054,1537",ecdsa_secp256r1_sha256_rsa_pss_rsae_sha256_rsa_pkcs1_sha256_ecdsa_secp384r1_sha384_rsa_pss_rsae_sha384_rsa_pkcs1_sha384_rsa_pss_rsae_sha512_rsa_pkcs1_sha512,True,t13d1516h2,8daaf6152771,d8a2da3f94cd,t,13,d,15,16,h2,"1:65536;2:0;4:6291456;6:262144|15663105|1:1:0:256,3:1:0:220|m,a,s,p",1:65536;2:0;4:6291456;6:262144,15663105.0,"1:1:0:256,3:1:0:220","m,a,s,p",2.0,65536.0,0.0,,6291456.0,,262144.0,":method,:authority,:scheme,:path"
trial-016,79fb6b04-ed1c-4d21-bed7-f620215eab15,2026-05-02 08:50:00.376300586+00:00,205.172.168.145,GET,/subscribe-v1.html,HTTP/2.0,0.348,TLS 1.3,h2,TLS_AES_128_GCM_SHA256,uxbehaviorsuite.com,True,ac4e9067d08f9ffd78e00d70f11d0b0f,t13d1516h2_8daaf6152771_d8a2da3f94cd,"h2,http/1.1",h2,2,True,True,0.0,h2_first,"2570,772,771","TLS 1.3,TLS 1.2",2,True,True,True,False,0.0,TLS1.3+TLS1.2,True,15,True,0.0,"2570,4865,4866,4867,49195,49199,49196,49200,52393,52392,49171,49172,156,157,47,53",TLS_AES_128_GCM_SHA256_TLS_AES_256_GCM_SHA384_TLS_CHACHA20_POLY1305_SHA256_ECDHE-ECDSA-AES128-GCM_ECDHE-RSA-AES128-GCM_ECDHE-ECDSA-AES256-GCM_ECDHE-RSA-AES256-GCM_ECDHE-ECDSA-CHACHA20_ECDHE-RSA-CHACHA20_ECDHE-RSA-AES128-CBC_ECDHE-RSA-AES256-CBC_RSA-AES128-GCM_RSA-AES256-GCM_RSA-AES128-CBC_RSA-AES256-CBC,4,True,0.0,"2570,4588,29,23,24",X25519MLKEM768_x25519_secp256r1_secp384r1,8,False,,"1027,2052,1025,1283,2053,1281,2054,1537",ecdsa_secp256r1_sha256_rsa_pss_rsae_sha256_rsa_pkcs1_sha256_ecdsa_secp384r1_sha384_rsa_pss_rsae_sha384_rsa_pkcs1_sha384_rsa_pss_rsae_sha512_rsa_pkcs1_sha512,True,t13d1516h2,8daaf6152771,d8a2da3f94cd,t,13,d,15,16,h2,"1:65536;2:0;4:6291456;6:262144|15663105|1:1:0:256|m,a,s,p",1:65536;2:0;4:6291456;6:262144,15663105.0,1:1:0:256,"m,a,s,p",1.0,65536.0,0.0,,6291456.0,,262144.0,":method,:authority,:scheme,:path"
trial-016,f2c4cc19-4d21-4033-9030-d5b64b38e9c7,2026-05-02 08:50:00.409446799+00:00,205.172.168.145,GET,/logger.js,HTTP/2.0,0.408,TLS 1.3,h2,TLS_AES_128_GCM_SHA256,uxbehaviorsuite.com,True,ac4e9067d08f9ffd78e00d70f11d0b0f,t13d1516h2_8daaf6152771_d8a2da3f94cd,"h2,http/1.1",h2,2,True,True,0.0,h2_first,"2570,772,771","TLS 1.3,TLS 1.2",2,True,True,True,False,0.0,TLS1.3+TLS1.2,True,15,True,0.0,"2570,4865,4866,4867,49195,49199,49196,49200,52393,52392,49171,49172,156,157,47,53",TLS_AES_128_GCM_SHA256_TLS_AES_256_GCM_SHA384_TLS_CHACHA20_POLY1305_SHA256_ECDHE-ECDSA-AES128-GCM_ECDHE-RSA-AES128-GCM_ECDHE-ECDSA-AES256-GCM_ECDHE-RSA-AES256-GCM_ECDHE-ECDSA-CHACHA20_ECDHE-RSA-CHACHA20_ECDHE-RSA-AES128-CBC_ECDHE-RSA-AES256-CBC_RSA-AES128-GCM_RSA-AES256-GCM_RSA-AES128-CBC_RSA-AES256-CBC,4,True,0.0,"2570,4588,29,23,24",X25519MLKEM768_x25519_secp256r1_secp384r1,8,False,,"1027,2052,1025,1283,2053,1281,2054,1537",ecdsa_secp256r1_sha256_rsa_pss_rsae_sha256_rsa_pkcs1_sha256_ecdsa_secp384r1_sha384_rsa_pss_rsae_sha384_rsa_pkcs1_sha384_rsa_pss_rsae_sha512_rsa_pkcs1_sha512,True,t13d1516h2,8daaf6152771,d8a2da3f94cd,t,13,d,15,16,h2,"1:65536;2:0;4:6291456;6:262144|15663105|1:1:0:256,3:1:0:220|m,a,s,p",1:65536;2:0;4:6291456;6:262144,15663105.0,"1:1:0:256,3:1:0:220","m,a,s,p",2.0,65536.0,0.0,,6291456.0,,262144.0,":method,:authority,:scheme,:path"
trial-016,737f34b6-ecbb-4e97-8221-bf014b41008f,2026-05-02 08:51:37.244348385+00:00,205.172.168.145,GET,/subscribe-v2.html,HTTP/2.0,2.348,TLS 1.3,h2,TLS_AES_128_GCM_SHA256,uxbehaviorsuite.com,True,ac4e9067d08f9ffd78e00d70f11d0b0f,t13d1516h2_8daaf6152771_d8a2da3f94cd,"h2,http/1.1",h2,2,True,True,0.0,h2_first,"2570,772,771","TLS 1.3,TLS 1.2",2,True,True,True,False,0.0,TLS1.3+TLS1.2,True,15,True,0.0,"2570,4865,4866,4867,49195,49199,49196,49200,52393,52392,49171,49172,156,157,47,53",TLS_AES_128_GCM_SHA256_TLS_AES_256_GCM_SHA384_TLS_CHACHA20_POLY1305_SHA256_ECDHE-ECDSA-AES128-GCM_ECDHE-RSA-AES128-GCM_ECDHE-ECDSA-AES256-GCM_ECDHE-RSA-AES256-GCM_ECDHE-ECDSA-CHACHA20_ECDHE-RSA-CHACHA20_ECDHE-RSA-AES128-CBC_ECDHE-RSA-AES256-CBC_RSA-AES128-GCM_RSA-AES256-GCM_RSA-AES128-CBC_RSA-AES256-CBC,4,True,0.0,"2570,4588,29,23,24",X25519MLKEM768_x25519_secp256r1_secp384r1,8,False,,"1027,2052,1025,1283,2053,1281,2054,1537",ecdsa_secp256r1_sha256_rsa_pss_rsae_sha256_rsa_pkcs1_sha256_ecdsa_secp384r1_sha384_rsa_pss_rsae_sha384_rsa_pkcs1_sha384_rsa_pss_rsae_sha512_rsa_pkcs1_sha512,True,t13d1516h2,8daaf6152771,d8a2da3f94cd,t,13,d,15,16,h2,"1:65536;2:0;4:6291456;6:262144|15663105|1:1:0:256,3:1:0:220,5:1:0:256,7:1:5:110|m,a,s,p",1:65536;2:0;4:6291456;6:262144,15663105.0,"1:1:0:256,3:1:0:220,5:1:0:256,7:1:5:110","m,a,s,p",4.0,65536.0,0.0,,6291456.0,,262144.0,":method,:authority,:scheme,:path"
trial-016,a67c06f1-c458-4dab-9909-32c7196841ed,2026-05-02 08:51:37.267202752+00:00,205.172.168.145,POST,/collect,HTTP/2.0,0.209,TLS 1.3,h2,TLS_AES_128_GCM_SHA256,uxbehaviorsuite.com,True,ac4e9067d08f9ffd78e00d70f11d0b0f,t13d1516h2_8daaf6152771_d8a2da3f94cd,"h2,http/1.1",h2,2,True,True,0.0,h2_first,"2570,772,771","TLS 1.3,TLS 1.2",2,True,True,True,False,0.0,TLS1.3+TLS1.2,True,15,True,0.0,"2570,4865,4866,4867,49195,49199,49196,49200,52393,52392,49171,49172,156,157,47,53",TLS_AES_128_GCM_SHA256_TLS_AES_256_GCM_SHA384_TLS_CHACHA20_POLY1305_SHA256_ECDHE-ECDSA-AES128-GCM_ECDHE-RSA-AES128-GCM_ECDHE-ECDSA-AES256-GCM_ECDHE-RSA-AES256-GCM_ECDHE-ECDSA-CHACHA20_ECDHE-RSA-CHACHA20_ECDHE-RSA-AES128-CBC_ECDHE-RSA-AES256-CBC_RSA-AES128-GCM_RSA-AES256-GCM_RSA-AES128-CBC_RSA-AES256-CBC,4,True,0.0,"2570,4588,29,23,24",X25519MLKEM768_x25519_secp256r1_secp384r1,8,False,,"1027,2052,1025,1283,2053,1281,2054,1537",ecdsa_secp256r1_sha256_rsa_pss_rsae_sha256_rsa_pkcs1_sha256_ecdsa_secp384r1_sha384_rsa_pss_rsae_sha384_rsa_pkcs1_sha384_rsa_pss_rsae_sha512_rsa_pkcs1_sha512,True,t13d1516h2,8daaf6152771,d8a2da3f94cd,t,13,d,15,16,h2,"1:65536;2:0;4:6291456;6:262144|15663105|1:1:0:256,3:1:0:220,5:1:0:256,7:1:5:110,9:1:5:110|m,a,s,p",1:65536;2:0;4:6291456;6:262144,15663105.0,"1:1:0:256,3:1:0:220,5:1:0:256,7:1:5:110,9:1:5:110","m,a,s,p",5.0,65536.0,0.0,,6291456.0,,262144.0,":method,:authority,:scheme,:path"
trial-016,c57a9f23-fd65-4e6f-9048-dab378da8afd,2026-05-02 08:51:37.269903911+00:00,205.172.168.145,POST,/collect,HTTP/2.0,0.22,TLS 1.3,h2,TLS_AES_128_GCM_SHA256,uxbehaviorsuite.com,True,ac4e9067d08f9ffd78e00d70f11d0b0f,t13d1516h2_8daaf6152771_d8a2da3f94cd,"h2,http/1.1",h2,2,True,True,0.0,h2_first,"2570,772,771","TLS 1.3,TLS 1.2",2,True,True,True,False,0.0,TLS1.3+TLS1.2,True,15,True,0.0,"2570,4865,4866,4867,49195,49199,49196,49200,52393,52392,49171,49172,156,157,47,53",TLS_AES_128_GCM_SHA256_TLS_AES_256_GCM_SHA384_TLS_CHACHA20_POLY1305_SHA256_ECDHE-ECDSA-AES128-GCM_ECDHE-RSA-AES128-GCM_ECDHE-ECDSA-AES256-GCM_ECDHE-RSA-AES256-GCM_ECDHE-ECDSA-CHACHA20_ECDHE-RSA-CHACHA20_ECDHE-RSA-AES128-CBC_ECDHE-RSA-AES256-CBC_RSA-AES128-GCM_RSA-AES256-GCM_RSA-AES128-CBC_RSA-AES256-CBC,4,True,0.0,"2570,4588,29,23,24",X25519MLKEM768_x25519_secp256r1_secp384r1,8,False,,"1027,2052,1025,1283,2053,1281,2054,1537",ecdsa_secp256r1_sha256_rsa_pss_rsae_sha256_rsa_pkcs1_sha256_ecdsa_secp384r1_sha384_rsa_pss_rsae_sha384_rsa_pkcs1_sha384_rsa_pss_rsae_sha512_rsa_pkcs1_sha512,True,t13d1516h2,8daaf6152771,d8a2da3f94cd,t,13,d,15,16,h2,"1:65536;2:0;4:6291456;6:262144|15663105|1:1:0:256,3:1:0:220,5:1:0:256,7:1:5:110,9:1:5:110,11:1:9:110|m,a,s,p",1:65536;2:0;4:6291456;6:262144,15663105.0,"1:1:0:256,3:1:0:220,5:1:0:256,7:1:5:110,9:1:5:110,11:1:9:110","m,a,s,p",6.0,65536.0,0.0,,6291456.0,,262144.0,":method,:authority,:scheme,:path"
trial-016,4a2721a5-e9c9-4656-9b9e-ce0b4e777aff,2026-05-02 08:54:03.996937983+00:00,205.172.168.145,GET,/subscribe-v3.html,HTTP/2.0,0.447,TLS 1.3,h2,TLS_AES_128_GCM_SHA256,uxbehaviorsuite.com,True,ac4e9067d08f9ffd78e00d70f11d0b0f,t13d1516h2_8daaf6152771_d8a2da3f94cd,"h2,http/1.1",h2,2,True,True,0.0,h2_first,"2570,772,771","TLS 1.3,TLS 1.2",2,True,True,True,False,0.0,TLS1.3+TLS1.2,True,15,True,0.0,"2570,4865,4866,4867,49195,49199,49196,49200,52393,52392,49171,49172,156,157,47,53",TLS_AES_128_GCM_SHA256_TLS_AES_256_GCM_SHA384_TLS_CHACHA20_POLY1305_SHA256_ECDHE-ECDSA-AES128-GCM_ECDHE-RSA-AES128-GCM_ECDHE-ECDSA-AES256-GCM_ECDHE-RSA-AES256-GCM_ECDHE-ECDSA-CHACHA20_ECDHE-RSA-CHACHA20_ECDHE-RSA-AES128-CBC_ECDHE-RSA-AES256-CBC_RSA-AES128-GCM_RSA-AES256-GCM_RSA-AES128-CBC_RSA-AES256-CBC,4,True,0.0,"2570,4588,29,23,24",X25519MLKEM768_x25519_secp256r1_secp384r1,8,False,,"1027,2052,1025,1283,2053,1281,2054,1537",ecdsa_secp256r1_sha256_rsa_pss_rsae_sha256_rsa_pkcs1_sha256_ecdsa_secp384r1_sha384_rsa_pss_rsae_sha384_rsa_pkcs1_sha384_rsa_pss_rsae_sha512_rsa_pkcs1_sha512,True,t13d1516h2,8daaf6152771,d8a2da3f94cd,t,13,d,15,16,h2,"1:65536;2:0;4:6291456;6:262144|15663105|1:1:0:256,3:1:0:220,5:1:0:256,7:1:5:110,9:1:5:110,11:1:9:110,13:1:0:256,15:1:13:110|m,a,s,p",1:65536;2:0;4:6291456;6:262144,15663105.0,"1:1:0:256,3:1:0:220,5:1:0:256,7:1:5:110,9:1:5:110,11:1:9:110,13:1:0:256,15:1:13:110","m,a,s,p",8.0,65536.0,0.0,,6291456.0,,262144.0,":method,:authority,:scheme,:path"
trial-016,82bc4d82-f0b3-40e2-ba7d-a3df1e9e52a3,2026-05-02 08:54:03.997032179+00:00,205.172.168.145,POST,/collect,HTTP/2.0,0.529,TLS 1.3,h2,TLS_AES_128_GCM_SHA256,uxbehaviorsuite.com,True,ac4e9067d08f9ffd78e00d70f11d0b0f,t13d1516h2_8daaf6152771_d8a2da3f94cd,"h2,http/1.1",h2,2,True,True,0.0,h2_first,"2570,772,771","TLS 1.3,TLS 1.2",2,True,True,True,False,0.0,TLS1.3+TLS1.2,True,15,True,0.0,"2570,4865,4866,4867,49195,49199,49196,49200,52393,52392,49171,49172,156,157,47,53",TLS_AES_128_GCM_SHA256_TLS_AES_256_GCM_SHA384_TLS_CHACHA20_POLY1305_SHA256_ECDHE-ECDSA-AES128-GCM_ECDHE-RSA-AES128-GCM_ECDHE-ECDSA-AES256-GCM_ECDHE-RSA-AES256-GCM_ECDHE-ECDSA-CHACHA20_ECDHE-RSA-CHACHA20_ECDHE-RSA-AES128-CBC_ECDHE-RSA-AES256-CBC_RSA-AES128-GCM_RSA-AES256-GCM_RSA-AES128-CBC_RSA-AES256-CBC,4,True,0.0,"2570,4588,29,23,24",X25519MLKEM768_x25519_secp256r1_secp384r1,8,False,,"1027,2052,1025,1283,2053,1281,2054,1537",ecdsa_secp256r1_sha256_rsa_pss_rsae_sha256_rsa_pkcs1_sha256_ecdsa_secp384r1_sha384_rsa_pss_rsae_sha384_rsa_pkcs1_sha384_rsa_pss_rsae_sha512_rsa_pkcs1_sha512,True,t13d1516h2,8daaf6152771,d8a2da3f94cd,t,13,d,15,16,h2,"1:65536;2:0;4:6291456;6:262144|15663105|1:1:0:256,3:1:0:220,5:1:0:256,7:1:5:110,9:1:5:110,11:1:9:110,13:1:0:256,15:1:13:110|m,a,s,p",1:65536;2:0;4:6291456;6:262144,15663105.0,"1:1:0:256,3:1:0:220,5:1:0:256,7:1:5:110,9:1:5:110,11:1:9:110,13:1:0:256,15:1:13:110","m,a,s,p",8.0,65536.0,0.0,,6291456.0,,262144.0,":method,:authority,:scheme,:path"
trial-016,d9443ed5-a1f6-4c74-86c0-41fa3b8af152,2026-05-02 08:54:04.018766245+00:00,205.172.168.145,POST,/collect,HTTP/2.0,0.319,TLS 1.3,h2,TLS_AES_128_GCM_SHA256,uxbehaviorsuite.com,True,ac4e9067d08f9ffd78e00d70f11d0b0f,t13d1516h2_8daaf6152771_d8a2da3f94cd,"h2,http/1.1",h2,2,True,True,0.0,h2_first,"2570,772,771","TLS 1.3,TLS 1.2",2,True,True,True,False,0.0,TLS1.3+TLS1.2,True,15,True,0.0,"2570,4865,4866,4867,49195,49199,49196,49200,52393,52392,49171,49172,156,157,47,53",TLS_AES_128_GCM_SHA256_TLS_AES_256_GCM_SHA384_TLS_CHACHA20_POLY1305_SHA256_ECDHE-ECDSA-AES128-GCM_ECDHE-RSA-AES128-GCM_ECDHE-ECDSA-AES256-GCM_ECDHE-RSA-AES256-GCM_ECDHE-ECDSA-CHACHA20_ECDHE-RSA-CHACHA20_ECDHE-RSA-AES128-CBC_ECDHE-RSA-AES256-CBC_RSA-AES128-GCM_RSA-AES256-GCM_RSA-AES128-CBC_RSA-AES256-CBC,4,True,0.0,"2570,4588,29,23,24",X25519MLKEM768_x25519_secp256r1_secp384r1,8,False,,"1027,2052,1025,1283,2053,1281,2054,1537",ecdsa_secp256r1_sha256_rsa_pss_rsae_sha256_rsa_pkcs1_sha256_ecdsa_secp384r1_sha384_rsa_pss_rsae_sha384_rsa_pkcs1_sha384_rsa_pss_rsae_sha512_rsa_pkcs1_sha512,True,t13d1516h2,8daaf6152771,d8a2da3f94cd,t,13,d,15,16,h2,"1:65536;2:0;4:6291456;6:262144|15663105|1:1:0:256,3:1:0:220,5:1:0:256,7:1:5:110,9:1:5:110,11:1:9:110,13:1:0:256,15:1:13:110,17:1:15:110|m,a,s,p",1:65536;2:0;4:6291456;6:262144,15663105.0,"1:1:0:256,3:1:0:220,5:1:0:256,7:1:5:110,9:1:5:110,11:1:9:110,13:1:0:256,15:1:13:110,17:1:15:110","m,a,s,p",9.0,65536.0,0.0,,6291456.0,,262144.0,":method,:authority,:scheme,:path"
trial-016,7035ee1f-c177-4536-9e02-879abf122c3f,2026-05-02 08:54:04.019534473+00:00,205.172.168.145,POST,/collect,HTTP/2.0,0.232,TLS 1.3,h2,TLS_AES_128_GCM_SHA256,uxbehaviorsuite.com,True,ac4e9067d08f9ffd78e00d70f11d0b0f,t13d1516h2_8daaf6152771_d8a2da3f94cd,"h2,http/1.1",h2,2,True,True,0.0,h2_first,"2570,772,771","TLS 1.3,TLS 1.2",2,True,True,True,False,0.0,TLS1.3+TLS1.2,True,15,True,0.0,"2570,4865,4866,4867,49195,49199,49196,49200,52393,52392,49171,49172,156,157,47,53",TLS_AES_128_GCM_SHA256_TLS_AES_256_GCM_SHA384_TLS_CHACHA20_POLY1305_SHA256_ECDHE-ECDSA-AES128-GCM_ECDHE-RSA-AES128-GCM_ECDHE-ECDSA-AES256-GCM_ECDHE-RSA-AES256-GCM_ECDHE-ECDSA-CHACHA20_ECDHE-RSA-CHACHA20_ECDHE-RSA-AES128-CBC_ECDHE-RSA-AES256-CBC_RSA-AES128-GCM_RSA-AES256-GCM_RSA-AES128-CBC_RSA-AES256-CBC,4,True,0.0,"2570,4588,29,23,24",X25519MLKEM768_x25519_secp256r1_secp384r1,8,False,,"1027,2052,1025,1283,2053,1281,2054,1537",ecdsa_secp256r1_sha256_rsa_pss_rsae_sha256_rsa_pkcs1_sha256_ecdsa_secp384r1_sha384_rsa_pss_rsae_sha384_rsa_pkcs1_sha384_rsa_pss_rsae_sha512_rsa_pkcs1_sha512,True,t13d1516h2,8daaf6152771,d8a2da3f94cd,t,13,d,15,16,h2,"1:65536;2:0;4:6291456;6:262144|15663105|1:1:0:256,3:1:0:220,5:1:0:256,7:1:5:110,9:1:5:110,11:1:9:110,13:1:0:256,15:1:13:110,17:1:15:110,19:1:17:110|m,a,s,p",1:65536;2:0;4:6291456;6:262144,15663105.0,"1:1:0:256,3:1:0:220,5:1:0:256,7:1:5:110,9:1:5:110,11:1:9:110,13:1:0:256,15:1:13:110,17:1:15:110,19:1:17:110","m,a,s,p",10.0,65536.0,0.0,,6291456.0,,262144.0,":method,:authority,:scheme,:path"
trial-016,af5fac46-a9d9-4aac-b8aa-8e845f3f551d,2026-05-02 08:55:09.705784757+00:00,43.130.72.177,GET,/,HTTP/1.1,0.279,TLS 1.3,,TLS_AES_128_GCM_SHA256,shdwt.top,True,473cd7cb9faa642487833865d516e578,t13d190900_9dc949149365_97f8aa674fd9,,,0,False,False,,none,"772,771","TLS 1.3,TLS 1.2",2,False,True,True,False,,TLS1.3+TLS1.2,True,19,False,,"49195,49199,49196,49200,52393,52392,49161,49171,49162,49172,156,157,47,53,49170,10,4865,4866,4867",ECDHE-ECDSA-AES128-GCM_ECDHE-RSA-AES128-GCM_ECDHE-ECDSA-AES256-GCM_ECDHE-RSA-AES256-GCM_ECDHE-ECDSA-CHACHA20_ECDHE-RSA-CHACHA20_49161_ECDHE-RSA-AES128-CBC_49162_ECDHE-RSA-AES256-CBC_RSA-AES128-GCM_RSA-AES256-GCM_RSA-AES128-CBC_RSA-AES256-CBC_49170_10_TLS_AES_128_GCM_SHA256_TLS_AES_256_GCM_SHA384_TLS_CHACHA20_POLY1305_SHA256,4,False,,"29,23,24,25",x25519_secp256r1_secp384r1_secp521r1,12,False,,"2052,1027,2055,2053,2054,1025,1281,1537,1283,1539,513,515",rsa_pss_rsae_sha256_ecdsa_secp256r1_sha256_2055_rsa_pss_rsae_sha384_rsa_pss_rsae_sha512_rsa_pkcs1_sha256_rsa_pkcs1_sha384_rsa_pkcs1_sha512_ecdsa_secp384r1_sha384_1539_513_ecdsa_sha1,False,t13d190900,9dc949149365,97f8aa674fd9,t,13,d,19,9,00,,,,,,,,,,,,,
trial-016,3a06db36-d61b-4175-b22c-15b2bb109c58,2026-05-02 08:56:07.379938002+00:00,205.172.168.145,GET,/s2-scroll-gate.html,HTTP/2.0,0.845,TLS 1.3,h2,TLS_AES_128_GCM_SHA256,uxbehaviorsuite.com,True,ac4e9067d08f9ffd78e00d70f11d0b0f,t13d1516h2_8daaf6152771_d8a2da3f94cd,"h2,http/1.1",h2,2,True,True,0.0,h2_first,"2570,772,771","TLS 1.3,TLS 1.2",2,True,True,True,False,0.0,TLS1.3+TLS1.2,True,15,True,0.0,"2570,4865,4866,4867,49195,49199,49196,49200,52393,52392,49171,49172,156,157,47,53",TLS_AES_128_GCM_SHA256_TLS_AES_256_GCM_SHA384_TLS_CHACHA20_POLY1305_SHA256_ECDHE-ECDSA-AES128-GCM_ECDHE-RSA-AES128-GCM_ECDHE-ECDSA-AES256-GCM_ECDHE-RSA-AES256-GCM_ECDHE-ECDSA-CHACHA20_ECDHE-RSA-CHACHA20_ECDHE-RSA-AES128-CBC_ECDHE-RSA-AES256-CBC_RSA-AES128-GCM_RSA-AES256-GCM_RSA-AES128-CBC_RSA-AES256-CBC,4,True,0.0,"2570,4588,29,23,24",X25519MLKEM768_x25519_secp256r1_secp384r1,8,False,,"1027,2052,1025,1283,2053,1281,2054,1537",ecdsa_secp256r1_sha256_rsa_pss_rsae_sha256_rsa_pkcs1_sha256_ecdsa_secp384r1_sha384_rsa_pss_rsae_sha384_rsa_pkcs1_sha384_rsa_pss_rsae_sha512_rsa_pkcs1_sha512,True,t13d1516h2,8daaf6152771,d8a2da3f94cd,t,13,d,15,16,h2,"1:65536;2:0;4:6291456;6:262144|15663105|1:1:0:256,3:1:0:220,5:1:0:256,7:1:5:110,9:1:5:110,11:1:9:110,13:1:0:256,15:1:13:110,17:1:15:110,19:1:17:110,21:1:0:256,23:1:21:110|m,a,s,p",1:65536;2:0;4:6291456;6:262144,15663105.0,"1:1:0:256,3:1:0:220,5:1:0:256,7:1:5:110,9:1:5:110,11:1:9:110,13:1:0:256,15:1:13:110,17:1:15:110,19:1:17:110,21:1:0:256,23:1:21:110","m,a,s,p",12.0,65536.0,0.0,,6291456.0,,262144.0,":method,:authority,:scheme,:path"
trial-016,ffde8270-33c3-4e32-a4d4-9f0a5f27d33b,2026-05-02 08:56:07.406331207+00:00,205.172.168.145,POST,/collect,HTTP/2.0,1.523,TLS 1.3,h2,TLS_AES_128_GCM_SHA256,uxbehaviorsuite.com,True,ac4e9067d08f9ffd78e00d70f11d0b0f,t13d1516h2_8daaf6152771_d8a2da3f94cd,"h2,http/1.1",h2,2,True,True,0.0,h2_first,"2570,772,771","TLS 1.3,TLS 1.2",2,True,True,True,False,0.0,TLS1.3+TLS1.2,True,15,True,0.0,"2570,4865,4866,4867,49195,49199,49196,49200,52393,52392,49171,49172,156,157,47,53",TLS_AES_128_GCM_SHA256_TLS_AES_256_GCM_SHA384_TLS_CHACHA20_POLY1305_SHA256_ECDHE-ECDSA-AES128-GCM_ECDHE-RSA-AES128-GCM_ECDHE-ECDSA-AES256-GCM_ECDHE-RSA-AES256-GCM_ECDHE-ECDSA-CHACHA20_ECDHE-RSA-CHACHA20_ECDHE-RSA-AES128-CBC_ECDHE-RSA-AES256-CBC_RSA-AES128-GCM_RSA-AES256-GCM_RSA-AES128-CBC_RSA-AES256-CBC,4,True,0.0,"2570,4588,29,23,24",X25519MLKEM768_x25519_secp256r1_secp384r1,8,False,,"1027,2052,1025,1283,2053,1281,2054,1537",ecdsa_secp256r1_sha256_rsa_pss_rsae_sha256_rsa_pkcs1_sha256_ecdsa_secp384r1_sha384_rsa_pss_rsae_sha384_rsa_pkcs1_sha384_rsa_pss_rsae_sha512_rsa_pkcs1_sha512,True,t13d1516h2,8daaf6152771,d8a2da3f94cd,t,13,d,15,16,h2,"1:65536;2:0;4:6291456;6:262144|15663105|1:1:0:256,3:1:0:220,5:1:0:256,7:1:5:110,9:1:5:110,11:1:9:110,13:1:0:256,15:1:13:110,17:1:15:110,19:1:17:110,21:1:0:256,23:1:21:110,25:1:23:110|m,a,s,p",1:65536;2:0;4:6291456;6:262144,15663105.0,"1:1:0:256,3:1:0:220,5:1:0:256,7:1:5:110,9:1:5:110,11:1:9:110,13:1:0:256,15:1:13:110,17:1:15:110,19:1:17:110,21:1:0:256,23:1:21:110,25:1:23:110","m,a,s,p",13.0,65536.0,0.0,,6291456.0,,262144.0,":method,:authority,:scheme,:path"
trial-016,b2ac15a1-acca-48da-ba54-c97979898602,2026-05-02 08:56:07.407886525+00:00,205.172.168.145,POST,/collect,HTTP/2.0,0.204,TLS 1.3,h2,TLS_AES_128_GCM_SHA256,uxbehaviorsuite.com,True,ac4e9067d08f9ffd78e00d70f11d0b0f,t13d1516h2_8daaf6152771_d8a2da3f94cd,"h2,http/1.1",h2,2,True,True,0.0,h2_first,"2570,772,771","TLS 1.3,TLS 1.2",2,True,True,True,False,0.0,TLS1.3+TLS1.2,True,15,True,0.0,"2570,4865,4866,4867,49195,49199,49196,49200,52393,52392,49171,49172,156,157,47,53",TLS_AES_128_GCM_SHA256_TLS_AES_256_GCM_SHA384_TLS_CHACHA20_POLY1305_SHA256_ECDHE-ECDSA-AES128-GCM_ECDHE-RSA-AES128-GCM_ECDHE-ECDSA-AES256-GCM_ECDHE-RSA-AES256-GCM_ECDHE-ECDSA-CHACHA20_ECDHE-RSA-CHACHA20_ECDHE-RSA-AES128-CBC_ECDHE-RSA-AES256-CBC_RSA-AES128-GCM_RSA-AES256-GCM_RSA-AES128-CBC_RSA-AES256-CBC,4,True,0.0,"2570,4588,29,23,24",X25519MLKEM768_x25519_secp256r1_secp384r1,8,False,,"1027,2052,1025,1283,2053,1281,2054,1537",ecdsa_secp256r1_sha256_rsa_pss_rsae_sha256_rsa_pkcs1_sha256_ecdsa_secp384r1_sha384_rsa_pss_rsae_sha384_rsa_pkcs1_sha384_rsa_pss_rsae_sha512_rsa_pkcs1_sha512,True,t13d1516h2,8daaf6152771,d8a2da3f94cd,t,13,d,15,16,h2,"1:65536;2:0;4:6291456;6:262144|15663105|1:1:0:256,3:1:0:220,5:1:0:256,7:1:5:110,9:1:5:110,11:1:9:110,13:1:0:256,15:1:13:110,17:1:15:110,19:1:17:110,21:1:0:256,23:1:21:110,25:1:23:110,27:1:25:110|m,a,s,p",1:65536;2:0;4:6291456;6:262144,15663105.0,"1:1:0:256,3:1:0:220,5:1:0:256,7:1:5:110,9:1:5:110,11:1:9:110,13:1:0:256,15:1:13:110,17:1:15:110,19:1:17:110,21:1:0:256,23:1:21:110,25:1:23:110,27:1:25:110","m,a,s,p",14.0,65536.0,0.0,,6291456.0,,262144.0,":method,:authority,:scheme,:path"
trial-016,eeed78ac-ad10-48c7-9add-ca4d112de935,2026-05-02 08:57:54.373242031+00:00,205.172.168.145,GET,/s3-hover-reveal.html,HTTP/2.0,0.545,TLS 1.3,h2,TLS_AES_128_GCM_SHA256,uxbehaviorsuite.com,True,ac4e9067d08f9ffd78e00d70f11d0b0f,t13d1516h2_8daaf6152771_d8a2da3f94cd,"h2,http/1.1",h2,2,True,True,0.0,h2_first,"2570,772,771","TLS 1.3,TLS 1.2",2,True,True,True,False,0.0,TLS1.3+TLS1.2,True,15,True,0.0,"2570,4865,4866,4867,49195,49199,49196,49200,52393,52392,49171,49172,156,157,47,53",TLS_AES_128_GCM_SHA256_TLS_AES_256_GCM_SHA384_TLS_CHACHA20_POLY1305_SHA256_ECDHE-ECDSA-AES128-GCM_ECDHE-RSA-AES128-GCM_ECDHE-ECDSA-AES256-GCM_ECDHE-RSA-AES256-GCM_ECDHE-ECDSA-CHACHA20_ECDHE-RSA-CHACHA20_ECDHE-RSA-AES128-CBC_ECDHE-RSA-AES256-CBC_RSA-AES128-GCM_RSA-AES256-GCM_RSA-AES128-CBC_RSA-AES256-CBC,4,True,0.0,"2570,4588,29,23,24",X25519MLKEM768_x25519_secp256r1_secp384r1,8,False,,"1027,2052,1025,1283,2053,1281,2054,1537",ecdsa_secp256r1_sha256_rsa_pss_rsae_sha256_rsa_pkcs1_sha256_ecdsa_secp384r1_sha384_rsa_pss_rsae_sha384_rsa_pkcs1_sha384_rsa_pss_rsae_sha512_rsa_pkcs1_sha512,True,t13d1516h2,8daaf6152771,d8a2da3f94cd,t,13,d,15,16,h2,"1:65536;2:0;4:6291456;6:262144|15663105|1:1:0:256,3:1:0:220,5:1:0:256,7:1:5:110,9:1:5:110,11:1:9:110,13:1:0:256,15:1:13:110,17:1:15:110,19:1:17:110,21:1:0:256,23:1:21:110,25:1:23:110,27:1:25:110,29:1:0:256|m,a,s,p",1:65536;2:0;4:6291456;6:262144,15663105.0,"1:1:0:256,3:1:0:220,5:1:0:256,7:1:5:110,9:1:5:110,11:1:9:110,13:1:0:256,15:1:13:110,17:1:15:110,19:1:17:110,21:1:0:256,23:1:21:110,25:1:23:110,27:1:25:110,29:1:0:256","m,a,s,p",15.0,65536.0,0.0,,6291456.0,,262144.0,":method,:authority,:scheme,:path"
trial-016,76f20ee0-d568-4335-9061-216d1c0b75d7,2026-05-02 08:57:54.373720635+00:00,205.172.168.145,POST,/collect,HTTP/2.0,0.399,TLS 1.3,h2,TLS_AES_128_GCM_SHA256,uxbehaviorsuite.com,True,ac4e9067d08f9ffd78e00d70f11d0b0f,t13d1516h2_8daaf6152771_d8a2da3f94cd,"h2,http/1.1",h2,2,True,True,0.0,h2_first,"2570,772,771","TLS 1.3,TLS 1.2",2,True,True,True,False,0.0,TLS1.3+TLS1.2,True,15,True,0.0,"2570,4865,4866,4867,49195,49199,49196,49200,52393,52392,49171,49172,156,157,47,53",TLS_AES_128_GCM_SHA256_TLS_AES_256_GCM_SHA384_TLS_CHACHA20_POLY1305_SHA256_ECDHE-ECDSA-AES128-GCM_ECDHE-RSA-AES128-GCM_ECDHE-ECDSA-AES256-GCM_ECDHE-RSA-AES256-GCM_ECDHE-ECDSA-CHACHA20_ECDHE-RSA-CHACHA20_ECDHE-RSA-AES128-CBC_ECDHE-RSA-AES256-CBC_RSA-AES128-GCM_RSA-AES256-GCM_RSA-AES128-CBC_RSA-AES256-CBC,4,True,0.0,"2570,4588,29,23,24",X25519MLKEM768_x25519_secp256r1_secp384r1,8,False,,"1027,2052,1025,1283,2053,1281,2054,1537",ecdsa_secp256r1_sha256_rsa_pss_rsae_sha256_rsa_pkcs1_sha256_ecdsa_secp384r1_sha384_rsa_pss_rsae_sha384_rsa_pkcs1_sha384_rsa_pss_rsae_sha512_rsa_pkcs1_sha512,True,t13d1516h2,8daaf6152771,d8a2da3f94cd,t,13,d,15,16,h2,"1:65536;2:0;4:6291456;6:262144|15663105|1:1:0:256,3:1:0:220,5:1:0:256,7:1:5:110,9:1:5:110,11:1:9:110,13:1:0:256,15:1:13:110,17:1:15:110,19:1:17:110,21:1:0:256,23:1:21:110,25:1:23:110,27:1:25:110,29:1:0:256,31:1:29:110|m,a,s,p",1:65536;2:0;4:6291456;6:262144,15663105.0,"1:1:0:256,3:1:0:220,5:1:0:256,7:1:5:110,9:1:5:110,11:1:9:110,13:1:0:256,15:1:13:110,17:1:15:110,19:1:17:110,21:1:0:256,23:1:21:110,25:1:23:110,27:1:25:110,29:1:0:256,31:1:29:110","m,a,s,p",16.0,65536.0,0.0,,6291456.0,,262144.0,":method,:authority,:scheme,:path"
trial-016,0336ac68-b059-4de6-8fb4-cf1ff2a89d00,2026-05-02 08:57:54.393442047+00:00,205.172.168.145,POST,/collect,HTTP/2.0,0.787,TLS 1.3,h2,TLS_AES_128_GCM_SHA256,uxbehaviorsuite.com,True,ac4e9067d08f9ffd78e00d70f11d0b0f,t13d1516h2_8daaf6152771_d8a2da3f94cd,"h2,http/1.1",h2,2,True,True,0.0,h2_first,"2570,772,771","TLS 1.3,TLS 1.2",2,True,True,True,False,0.0,TLS1.3+TLS1.2,True,15,True,0.0,"2570,4865,4866,4867,49195,49199,49196,49200,52393,52392,49171,49172,156,157,47,53",TLS_AES_128_GCM_SHA256_TLS_AES_256_GCM_SHA384_TLS_CHACHA20_POLY1305_SHA256_ECDHE-ECDSA-AES128-GCM_ECDHE-RSA-AES128-GCM_ECDHE-ECDSA-AES256-GCM_ECDHE-RSA-AES256-GCM_ECDHE-ECDSA-CHACHA20_ECDHE-RSA-CHACHA20_ECDHE-RSA-AES128-CBC_ECDHE-RSA-AES256-CBC_RSA-AES128-GCM_RSA-AES256-GCM_RSA-AES128-CBC_RSA-AES256-CBC,4,True,0.0,"2570,4588,29,23,24",X25519MLKEM768_x25519_secp256r1_secp384r1,8,False,,"1027,2052,1025,1283,2053,1281,2054,1537",ecdsa_secp256r1_sha256_rsa_pss_rsae_sha256_rsa_pkcs1_sha256_ecdsa_secp384r1_sha384_rsa_pss_rsae_sha384_rsa_pkcs1_sha384_rsa_pss_rsae_sha512_rsa_pkcs1_sha512,True,t13d1516h2,8daaf6152771,d8a2da3f94cd,t,13,d,15,16,h2,"1:65536;2:0;4:6291456;6:262144|15663105|1:1:0:256,3:1:0:220,5:1:0:256,7:1:5:110,9:1:5:110,11:1:9:110,13:1:0:256,15:1:13:110,17:1:15:110,19:1:17:110,21:1:0:256,23:1:21:110,25:1:23:110,27:1:25:110,29:1:0:256,31:1:29:110,33:1:31:110|m,a,s,p",1:65536;2:0;4:6291456;6:262144,15663105.0,"1:1:0:256,3:1:0:220,5:1:0:256,7:1:5:110,9:1:5:110,11:1:9:110,13:1:0:256,15:1:13:110,17:1:15:110,19:1:17:110,21:1:0:256,23:1:21:110,25:1:23:110,27:1:25:110,29:1:0:256,31:1:29:110,33:1:31:110","m,a,s,p",17.0,65536.0,0.0,,6291456.0,,262144.0,":method,:authority,:scheme,:path"
trial-016,e3463eef-0f7a-4afc-b211-86a6eee4eec4,2026-05-02 08:57:54.395037683+00:00,205.172.168.145,POST,/collect,HTTP/2.0,0.225,TLS 1.3,h2,TLS_AES_128_GCM_SHA256,uxbehaviorsuite.com,True,ac4e9067d08f9ffd78e00d70f11d0b0f,t13d1516h2_8daaf6152771_d8a2da3f94cd,"h2,http/1.1",h2,2,True,True,0.0,h2_first,"2570,772,771","TLS 1.3,TLS 1.2",2,True,True,True,False,0.0,TLS1.3+TLS1.2,True,15,True,0.0,"2570,4865,4866,4867,49195,49199,49196,49200,52393,52392,49171,49172,156,157,47,53",TLS_AES_128_GCM_SHA256_TLS_AES_256_GCM_SHA384_TLS_CHACHA20_POLY1305_SHA256_ECDHE-ECDSA-AES128-GCM_ECDHE-RSA-AES128-GCM_ECDHE-ECDSA-AES256-GCM_ECDHE-RSA-AES256-GCM_ECDHE-ECDSA-CHACHA20_ECDHE-RSA-CHACHA20_ECDHE-RSA-AES128-CBC_ECDHE-RSA-AES256-CBC_RSA-AES128-GCM_RSA-AES256-GCM_RSA-AES128-CBC_RSA-AES256-CBC,4,True,0.0,"2570,4588,29,23,24",X25519MLKEM768_x25519_secp256r1_secp384r1,8,False,,"1027,2052,1025,1283,2053,1281,2054,1537",ecdsa_secp256r1_sha256_rsa_pss_rsae_sha256_rsa_pkcs1_sha256_ecdsa_secp384r1_sha384_rsa_pss_rsae_sha384_rsa_pkcs1_sha384_rsa_pss_rsae_sha512_rsa_pkcs1_sha512,True,t13d1516h2,8daaf6152771,d8a2da3f94cd,t,13,d,15,16,h2,"1:65536;2:0;4:6291456;6:262144|15663105|1:1:0:256,3:1:0:220,5:1:0:256,7:1:5:110,9:1:5:110,11:1:9:110,13:1:0:256,15:1:13:110,17:1:15:110,19:1:17:110,21:1:0:256,23:1:21:110,25:1:23:110,27:1:25:110,29:1:0:256,31:1:29:110,33:1:31:110,35:1:33:110|m,a,s,p",1:65536;2:0;4:6291456;6:262144,15663105.0,"1:1:0:256,3:1:0:220,5:1:0:256,7:1:5:110,9:1:5:110,11:1:9:110,13:1:0:256,15:1:13:110,17:1:15:110,19:1:17:110,21:1:0:256,23:1:21:110,25:1:23:110,27:1:25:110,29:1:0:256,31:1:29:110,33:1:31:110,35:1:33:110","m,a,s,p",18.0,65536.0,0.0,,6291456.0,,262144.0,":method,:authority,:scheme,:path"
trial-016,c6266bd2-57c3-49bf-ab46-29a0fb0053e4,2026-05-02 08:59:44.669877438+00:00,205.172.168.145,GET,/s4-dom-mismatch.html,HTTP/2.0,0.512,TLS 1.3,h2,TLS_AES_128_GCM_SHA256,uxbehaviorsuite.com,True,ac4e9067d08f9ffd78e00d70f11d0b0f,t13d1516h2_8daaf6152771_d8a2da3f94cd,"h2,http/1.1",h2,2,True,True,0.0,h2_first,"2570,772,771","TLS 1.3,TLS 1.2",2,True,True,True,False,0.0,TLS1.3+TLS1.2,True,15,True,0.0,"2570,4865,4866,4867,49195,49199,49196,49200,52393,52392,49171,49172,156,157,47,53",TLS_AES_128_GCM_SHA256_TLS_AES_256_GCM_SHA384_TLS_CHACHA20_POLY1305_SHA256_ECDHE-ECDSA-AES128-GCM_ECDHE-RSA-AES128-GCM_ECDHE-ECDSA-AES256-GCM_ECDHE-RSA-AES256-GCM_ECDHE-ECDSA-CHACHA20_ECDHE-RSA-CHACHA20_ECDHE-RSA-AES128-CBC_ECDHE-RSA-AES256-CBC_RSA-AES128-GCM_RSA-AES256-GCM_RSA-AES128-CBC_RSA-AES256-CBC,4,True,0.0,"2570,4588,29,23,24",X25519MLKEM768_x25519_secp256r1_secp384r1,8,False,,"1027,2052,1025,1283,2053,1281,2054,1537",ecdsa_secp256r1_sha256_rsa_pss_rsae_sha256_rsa_pkcs1_sha256_ecdsa_secp384r1_sha384_rsa_pss_rsae_sha384_rsa_pkcs1_sha384_rsa_pss_rsae_sha512_rsa_pkcs1_sha512,True,t13d1516h2,8daaf6152771,d8a2da3f94cd,t,13,d,15,16,h2,"1:65536;2:0;4:6291456;6:262144|15663105|1:1:0:256,3:1:0:220,5:1:0:256,7:1:5:110,9:1:5:110,11:1:9:110,13:1:0:256,15:1:13:110,17:1:15:110,19:1:17:110,21:1:0:256,23:1:21:110,25:1:23:110,27:1:25:110,29:1:0:256,31:1:29:110,33:1:31:110,35:1:33:110,37:1:0:256,39:1:37:110|m,a,s,p",1:65536;2:0;4:6291456;6:262144,15663105.0,"1:1:0:256,3:1:0:220,5:1:0:256,7:1:5:110,9:1:5:110,11:1:9:110,13:1:0:256,15:1:13:110,17:1:15:110,19:1:17:110,21:1:0:256,23:1:21:110,25:1:23:110,27:1:25:110,29:1:0:256,31:1:29:110,33:1:31:110,35:1:33:110,37:1:0:256,39:1:37:110","m,a,s,p",20.0,65536.0,0.0,,6291456.0,,262144.0,":method,:authority,:scheme,:path"
trial-016,e9d1c53e-2ae4-4fbd-84fd-b406adc4ebe2,2026-05-02 08:59:44.669961569+00:00,205.172.168.145,POST,/collect,HTTP/2.0,0.397,TLS 1.3,h2,TLS_AES_128_GCM_SHA256,uxbehaviorsuite.com,True,ac4e9067d08f9ffd78e00d70f11d0b0f,t13d1516h2_8daaf6152771_d8a2da3f94cd,"h2,http/1.1",h2,2,True,True,0.0,h2_first,"2570,772,771","TLS 1.3,TLS 1.2",2,True,True,True,False,0.0,TLS1.3+TLS1.2,True,15,True,0.0,"2570,4865,4866,4867,49195,49199,49196,49200,52393,52392,49171,49172,156,157,47,53",TLS_AES_128_GCM_SHA256_TLS_AES_256_GCM_SHA384_TLS_CHACHA20_POLY1305_SHA256_ECDHE-ECDSA-AES128-GCM_ECDHE-RSA-AES128-GCM_ECDHE-ECDSA-AES256-GCM_ECDHE-RSA-AES256-GCM_ECDHE-ECDSA-CHACHA20_ECDHE-RSA-CHACHA20_ECDHE-RSA-AES128-CBC_ECDHE-RSA-AES256-CBC_RSA-AES128-GCM_RSA-AES256-GCM_RSA-AES128-CBC_RSA-AES256-CBC,4,True,0.0,"2570,4588,29,23,24",X25519MLKEM768_x25519_secp256r1_secp384r1,8,False,,"1027,2052,1025,1283,2053,1281,2054,1537",ecdsa_secp256r1_sha256_rsa_pss_rsae_sha256_rsa_pkcs1_sha256_ecdsa_secp384r1_sha384_rsa_pss_rsae_sha384_rsa_pkcs1_sha384_rsa_pss_rsae_sha512_rsa_pkcs1_sha512,True,t13d1516h2,8daaf6152771,d8a2da3f94cd,t,13,d,15,16,h2,"1:65536;2:0;4:6291456;6:262144|15663105|1:1:0:256,3:1:0:220,5:1:0:256,7:1:5:110,9:1:5:110,11:1:9:110,13:1:0:256,15:1:13:110,17:1:15:110,19:1:17:110,21:1:0:256,23:1:21:110,25:1:23:110,27:1:25:110,29:1:0:256,31:1:29:110,33:1:31:110,35:1:33:110,37:1:0:256,39:1:37:110|m,a,s,p",1:65536;2:0;4:6291456;6:262144,15663105.0,"1:1:0:256,3:1:0:220,5:1:0:256,7:1:5:110,9:1:5:110,11:1:9:110,13:1:0:256,15:1:13:110,17:1:15:110,19:1:17:110,21:1:0:256,23:1:21:110,25:1:23:110,27:1:25:110,29:1:0:256,31:1:29:110,33:1:31:110,35:1:33:110,37:1:0:256,39:1:37:110","m,a,s,p",20.0,65536.0,0.0,,6291456.0,,262144.0,":method,:authority,:scheme,:path"
trial-016,e2eddadf-9f2f-49b0-80de-5c0f134d9669,2026-05-02 08:59:44.692559244+00:00,205.172.168.145,POST,/collect,HTTP/2.0,0.38,TLS 1.3,h2,TLS_AES_128_GCM_SHA256,uxbehaviorsuite.com,True,ac4e9067d08f9ffd78e00d70f11d0b0f,t13d1516h2_8daaf6152771_d8a2da3f94cd,"h2,http/1.1",h2,2,True,True,0.0,h2_first,"2570,772,771","TLS 1.3,TLS 1.2",2,True,True,True,False,0.0,TLS1.3+TLS1.2,True,15,True,0.0,"2570,4865,4866,4867,49195,49199,49196,49200,52393,52392,49171,49172,156,157,47,53",TLS_AES_128_GCM_SHA256_TLS_AES_256_GCM_SHA384_TLS_CHACHA20_POLY1305_SHA256_ECDHE-ECDSA-AES128-GCM_ECDHE-RSA-AES128-GCM_ECDHE-ECDSA-AES256-GCM_ECDHE-RSA-AES256-GCM_ECDHE-ECDSA-CHACHA20_ECDHE-RSA-CHACHA20_ECDHE-RSA-AES128-CBC_ECDHE-RSA-AES256-CBC_RSA-AES128-GCM_RSA-AES256-GCM_RSA-AES128-CBC_RSA-AES256-CBC,4,True,0.0,"2570,4588,29,23,24",X25519MLKEM768_x25519_secp256r1_secp384r1,8,False,,"1027,2052,1025,1283,2053,1281,2054,1537",ecdsa_secp256r1_sha256_rsa_pss_rsae_sha256_rsa_pkcs1_sha256_ecdsa_secp384r1_sha384_rsa_pss_rsae_sha384_rsa_pkcs1_sha384_rsa_pss_rsae_sha512_rsa_pkcs1_sha512,True,t13d1516h2,8daaf6152771,d8a2da3f94cd,t,13,d,15,16,h2,"1:65536;2:0;4:6291456;6:262144|15663105|1:1:0:256,3:1:0:220,5:1:0:256,7:1:5:110,9:1:5:110,11:1:9:110,13:1:0:256,15:1:13:110,17:1:15:110,19:1:17:110,21:1:0:256,23:1:21:110,25:1:23:110,27:1:25:110,29:1:0:256,31:1:29:110,33:1:31:110,35:1:33:110,37:1:0:256,39:1:37:110,41:1:39:110,43:1:41:110|m,a,s,p",1:65536;2:0;4:6291456;6:262144,15663105.0,"1:1:0:256,3:1:0:220,5:1:0:256,7:1:5:110,9:1:5:110,11:1:9:110,13:1:0:256,15:1:13:110,17:1:15:110,19:1:17:110,21:1:0:256,23:1:21:110,25:1:23:110,27:1:25:110,29:1:0:256,31:1:29:110,33:1:31:110,35:1:33:110,37:1:0:256,39:1:37:110,41:1:39:110,43:1:41:110","m,a,s,p",22.0,65536.0,0.0,,6291456.0,,262144.0,":method,:authority,:scheme,:path"
trial-016,bc2b1d66-161d-4382-a1a9-eb4bc9ee7b47,2026-05-02 08:59:44.692660120+00:00,205.172.168.145,POST,/collect,HTTP/2.0,0.543,TLS 1.3,h2,TLS_AES_128_GCM_SHA256,uxbehaviorsuite.com,True,ac4e9067d08f9ffd78e00d70f11d0b0f,t13d1516h2_8daaf6152771_d8a2da3f94cd,"h2,http/1.1",h2,2,True,True,0.0,h2_first,"2570,772,771","TLS 1.3,TLS 1.2",2,True,True,True,False,0.0,TLS1.3+TLS1.2,True,15,True,0.0,"2570,4865,4866,4867,49195,49199,49196,49200,52393,52392,49171,49172,156,157,47,53",TLS_AES_128_GCM_SHA256_TLS_AES_256_GCM_SHA384_TLS_CHACHA20_POLY1305_SHA256_ECDHE-ECDSA-AES128-GCM_ECDHE-RSA-AES128-GCM_ECDHE-ECDSA-AES256-GCM_ECDHE-RSA-AES256-GCM_ECDHE-ECDSA-CHACHA20_ECDHE-RSA-CHACHA20_ECDHE-RSA-AES128-CBC_ECDHE-RSA-AES256-CBC_RSA-AES128-GCM_RSA-AES256-GCM_RSA-AES128-CBC_RSA-AES256-CBC,4,True,0.0,"2570,4588,29,23,24",X25519MLKEM768_x25519_secp256r1_secp384r1,8,False,,"1027,2052,1025,1283,2053,1281,2054,1537",ecdsa_secp256r1_sha256_rsa_pss_rsae_sha256_rsa_pkcs1_sha256_ecdsa_secp384r1_sha384_rsa_pss_rsae_sha384_rsa_pkcs1_sha384_rsa_pss_rsae_sha512_rsa_pkcs1_sha512,True,t13d1516h2,8daaf6152771,d8a2da3f94cd,t,13,d,15,16,h2,"1:65536;2:0;4:6291456;6:262144|15663105|1:1:0:256,3:1:0:220,5:1:0:256,7:1:5:110,9:1:5:110,11:1:9:110,13:1:0:256,15:1:13:110,17:1:15:110,19:1:17:110,21:1:0:256,23:1:21:110,25:1:23:110,27:1:25:110,29:1:0:256,31:1:29:110,33:1:31:110,35:1:33:110,37:1:0:256,39:1:37:110,41:1:39:110,43:1:41:110|m,a,s,p",1:65536;2:0;4:6291456;6:262144,15663105.0,"1:1:0:256,3:1:0:220,5:1:0:256,7:1:5:110,9:1:5:110,11:1:9:110,13:1:0:256,15:1:13:110,17:1:15:110,19:1:17:110,21:1:0:256,23:1:21:110,25:1:23:110,27:1:25:110,29:1:0:256,31:1:29:110,33:1:31:110,35:1:33:110,37:1:0:256,39:1:37:110,41:1:39:110,43:1:41:110","m,a,s,p",22.0,65536.0,0.0,,6291456.0,,262144.0,":method,:authority,:scheme,:path"
trial-016,c20de4bc-94f6-4152-b6b3-0dd22a0eedc5,2026-05-02 09:01:02.085233008+00:00,205.172.168.145,GET,/s5-delayed-feedback.html,HTTP/2.0,0.81,TLS 1.3,h2,TLS_AES_128_GCM_SHA256,uxbehaviorsuite.com,True,ac4e9067d08f9ffd78e00d70f11d0b0f,t13d1516h2_8daaf6152771_d8a2da3f94cd,"h2,http/1.1",h2,2,True,True,0.0,h2_first,"2570,772,771","TLS 1.3,TLS 1.2",2,True,True,True,False,0.0,TLS1.3+TLS1.2,True,15,True,0.0,"2570,4865,4866,4867,49195,49199,49196,49200,52393,52392,49171,49172,156,157,47,53",TLS_AES_128_GCM_SHA256_TLS_AES_256_GCM_SHA384_TLS_CHACHA20_POLY1305_SHA256_ECDHE-ECDSA-AES128-GCM_ECDHE-RSA-AES128-GCM_ECDHE-ECDSA-AES256-GCM_ECDHE-RSA-AES256-GCM_ECDHE-ECDSA-CHACHA20_ECDHE-RSA-CHACHA20_ECDHE-RSA-AES128-CBC_ECDHE-RSA-AES256-CBC_RSA-AES128-GCM_RSA-AES256-GCM_RSA-AES128-CBC_RSA-AES256-CBC,4,True,0.0,"2570,4588,29,23,24",X25519MLKEM768_x25519_secp256r1_secp384r1,8,False,,"1027,2052,1025,1283,2053,1281,2054,1537",ecdsa_secp256r1_sha256_rsa_pss_rsae_sha256_rsa_pkcs1_sha256_ecdsa_secp384r1_sha384_rsa_pss_rsae_sha384_rsa_pkcs1_sha384_rsa_pss_rsae_sha512_rsa_pkcs1_sha512,True,t13d1516h2,8daaf6152771,d8a2da3f94cd,t,13,d,15,16,h2,"1:65536;2:0;4:6291456;6:262144|15663105|1:1:0:256,3:1:0:220,5:1:0:256,7:1:5:110,9:1:5:110,11:1:9:110,13:1:0:256,15:1:13:110,17:1:15:110,19:1:17:110,21:1:0:256,23:1:21:110,25:1:23:110,27:1:25:110,29:1:0:256,31:1:29:110,33:1:31:110,35:1:33:110,37:1:0:256,39:1:37:110,41:1:39:110,43:1:41:110,45:1:0:256|m,a,s,p",1:65536;2:0;4:6291456;6:262144,15663105.0,"1:1:0:256,3:1:0:220,5:1:0:256,7:1:5:110,9:1:5:110,11:1:9:110,13:1:0:256,15:1:13:110,17:1:15:110,19:1:17:110,21:1:0:256,23:1:21:110,25:1:23:110,27:1:25:110,29:1:0:256,31:1:29:110,33:1:31:110,35:1:33:110,37:1:0:256,39:1:37:110,41:1:39:110,43:1:41:110,45:1:0:256","m,a,s,p",23.0,65536.0,0.0,,6291456.0,,262144.0,":method,:authority,:scheme,:path"
trial-016,2e5f9875-f0d7-4d88-8246-346fdbb8f133,2026-05-02 09:01:02.085885198+00:00,205.172.168.145,POST,/collect,HTTP/2.0,0.586,TLS 1.3,h2,TLS_AES_128_GCM_SHA256,uxbehaviorsuite.com,True,ac4e9067d08f9ffd78e00d70f11d0b0f,t13d1516h2_8daaf6152771_d8a2da3f94cd,"h2,http/1.1",h2,2,True,True,0.0,h2_first,"2570,772,771","TLS 1.3,TLS 1.2",2,True,True,True,False,0.0,TLS1.3+TLS1.2,True,15,True,0.0,"2570,4865,4866,4867,49195,49199,49196,49200,52393,52392,49171,49172,156,157,47,53",TLS_AES_128_GCM_SHA256_TLS_AES_256_GCM_SHA384_TLS_CHACHA20_POLY1305_SHA256_ECDHE-ECDSA-AES128-GCM_ECDHE-RSA-AES128-GCM_ECDHE-ECDSA-AES256-GCM_ECDHE-RSA-AES256-GCM_ECDHE-ECDSA-CHACHA20_ECDHE-RSA-CHACHA20_ECDHE-RSA-AES128-CBC_ECDHE-RSA-AES256-CBC_RSA-AES128-GCM_RSA-AES256-GCM_RSA-AES128-CBC_RSA-AES256-CBC,4,True,0.0,"2570,4588,29,23,24",X25519MLKEM768_x25519_secp256r1_secp384r1,8,False,,"1027,2052,1025,1283,2053,1281,2054,1537",ecdsa_secp256r1_sha256_rsa_pss_rsae_sha256_rsa_pkcs1_sha256_ecdsa_secp384r1_sha384_rsa_pss_rsae_sha384_rsa_pkcs1_sha384_rsa_pss_rsae_sha512_rsa_pkcs1_sha512,True,t13d1516h2,8daaf6152771,d8a2da3f94cd,t,13,d,15,16,h2,"1:65536;2:0;4:6291456;6:262144|15663105|1:1:0:256,3:1:0:220,5:1:0:256,7:1:5:110,9:1:5:110,11:1:9:110,13:1:0:256,15:1:13:110,17:1:15:110,19:1:17:110,21:1:0:256,23:1:21:110,25:1:23:110,27:1:25:110,29:1:0:256,31:1:29:110,33:1:31:110,35:1:33:110,37:1:0:256,39:1:37:110,41:1:39:110,43:1:41:110,45:1:0:256,47:1:45:110|m,a,s,p",1:65536;2:0;4:6291456;6:262144,15663105.0,"1:1:0:256,3:1:0:220,5:1:0:256,7:1:5:110,9:1:5:110,11:1:9:110,13:1:0:256,15:1:13:110,17:1:15:110,19:1:17:110,21:1:0:256,23:1:21:110,25:1:23:110,27:1:25:110,29:1:0:256,31:1:29:110,33:1:31:110,35:1:33:110,37:1:0:256,39:1:37:110,41:1:39:110,43:1:41:110,45:1:0:256,47:1:45:110","m,a,s,p",24.0,65536.0,0.0,,6291456.0,,262144.0,":method,:authority,:scheme,:path"
trial-016,b10c9f58-9f3e-4702-9e03-8edb79322837,2026-05-02 09:01:02.110361755+00:00,205.172.168.145,POST,/collect,HTTP/2.0,0.398,TLS 1.3,h2,TLS_AES_128_GCM_SHA256,uxbehaviorsuite.com,True,ac4e9067d08f9ffd78e00d70f11d0b0f,t13d1516h2_8daaf6152771_d8a2da3f94cd,"h2,http/1.1",h2,2,True,True,0.0,h2_first,"2570,772,771","TLS 1.3,TLS 1.2",2,True,True,True,False,0.0,TLS1.3+TLS1.2,True,15,True,0.0,"2570,4865,4866,4867,49195,49199,49196,49200,52393,52392,49171,49172,156,157,47,53",TLS_AES_128_GCM_SHA256_TLS_AES_256_GCM_SHA384_TLS_CHACHA20_POLY1305_SHA256_ECDHE-ECDSA-AES128-GCM_ECDHE-RSA-AES128-GCM_ECDHE-ECDSA-AES256-GCM_ECDHE-RSA-AES256-GCM_ECDHE-ECDSA-CHACHA20_ECDHE-RSA-CHACHA20_ECDHE-RSA-AES128-CBC_ECDHE-RSA-AES256-CBC_RSA-AES128-GCM_RSA-AES256-GCM_RSA-AES128-CBC_RSA-AES256-CBC,4,True,0.0,"2570,4588,29,23,24",X25519MLKEM768_x25519_secp256r1_secp384r1,8,False,,"1027,2052,1025,1283,2053,1281,2054,1537",ecdsa_secp256r1_sha256_rsa_pss_rsae_sha256_rsa_pkcs1_sha256_ecdsa_secp384r1_sha384_rsa_pss_rsae_sha384_rsa_pkcs1_sha384_rsa_pss_rsae_sha512_rsa_pkcs1_sha512,True,t13d1516h2,8daaf6152771,d8a2da3f94cd,t,13,d,15,16,h2,"1:65536;2:0;4:6291456;6:262144|15663105|1:1:0:256,3:1:0:220,5:1:0:256,7:1:5:110,9:1:5:110,11:1:9:110,13:1:0:256,15:1:13:110,17:1:15:110,19:1:17:110,21:1:0:256,23:1:21:110,25:1:23:110,27:1:25:110,29:1:0:256,31:1:29:110,33:1:31:110,35:1:33:110,37:1:0:256,39:1:37:110,41:1:39:110,43:1:41:110,45:1:0:256,47:1:45:110,49:1:47:110|m,a,s,p",1:65536;2:0;4:6291456;6:262144,15663105.0,"1:1:0:256,3:1:0:220,5:1:0:256,7:1:5:110,9:1:5:110,11:1:9:110,13:1:0:256,15:1:13:110,17:1:15:110,19:1:17:110,21:1:0:256,23:1:21:110,25:1:23:110,27:1:25:110,29:1:0:256,31:1:29:110,33:1:31:110,35:1:33:110,37:1:0:256,39:1:37:110,41:1:39:110,43:1:41:110,45:1:0:256,47:1:45:110,49:1:47:110","m,a,s,p",25.0,65536.0,0.0,,6291456.0,,262144.0,":method,:authority,:scheme,:path"
trial-016,0c24ffc6-3ca0-4323-803d-e66bdfc25206,2026-05-02 09:01:02.110604261+00:00,205.172.168.145,POST,/collect,HTTP/2.0,0.215,TLS 1.3,h2,TLS_AES_128_GCM_SHA256,uxbehaviorsuite.com,True,ac4e9067d08f9ffd78e00d70f11d0b0f,t13d1516h2_8daaf6152771_d8a2da3f94cd,"h2,http/1.1",h2,2,True,True,0.0,h2_first,"2570,772,771","TLS 1.3,TLS 1.2",2,True,True,True,False,0.0,TLS1.3+TLS1.2,True,15,True,0.0,"2570,4865,4866,4867,49195,49199,49196,49200,52393,52392,49171,49172,156,157,47,53",TLS_AES_128_GCM_SHA256_TLS_AES_256_GCM_SHA384_TLS_CHACHA20_POLY1305_SHA256_ECDHE-ECDSA-AES128-GCM_ECDHE-RSA-AES128-GCM_ECDHE-ECDSA-AES256-GCM_ECDHE-RSA-AES256-GCM_ECDHE-ECDSA-CHACHA20_ECDHE-RSA-CHACHA20_ECDHE-RSA-AES128-CBC_ECDHE-RSA-AES256-CBC_RSA-AES128-GCM_RSA-AES256-GCM_RSA-AES128-CBC_RSA-AES256-CBC,4,True,0.0,"2570,4588,29,23,24",X25519MLKEM768_x25519_secp256r1_secp384r1,8,False,,"1027,2052,1025,1283,2053,1281,2054,1537",ecdsa_secp256r1_sha256_rsa_pss_rsae_sha256_rsa_pkcs1_sha256_ecdsa_secp384r1_sha384_rsa_pss_rsae_sha384_rsa_pkcs1_sha384_rsa_pss_rsae_sha512_rsa_pkcs1_sha512,True,t13d1516h2,8daaf6152771,d8a2da3f94cd,t,13,d,15,16,h2,"1:65536;2:0;4:6291456;6:262144|15663105|1:1:0:256,3:1:0:220,5:1:0:256,7:1:5:110,9:1:5:110,11:1:9:110,13:1:0:256,15:1:13:110,17:1:15:110,19:1:17:110,21:1:0:256,23:1:21:110,25:1:23:110,27:1:25:110,29:1:0:256,31:1:29:110,33:1:31:110,35:1:33:110,37:1:0:256,39:1:37:110,41:1:39:110,43:1:41:110,45:1:0:256,47:1:45:110,49:1:47:110,51:1:49:110|m,a,s,p",1:65536;2:0;4:6291456;6:262144,15663105.0,"1:1:0:256,3:1:0:220,5:1:0:256,7:1:5:110,9:1:5:110,11:1:9:110,13:1:0:256,15:1:13:110,17:1:15:110,19:1:17:110,21:1:0:256,23:1:21:110,25:1:23:110,27:1:25:110,29:1:0:256,31:1:29:110,33:1:31:110,35:1:33:110,37:1:0:256,39:1:37:110,41:1:39:110,43:1:41:110,45:1:0:256,47:1:45:110,49:1:47:110,51:1:49:110","m,a,s,p",26.0,65536.0,0.0,,6291456.0,,262144.0,":method,:authority,:scheme,:path"
trial-017,487b729c-addf-499d-acd9-9535b3d02793,2026-05-02 09:17:50.579547454+00:00,205.172.168.145,GET,/subscribe-v1.html,HTTP/2.0,0.424,TLS 1.3,h2,TLS_AES_128_GCM_SHA256,uxbehaviorsuite.com,True,515de6ac5655f4e1a804c1089ad1dca7,t13d1516h2_8daaf6152771_d8a2da3f94cd,"h2,http/1.1",h2,2,True,True,0.0,h2_first,"2570,772,771","TLS 1.3,TLS 1.2",2,True,True,True,False,0.0,TLS1.3+TLS1.2,True,15,True,0.0,"2570,4865,4866,4867,49195,49199,49196,49200,52393,52392,49171,49172,156,157,47,53",TLS_AES_128_GCM_SHA256_TLS_AES_256_GCM_SHA384_TLS_CHACHA20_POLY1305_SHA256_ECDHE-ECDSA-AES128-GCM_ECDHE-RSA-AES128-GCM_ECDHE-ECDSA-AES256-GCM_ECDHE-RSA-AES256-GCM_ECDHE-ECDSA-CHACHA20_ECDHE-RSA-CHACHA20_ECDHE-RSA-AES128-CBC_ECDHE-RSA-AES256-CBC_RSA-AES128-GCM_RSA-AES256-GCM_RSA-AES128-CBC_RSA-AES256-CBC,4,True,0.0,"2570,4588,29,23,24",X25519MLKEM768_x25519_secp256r1_secp384r1,8,False,,"1027,2052,1025,1283,2053,1281,2054,1537",ecdsa_secp256r1_sha256_rsa_pss_rsae_sha256_rsa_pkcs1_sha256_ecdsa_secp384r1_sha384_rsa_pss_rsae_sha384_rsa_pkcs1_sha384_rsa_pss_rsae_sha512_rsa_pkcs1_sha512,True,t13d1516h2,8daaf6152771,d8a2da3f94cd,t,13,d,15,16,h2,"1:65536;2:0;4:6291456;6:262144|15663105|1:1:0:256|m,a,s,p",1:65536;2:0;4:6291456;6:262144,15663105.0,1:1:0:256,"m,a,s,p",1.0,65536.0,0.0,,6291456.0,,262144.0,":method,:authority,:scheme,:path"
trial-017,ff4e0e90-5295-496a-929e-87e93f173ec2,2026-05-02 09:17:50.611234656+00:00,205.172.168.145,GET,/logger.js,HTTP/2.0,0.431,TLS 1.3,h2,TLS_AES_128_GCM_SHA256,uxbehaviorsuite.com,True,515de6ac5655f4e1a804c1089ad1dca7,t13d1516h2_8daaf6152771_d8a2da3f94cd,"h2,http/1.1",h2,2,True,True,0.0,h2_first,"2570,772,771","TLS 1.3,TLS 1.2",2,True,True,True,False,0.0,TLS1.3+TLS1.2,True,15,True,0.0,"2570,4865,4866,4867,49195,49199,49196,49200,52393,52392,49171,49172,156,157,47,53",TLS_AES_128_GCM_SHA256_TLS_AES_256_GCM_SHA384_TLS_CHACHA20_POLY1305_SHA256_ECDHE-ECDSA-AES128-GCM_ECDHE-RSA-AES128-GCM_ECDHE-ECDSA-AES256-GCM_ECDHE-RSA-AES256-GCM_ECDHE-ECDSA-CHACHA20_ECDHE-RSA-CHACHA20_ECDHE-RSA-AES128-CBC_ECDHE-RSA-AES256-CBC_RSA-AES128-GCM_RSA-AES256-GCM_RSA-AES128-CBC_RSA-AES256-CBC,4,True,0.0,"2570,4588,29,23,24",X25519MLKEM768_x25519_secp256r1_secp384r1,8,False,,"1027,2052,1025,1283,2053,1281,2054,1537",ecdsa_secp256r1_sha256_rsa_pss_rsae_sha256_rsa_pkcs1_sha256_ecdsa_secp384r1_sha384_rsa_pss_rsae_sha384_rsa_pkcs1_sha384_rsa_pss_rsae_sha512_rsa_pkcs1_sha512,True,t13d1516h2,8daaf6152771,d8a2da3f94cd,t,13,d,15,16,h2,"1:65536;2:0;4:6291456;6:262144|15663105|1:1:0:256,3:1:0:220|m,a,s,p",1:65536;2:0;4:6291456;6:262144,15663105.0,"1:1:0:256,3:1:0:220","m,a,s,p",2.0,65536.0,0.0,,6291456.0,,262144.0,":method,:authority,:scheme,:path"
trial-017,1f7565bf-7346-490e-98e8-9bdde7da4f53,2026-05-02 09:18:50.577043190+00:00,205.172.168.145,GET,/subscribe-v2.html,HTTP/2.0,0.449,TLS 1.3,h2,TLS_AES_128_GCM_SHA256,uxbehaviorsuite.com,True,515de6ac5655f4e1a804c1089ad1dca7,t13d1516h2_8daaf6152771_d8a2da3f94cd,"h2,http/1.1",h2,2,True,True,0.0,h2_first,"2570,772,771","TLS 1.3,TLS 1.2",2,True,True,True,False,0.0,TLS1.3+TLS1.2,True,15,True,0.0,"2570,4865,4866,4867,49195,49199,49196,49200,52393,52392,49171,49172,156,157,47,53",TLS_AES_128_GCM_SHA256_TLS_AES_256_GCM_SHA384_TLS_CHACHA20_POLY1305_SHA256_ECDHE-ECDSA-AES128-GCM_ECDHE-RSA-AES128-GCM_ECDHE-ECDSA-AES256-GCM_ECDHE-RSA-AES256-GCM_ECDHE-ECDSA-CHACHA20_ECDHE-RSA-CHACHA20_ECDHE-RSA-AES128-CBC_ECDHE-RSA-AES256-CBC_RSA-AES128-GCM_RSA-AES256-GCM_RSA-AES128-CBC_RSA-AES256-CBC,4,True,0.0,"2570,4588,29,23,24",X25519MLKEM768_x25519_secp256r1_secp384r1,8,False,,"1027,2052,1025,1283,2053,1281,2054,1537",ecdsa_secp256r1_sha256_rsa_pss_rsae_sha256_rsa_pkcs1_sha256_ecdsa_secp384r1_sha384_rsa_pss_rsae_sha384_rsa_pkcs1_sha384_rsa_pss_rsae_sha512_rsa_pkcs1_sha512,True,t13d1516h2,8daaf6152771,d8a2da3f94cd,t,13,d,15,16,h2,"1:65536;2:0;4:6291456;6:262144|15663105|1:1:0:256,3:1:0:220,5:1:0:256|m,a,s,p",1:65536;2:0;4:6291456;6:262144,15663105.0,"1:1:0:256,3:1:0:220,5:1:0:256","m,a,s,p",3.0,65536.0,0.0,,6291456.0,,262144.0,":method,:authority,:scheme,:path"
trial-017,760093a7-0b5a-4e33-ab2f-538623323ca7,2026-05-02 09:18:50.577746620+00:00,205.172.168.145,POST,/collect,HTTP/2.0,0.483,TLS 1.3,h2,TLS_AES_128_GCM_SHA256,uxbehaviorsuite.com,True,515de6ac5655f4e1a804c1089ad1dca7,t13d1516h2_8daaf6152771_d8a2da3f94cd,"h2,http/1.1",h2,2,True,True,0.0,h2_first,"2570,772,771","TLS 1.3,TLS 1.2",2,True,True,True,False,0.0,TLS1.3+TLS1.2,True,15,True,0.0,"2570,4865,4866,4867,49195,49199,49196,49200,52393,52392,49171,49172,156,157,47,53",TLS_AES_128_GCM_SHA256_TLS_AES_256_GCM_SHA384_TLS_CHACHA20_POLY1305_SHA256_ECDHE-ECDSA-AES128-GCM_ECDHE-RSA-AES128-GCM_ECDHE-ECDSA-AES256-GCM_ECDHE-RSA-AES256-GCM_ECDHE-ECDSA-CHACHA20_ECDHE-RSA-CHACHA20_ECDHE-RSA-AES128-CBC_ECDHE-RSA-AES256-CBC_RSA-AES128-GCM_RSA-AES256-GCM_RSA-AES128-CBC_RSA-AES256-CBC,4,True,0.0,"2570,4588,29,23,24",X25519MLKEM768_x25519_secp256r1_secp384r1,8,False,,"1027,2052,1025,1283,2053,1281,2054,1537",ecdsa_secp256r1_sha256_rsa_pss_rsae_sha256_rsa_pkcs1_sha256_ecdsa_secp384r1_sha384_rsa_pss_rsae_sha384_rsa_pkcs1_sha384_rsa_pss_rsae_sha512_rsa_pkcs1_sha512,True,t13d1516h2,8daaf6152771,d8a2da3f94cd,t,13,d,15,16,h2,"1:65536;2:0;4:6291456;6:262144|15663105|1:1:0:256,3:1:0:220,5:1:0:256,7:1:5:110|m,a,s,p",1:65536;2:0;4:6291456;6:262144,15663105.0,"1:1:0:256,3:1:0:220,5:1:0:256,7:1:5:110","m,a,s,p",4.0,65536.0,0.0,,6291456.0,,262144.0,":method,:authority,:scheme,:path"
trial-017,8c2726ae-2708-44d2-8fc1-cf9d2eb89225,2026-05-02 09:18:50.598118830+00:00,205.172.168.145,POST,/collect,HTTP/2.0,1.286,TLS 1.3,h2,TLS_AES_128_GCM_SHA256,uxbehaviorsuite.com,True,515de6ac5655f4e1a804c1089ad1dca7,t13d1516h2_8daaf6152771_d8a2da3f94cd,"h2,http/1.1",h2,2,True,True,0.0,h2_first,"2570,772,771","TLS 1.3,TLS 1.2",2,True,True,True,False,0.0,TLS1.3+TLS1.2,True,15,True,0.0,"2570,4865,4866,4867,49195,49199,49196,49200,52393,52392,49171,49172,156,157,47,53",TLS_AES_128_GCM_SHA256_TLS_AES_256_GCM_SHA384_TLS_CHACHA20_POLY1305_SHA256_ECDHE-ECDSA-AES128-GCM_ECDHE-RSA-AES128-GCM_ECDHE-ECDSA-AES256-GCM_ECDHE-RSA-AES256-GCM_ECDHE-ECDSA-CHACHA20_ECDHE-RSA-CHACHA20_ECDHE-RSA-AES128-CBC_ECDHE-RSA-AES256-CBC_RSA-AES128-GCM_RSA-AES256-GCM_RSA-AES128-CBC_RSA-AES256-CBC,4,True,0.0,"2570,4588,29,23,24",X25519MLKEM768_x25519_secp256r1_secp384r1,8,False,,"1027,2052,1025,1283,2053,1281,2054,1537",ecdsa_secp256r1_sha256_rsa_pss_rsae_sha256_rsa_pkcs1_sha256_ecdsa_secp384r1_sha384_rsa_pss_rsae_sha384_rsa_pkcs1_sha384_rsa_pss_rsae_sha512_rsa_pkcs1_sha512,True,t13d1516h2,8daaf6152771,d8a2da3f94cd,t,13,d,15,16,h2,"1:65536;2:0;4:6291456;6:262144|15663105|1:1:0:256,3:1:0:220,5:1:0:256,7:1:5:110,9:1:7:110|m,a,s,p",1:65536;2:0;4:6291456;6:262144,15663105.0,"1:1:0:256,3:1:0:220,5:1:0:256,7:1:5:110,9:1:7:110","m,a,s,p",5.0,65536.0,0.0,,6291456.0,,262144.0,":method,:authority,:scheme,:path"
trial-017,3a76f544-e19b-433c-b29f-034952490e02,2026-05-02 09:18:50.600547491+00:00,205.172.168.145,POST,/collect,HTTP/2.0,0.195,TLS 1.3,h2,TLS_AES_128_GCM_SHA256,uxbehaviorsuite.com,True,515de6ac5655f4e1a804c1089ad1dca7,t13d1516h2_8daaf6152771_d8a2da3f94cd,"h2,http/1.1",h2,2,True,True,0.0,h2_first,"2570,772,771","TLS 1.3,TLS 1.2",2,True,True,True,False,0.0,TLS1.3+TLS1.2,True,15,True,0.0,"2570,4865,4866,4867,49195,49199,49196,49200,52393,52392,49171,49172,156,157,47,53",TLS_AES_128_GCM_SHA256_TLS_AES_256_GCM_SHA384_TLS_CHACHA20_POLY1305_SHA256_ECDHE-ECDSA-AES128-GCM_ECDHE-RSA-AES128-GCM_ECDHE-ECDSA-AES256-GCM_ECDHE-RSA-AES256-GCM_ECDHE-ECDSA-CHACHA20_ECDHE-RSA-CHACHA20_ECDHE-RSA-AES128-CBC_ECDHE-RSA-AES256-CBC_RSA-AES128-GCM_RSA-AES256-GCM_RSA-AES128-CBC_RSA-AES256-CBC,4,True,0.0,"2570,4588,29,23,24",X25519MLKEM768_x25519_secp256r1_secp384r1,8,False,,"1027,2052,1025,1283,2053,1281,2054,1537",ecdsa_secp256r1_sha256_rsa_pss_rsae_sha256_rsa_pkcs1_sha256_ecdsa_secp384r1_sha384_rsa_pss_rsae_sha384_rsa_pkcs1_sha384_rsa_pss_rsae_sha512_rsa_pkcs1_sha512,True,t13d1516h2,8daaf6152771,d8a2da3f94cd,t,13,d,15,16,h2,"1:65536;2:0;4:6291456;6:262144|15663105|1:1:0:256,3:1:0:220,5:1:0:256,7:1:5:110,9:1:7:110,11:1:9:110|m,a,s,p",1:65536;2:0;4:6291456;6:262144,15663105.0,"1:1:0:256,3:1:0:220,5:1:0:256,7:1:5:110,9:1:7:110,11:1:9:110","m,a,s,p",6.0,65536.0,0.0,,6291456.0,,262144.0,":method,:authority,:scheme,:path"
trial-017,e39a40da-b4b7-468b-8505-c26ec7b75ab0,2026-05-02 09:19:54.650874108+00:00,205.172.168.145,GET,/subscribe-v3.html,HTTP/2.0,0.537,TLS 1.3,h2,TLS_AES_128_GCM_SHA256,uxbehaviorsuite.com,True,515de6ac5655f4e1a804c1089ad1dca7,t13d1516h2_8daaf6152771_d8a2da3f94cd,"h2,http/1.1",h2,2,True,True,0.0,h2_first,"2570,772,771","TLS 1.3,TLS 1.2",2,True,True,True,False,0.0,TLS1.3+TLS1.2,True,15,True,0.0,"2570,4865,4866,4867,49195,49199,49196,49200,52393,52392,49171,49172,156,157,47,53",TLS_AES_128_GCM_SHA256_TLS_AES_256_GCM_SHA384_TLS_CHACHA20_POLY1305_SHA256_ECDHE-ECDSA-AES128-GCM_ECDHE-RSA-AES128-GCM_ECDHE-ECDSA-AES256-GCM_ECDHE-RSA-AES256-GCM_ECDHE-ECDSA-CHACHA20_ECDHE-RSA-CHACHA20_ECDHE-RSA-AES128-CBC_ECDHE-RSA-AES256-CBC_RSA-AES128-GCM_RSA-AES256-GCM_RSA-AES128-CBC_RSA-AES256-CBC,4,True,0.0,"2570,4588,29,23,24",X25519MLKEM768_x25519_secp256r1_secp384r1,8,False,,"1027,2052,1025,1283,2053,1281,2054,1537",ecdsa_secp256r1_sha256_rsa_pss_rsae_sha256_rsa_pkcs1_sha256_ecdsa_secp384r1_sha384_rsa_pss_rsae_sha384_rsa_pkcs1_sha384_rsa_pss_rsae_sha512_rsa_pkcs1_sha512,True,t13d1516h2,8daaf6152771,d8a2da3f94cd,t,13,d,15,16,h2,"1:65536;2:0;4:6291456;6:262144|15663105|1:1:0:256,3:1:0:220,5:1:0:256,7:1:5:110,9:1:7:110,11:1:9:110,13:1:0:256,15:1:13:110|m,a,s,p",1:65536;2:0;4:6291456;6:262144,15663105.0,"1:1:0:256,3:1:0:220,5:1:0:256,7:1:5:110,9:1:7:110,11:1:9:110,13:1:0:256,15:1:13:110","m,a,s,p",8.0,65536.0,0.0,,6291456.0,,262144.0,":method,:authority,:scheme,:path"
trial-017,cdad2e57-3094-4eb1-961b-c04e70ab0525,2026-05-02 09:19:54.651236724+00:00,205.172.168.145,POST,/collect,HTTP/2.0,0.611,TLS 1.3,h2,TLS_AES_128_GCM_SHA256,uxbehaviorsuite.com,True,515de6ac5655f4e1a804c1089ad1dca7,t13d1516h2_8daaf6152771_d8a2da3f94cd,"h2,http/1.1",h2,2,True,True,0.0,h2_first,"2570,772,771","TLS 1.3,TLS 1.2",2,True,True,True,False,0.0,TLS1.3+TLS1.2,True,15,True,0.0,"2570,4865,4866,4867,49195,49199,49196,49200,52393,52392,49171,49172,156,157,47,53",TLS_AES_128_GCM_SHA256_TLS_AES_256_GCM_SHA384_TLS_CHACHA20_POLY1305_SHA256_ECDHE-ECDSA-AES128-GCM_ECDHE-RSA-AES128-GCM_ECDHE-ECDSA-AES256-GCM_ECDHE-RSA-AES256-GCM_ECDHE-ECDSA-CHACHA20_ECDHE-RSA-CHACHA20_ECDHE-RSA-AES128-CBC_ECDHE-RSA-AES256-CBC_RSA-AES128-GCM_RSA-AES256-GCM_RSA-AES128-CBC_RSA-AES256-CBC,4,True,0.0,"2570,4588,29,23,24",X25519MLKEM768_x25519_secp256r1_secp384r1,8,False,,"1027,2052,1025,1283,2053,1281,2054,1537",ecdsa_secp256r1_sha256_rsa_pss_rsae_sha256_rsa_pkcs1_sha256_ecdsa_secp384r1_sha384_rsa_pss_rsae_sha384_rsa_pkcs1_sha384_rsa_pss_rsae_sha512_rsa_pkcs1_sha512,True,t13d1516h2,8daaf6152771,d8a2da3f94cd,t,13,d,15,16,h2,"1:65536;2:0;4:6291456;6:262144|15663105|1:1:0:256,3:1:0:220,5:1:0:256,7:1:5:110,9:1:7:110,11:1:9:110,13:1:0:256,15:1:13:110|m,a,s,p",1:65536;2:0;4:6291456;6:262144,15663105.0,"1:1:0:256,3:1:0:220,5:1:0:256,7:1:5:110,9:1:7:110,11:1:9:110,13:1:0:256,15:1:13:110","m,a,s,p",8.0,65536.0,0.0,,6291456.0,,262144.0,":method,:authority,:scheme,:path"
trial-017,cdc8cd91-be88-4779-a26f-c4ba419eecdd,2026-05-02 09:19:54.671021076+00:00,205.172.168.145,POST,/collect,HTTP/2.0,0.339,TLS 1.3,h2,TLS_AES_128_GCM_SHA256,uxbehaviorsuite.com,True,515de6ac5655f4e1a804c1089ad1dca7,t13d1516h2_8daaf6152771_d8a2da3f94cd,"h2,http/1.1",h2,2,True,True,0.0,h2_first,"2570,772,771","TLS 1.3,TLS 1.2",2,True,True,True,False,0.0,TLS1.3+TLS1.2,True,15,True,0.0,"2570,4865,4866,4867,49195,49199,49196,49200,52393,52392,49171,49172,156,157,47,53",TLS_AES_128_GCM_SHA256_TLS_AES_256_GCM_SHA384_TLS_CHACHA20_POLY1305_SHA256_ECDHE-ECDSA-AES128-GCM_ECDHE-RSA-AES128-GCM_ECDHE-ECDSA-AES256-GCM_ECDHE-RSA-AES256-GCM_ECDHE-ECDSA-CHACHA20_ECDHE-RSA-CHACHA20_ECDHE-RSA-AES128-CBC_ECDHE-RSA-AES256-CBC_RSA-AES128-GCM_RSA-AES256-GCM_RSA-AES128-CBC_RSA-AES256-CBC,4,True,0.0,"2570,4588,29,23,24",X25519MLKEM768_x25519_secp256r1_secp384r1,8,False,,"1027,2052,1025,1283,2053,1281,2054,1537",ecdsa_secp256r1_sha256_rsa_pss_rsae_sha256_rsa_pkcs1_sha256_ecdsa_secp384r1_sha384_rsa_pss_rsae_sha384_rsa_pkcs1_sha384_rsa_pss_rsae_sha512_rsa_pkcs1_sha512,True,t13d1516h2,8daaf6152771,d8a2da3f94cd,t,13,d,15,16,h2,"1:65536;2:0;4:6291456;6:262144|15663105|1:1:0:256,3:1:0:220,5:1:0:256,7:1:5:110,9:1:7:110,11:1:9:110,13:1:0:256,15:1:13:110,17:1:15:110|m,a,s,p",1:65536;2:0;4:6291456;6:262144,15663105.0,"1:1:0:256,3:1:0:220,5:1:0:256,7:1:5:110,9:1:7:110,11:1:9:110,13:1:0:256,15:1:13:110,17:1:15:110","m,a,s,p",9.0,65536.0,0.0,,6291456.0,,262144.0,":method,:authority,:scheme,:path"
trial-017,8d683ea9-3ef8-4b04-b5fc-ba4f4d28c6d7,2026-05-02 09:19:54.675268518+00:00,205.172.168.145,POST,/collect,HTTP/2.0,0.186,TLS 1.3,h2,TLS_AES_128_GCM_SHA256,uxbehaviorsuite.com,True,515de6ac5655f4e1a804c1089ad1dca7,t13d1516h2_8daaf6152771_d8a2da3f94cd,"h2,http/1.1",h2,2,True,True,0.0,h2_first,"2570,772,771","TLS 1.3,TLS 1.2",2,True,True,True,False,0.0,TLS1.3+TLS1.2,True,15,True,0.0,"2570,4865,4866,4867,49195,49199,49196,49200,52393,52392,49171,49172,156,157,47,53",TLS_AES_128_GCM_SHA256_TLS_AES_256_GCM_SHA384_TLS_CHACHA20_POLY1305_SHA256_ECDHE-ECDSA-AES128-GCM_ECDHE-RSA-AES128-GCM_ECDHE-ECDSA-AES256-GCM_ECDHE-RSA-AES256-GCM_ECDHE-ECDSA-CHACHA20_ECDHE-RSA-CHACHA20_ECDHE-RSA-AES128-CBC_ECDHE-RSA-AES256-CBC_RSA-AES128-GCM_RSA-AES256-GCM_RSA-AES128-CBC_RSA-AES256-CBC,4,True,0.0,"2570,4588,29,23,24",X25519MLKEM768_x25519_secp256r1_secp384r1,8,False,,"1027,2052,1025,1283,2053,1281,2054,1537",ecdsa_secp256r1_sha256_rsa_pss_rsae_sha256_rsa_pkcs1_sha256_ecdsa_secp384r1_sha384_rsa_pss_rsae_sha384_rsa_pkcs1_sha384_rsa_pss_rsae_sha512_rsa_pkcs1_sha512,True,t13d1516h2,8daaf6152771,d8a2da3f94cd,t,13,d,15,16,h2,"1:65536;2:0;4:6291456;6:262144|15663105|1:1:0:256,3:1:0:220,5:1:0:256,7:1:5:110,9:1:7:110,11:1:9:110,13:1:0:256,15:1:13:110,17:1:15:110,19:1:17:110|m,a,s,p",1:65536;2:0;4:6291456;6:262144,15663105.0,"1:1:0:256,3:1:0:220,5:1:0:256,7:1:5:110,9:1:7:110,11:1:9:110,13:1:0:256,15:1:13:110,17:1:15:110,19:1:17:110","m,a,s,p",10.0,65536.0,0.0,,6291456.0,,262144.0,":method,:authority,:scheme,:path"
trial-017,77b94eb2-6302-4ebd-a73b-04f73e155793,2026-05-02 09:21:09.072150575+00:00,205.172.168.145,GET,/s2-scroll-gate.html,HTTP/2.0,0.435,TLS 1.3,h2,TLS_AES_128_GCM_SHA256,uxbehaviorsuite.com,True,515de6ac5655f4e1a804c1089ad1dca7,t13d1516h2_8daaf6152771_d8a2da3f94cd,"h2,http/1.1",h2,2,True,True,0.0,h2_first,"2570,772,771","TLS 1.3,TLS 1.2",2,True,True,True,False,0.0,TLS1.3+TLS1.2,True,15,True,0.0,"2570,4865,4866,4867,49195,49199,49196,49200,52393,52392,49171,49172,156,157,47,53",TLS_AES_128_GCM_SHA256_TLS_AES_256_GCM_SHA384_TLS_CHACHA20_POLY1305_SHA256_ECDHE-ECDSA-AES128-GCM_ECDHE-RSA-AES128-GCM_ECDHE-ECDSA-AES256-GCM_ECDHE-RSA-AES256-GCM_ECDHE-ECDSA-CHACHA20_ECDHE-RSA-CHACHA20_ECDHE-RSA-AES128-CBC_ECDHE-RSA-AES256-CBC_RSA-AES128-GCM_RSA-AES256-GCM_RSA-AES128-CBC_RSA-AES256-CBC,4,True,0.0,"2570,4588,29,23,24",X25519MLKEM768_x25519_secp256r1_secp384r1,8,False,,"1027,2052,1025,1283,2053,1281,2054,1537",ecdsa_secp256r1_sha256_rsa_pss_rsae_sha256_rsa_pkcs1_sha256_ecdsa_secp384r1_sha384_rsa_pss_rsae_sha384_rsa_pkcs1_sha384_rsa_pss_rsae_sha512_rsa_pkcs1_sha512,True,t13d1516h2,8daaf6152771,d8a2da3f94cd,t,13,d,15,16,h2,"1:65536;2:0;4:6291456;6:262144|15663105|1:1:0:256,3:1:0:220,5:1:0:256,7:1:5:110,9:1:7:110,11:1:9:110,13:1:0:256,15:1:13:110,17:1:15:110,19:1:17:110,21:1:0:256|m,a,s,p",1:65536;2:0;4:6291456;6:262144,15663105.0,"1:1:0:256,3:1:0:220,5:1:0:256,7:1:5:110,9:1:7:110,11:1:9:110,13:1:0:256,15:1:13:110,17:1:15:110,19:1:17:110,21:1:0:256","m,a,s,p",11.0,65536.0,0.0,,6291456.0,,262144.0,":method,:authority,:scheme,:path"
trial-017,7183b6ff-06d0-4014-9727-f535d5a7c1f9,2026-05-02 09:21:09.072786487+00:00,205.172.168.145,POST,/collect,HTTP/2.0,0.338,TLS 1.3,h2,TLS_AES_128_GCM_SHA256,uxbehaviorsuite.com,True,515de6ac5655f4e1a804c1089ad1dca7,t13d1516h2_8daaf6152771_d8a2da3f94cd,"h2,http/1.1",h2,2,True,True,0.0,h2_first,"2570,772,771","TLS 1.3,TLS 1.2",2,True,True,True,False,0.0,TLS1.3+TLS1.2,True,15,True,0.0,"2570,4865,4866,4867,49195,49199,49196,49200,52393,52392,49171,49172,156,157,47,53",TLS_AES_128_GCM_SHA256_TLS_AES_256_GCM_SHA384_TLS_CHACHA20_POLY1305_SHA256_ECDHE-ECDSA-AES128-GCM_ECDHE-RSA-AES128-GCM_ECDHE-ECDSA-AES256-GCM_ECDHE-RSA-AES256-GCM_ECDHE-ECDSA-CHACHA20_ECDHE-RSA-CHACHA20_ECDHE-RSA-AES128-CBC_ECDHE-RSA-AES256-CBC_RSA-AES128-GCM_RSA-AES256-GCM_RSA-AES128-CBC_RSA-AES256-CBC,4,True,0.0,"2570,4588,29,23,24",X25519MLKEM768_x25519_secp256r1_secp384r1,8,False,,"1027,2052,1025,1283,2053,1281,2054,1537",ecdsa_secp256r1_sha256_rsa_pss_rsae_sha256_rsa_pkcs1_sha256_ecdsa_secp384r1_sha384_rsa_pss_rsae_sha384_rsa_pkcs1_sha384_rsa_pss_rsae_sha512_rsa_pkcs1_sha512,True,t13d1516h2,8daaf6152771,d8a2da3f94cd,t,13,d,15,16,h2,"1:65536;2:0;4:6291456;6:262144|15663105|1:1:0:256,3:1:0:220,5:1:0:256,7:1:5:110,9:1:7:110,11:1:9:110,13:1:0:256,15:1:13:110,17:1:15:110,19:1:17:110,21:1:0:256,23:1:21:110|m,a,s,p",1:65536;2:0;4:6291456;6:262144,15663105.0,"1:1:0:256,3:1:0:220,5:1:0:256,7:1:5:110,9:1:7:110,11:1:9:110,13:1:0:256,15:1:13:110,17:1:15:110,19:1:17:110,21:1:0:256,23:1:21:110","m,a,s,p",12.0,65536.0,0.0,,6291456.0,,262144.0,":method,:authority,:scheme,:path"
trial-017,f7321dcd-d137-4093-9fcc-c5d7bc52ad02,2026-05-02 09:21:09.095199092+00:00,205.172.168.145,POST,/collect,HTTP/2.0,0.196,TLS 1.3,h2,TLS_AES_128_GCM_SHA256,uxbehaviorsuite.com,True,515de6ac5655f4e1a804c1089ad1dca7,t13d1516h2_8daaf6152771_d8a2da3f94cd,"h2,http/1.1",h2,2,True,True,0.0,h2_first,"2570,772,771","TLS 1.3,TLS 1.2",2,True,True,True,False,0.0,TLS1.3+TLS1.2,True,15,True,0.0,"2570,4865,4866,4867,49195,49199,49196,49200,52393,52392,49171,49172,156,157,47,53",TLS_AES_128_GCM_SHA256_TLS_AES_256_GCM_SHA384_TLS_CHACHA20_POLY1305_SHA256_ECDHE-ECDSA-AES128-GCM_ECDHE-RSA-AES128-GCM_ECDHE-ECDSA-AES256-GCM_ECDHE-RSA-AES256-GCM_ECDHE-ECDSA-CHACHA20_ECDHE-RSA-CHACHA20_ECDHE-RSA-AES128-CBC_ECDHE-RSA-AES256-CBC_RSA-AES128-GCM_RSA-AES256-GCM_RSA-AES128-CBC_RSA-AES256-CBC,4,True,0.0,"2570,4588,29,23,24",X25519MLKEM768_x25519_secp256r1_secp384r1,8,False,,"1027,2052,1025,1283,2053,1281,2054,1537",ecdsa_secp256r1_sha256_rsa_pss_rsae_sha256_rsa_pkcs1_sha256_ecdsa_secp384r1_sha384_rsa_pss_rsae_sha384_rsa_pkcs1_sha384_rsa_pss_rsae_sha512_rsa_pkcs1_sha512,True,t13d1516h2,8daaf6152771,d8a2da3f94cd,t,13,d,15,16,h2,"1:65536;2:0;4:6291456;6:262144|15663105|1:1:0:256,3:1:0:220,5:1:0:256,7:1:5:110,9:1:7:110,11:1:9:110,13:1:0:256,15:1:13:110,17:1:15:110,19:1:17:110,21:1:0:256,23:1:21:110,25:1:23:110|m,a,s,p",1:65536;2:0;4:6291456;6:262144,15663105.0,"1:1:0:256,3:1:0:220,5:1:0:256,7:1:5:110,9:1:7:110,11:1:9:110,13:1:0:256,15:1:13:110,17:1:15:110,19:1:17:110,21:1:0:256,23:1:21:110,25:1:23:110","m,a,s,p",13.0,65536.0,0.0,,6291456.0,,262144.0,":method,:authority,:scheme,:path"
trial-017,78b49054-3a5e-4c54-bc9d-ee06bdd3bee4,2026-05-02 09:21:09.095584509+00:00,205.172.168.145,POST,/collect,HTTP/2.0,0.264,TLS 1.3,h2,TLS_AES_128_GCM_SHA256,uxbehaviorsuite.com,True,515de6ac5655f4e1a804c1089ad1dca7,t13d1516h2_8daaf6152771_d8a2da3f94cd,"h2,http/1.1",h2,2,True,True,0.0,h2_first,"2570,772,771","TLS 1.3,TLS 1.2",2,True,True,True,False,0.0,TLS1.3+TLS1.2,True,15,True,0.0,"2570,4865,4866,4867,49195,49199,49196,49200,52393,52392,49171,49172,156,157,47,53",TLS_AES_128_GCM_SHA256_TLS_AES_256_GCM_SHA384_TLS_CHACHA20_POLY1305_SHA256_ECDHE-ECDSA-AES128-GCM_ECDHE-RSA-AES128-GCM_ECDHE-ECDSA-AES256-GCM_ECDHE-RSA-AES256-GCM_ECDHE-ECDSA-CHACHA20_ECDHE-RSA-CHACHA20_ECDHE-RSA-AES128-CBC_ECDHE-RSA-AES256-CBC_RSA-AES128-GCM_RSA-AES256-GCM_RSA-AES128-CBC_RSA-AES256-CBC,4,True,0.0,"2570,4588,29,23,24",X25519MLKEM768_x25519_secp256r1_secp384r1,8,False,,"1027,2052,1025,1283,2053,1281,2054,1537",ecdsa_secp256r1_sha256_rsa_pss_rsae_sha256_rsa_pkcs1_sha256_ecdsa_secp384r1_sha384_rsa_pss_rsae_sha384_rsa_pkcs1_sha384_rsa_pss_rsae_sha512_rsa_pkcs1_sha512,True,t13d1516h2,8daaf6152771,d8a2da3f94cd,t,13,d,15,16,h2,"1:65536;2:0;4:6291456;6:262144|15663105|1:1:0:256,3:1:0:220,5:1:0:256,7:1:5:110,9:1:7:110,11:1:9:110,13:1:0:256,15:1:13:110,17:1:15:110,19:1:17:110,21:1:0:256,23:1:21:110,25:1:23:110,27:1:25:110|m,a,s,p",1:65536;2:0;4:6291456;6:262144,15663105.0,"1:1:0:256,3:1:0:220,5:1:0:256,7:1:5:110,9:1:7:110,11:1:9:110,13:1:0:256,15:1:13:110,17:1:15:110,19:1:17:110,21:1:0:256,23:1:21:110,25:1:23:110,27:1:25:110","m,a,s,p",14.0,65536.0,0.0,,6291456.0,,262144.0,":method,:authority,:scheme,:path"
trial-017,28204837-186d-4bf7-ada8-0f865e4f840a,2026-05-02 09:22:32.435146687+00:00,205.172.168.145,GET,/s3-hover-reveal.html,HTTP/2.0,0.505,TLS 1.3,h2,TLS_AES_128_GCM_SHA256,uxbehaviorsuite.com,True,515de6ac5655f4e1a804c1089ad1dca7,t13d1516h2_8daaf6152771_d8a2da3f94cd,"h2,http/1.1",h2,2,True,True,0.0,h2_first,"2570,772,771","TLS 1.3,TLS 1.2",2,True,True,True,False,0.0,TLS1.3+TLS1.2,True,15,True,0.0,"2570,4865,4866,4867,49195,49199,49196,49200,52393,52392,49171,49172,156,157,47,53",TLS_AES_128_GCM_SHA256_TLS_AES_256_GCM_SHA384_TLS_CHACHA20_POLY1305_SHA256_ECDHE-ECDSA-AES128-GCM_ECDHE-RSA-AES128-GCM_ECDHE-ECDSA-AES256-GCM_ECDHE-RSA-AES256-GCM_ECDHE-ECDSA-CHACHA20_ECDHE-RSA-CHACHA20_ECDHE-RSA-AES128-CBC_ECDHE-RSA-AES256-CBC_RSA-AES128-GCM_RSA-AES256-GCM_RSA-AES128-CBC_RSA-AES256-CBC,4,True,0.0,"2570,4588,29,23,24",X25519MLKEM768_x25519_secp256r1_secp384r1,8,False,,"1027,2052,1025,1283,2053,1281,2054,1537",ecdsa_secp256r1_sha256_rsa_pss_rsae_sha256_rsa_pkcs1_sha256_ecdsa_secp384r1_sha384_rsa_pss_rsae_sha384_rsa_pkcs1_sha384_rsa_pss_rsae_sha512_rsa_pkcs1_sha512,True,t13d1516h2,8daaf6152771,d8a2da3f94cd,t,13,d,15,16,h2,"1:65536;2:0;4:6291456;6:262144|15663105|1:1:0:256,3:1:0:220,5:1:0:256,7:1:5:110,9:1:7:110,11:1:9:110,13:1:0:256,15:1:13:110,17:1:15:110,19:1:17:110,21:1:0:256,23:1:21:110,25:1:23:110,27:1:25:110,29:1:0:256,31:1:29:110|m,a,s,p",1:65536;2:0;4:6291456;6:262144,15663105.0,"1:1:0:256,3:1:0:220,5:1:0:256,7:1:5:110,9:1:7:110,11:1:9:110,13:1:0:256,15:1:13:110,17:1:15:110,19:1:17:110,21:1:0:256,23:1:21:110,25:1:23:110,27:1:25:110,29:1:0:256,31:1:29:110","m,a,s,p",16.0,65536.0,0.0,,6291456.0,,262144.0,":method,:authority,:scheme,:path"
trial-017,3240022c-eb54-46e2-960b-5c274f43cf4f,2026-05-02 09:22:32.435222170+00:00,205.172.168.145,POST,/collect,HTTP/2.0,0.395,TLS 1.3,h2,TLS_AES_128_GCM_SHA256,uxbehaviorsuite.com,True,515de6ac5655f4e1a804c1089ad1dca7,t13d1516h2_8daaf6152771_d8a2da3f94cd,"h2,http/1.1",h2,2,True,True,0.0,h2_first,"2570,772,771","TLS 1.3,TLS 1.2",2,True,True,True,False,0.0,TLS1.3+TLS1.2,True,15,True,0.0,"2570,4865,4866,4867,49195,49199,49196,49200,52393,52392,49171,49172,156,157,47,53",TLS_AES_128_GCM_SHA256_TLS_AES_256_GCM_SHA384_TLS_CHACHA20_POLY1305_SHA256_ECDHE-ECDSA-AES128-GCM_ECDHE-RSA-AES128-GCM_ECDHE-ECDSA-AES256-GCM_ECDHE-RSA-AES256-GCM_ECDHE-ECDSA-CHACHA20_ECDHE-RSA-CHACHA20_ECDHE-RSA-AES128-CBC_ECDHE-RSA-AES256-CBC_RSA-AES128-GCM_RSA-AES256-GCM_RSA-AES128-CBC_RSA-AES256-CBC,4,True,0.0,"2570,4588,29,23,24",X25519MLKEM768_x25519_secp256r1_secp384r1,8,False,,"1027,2052,1025,1283,2053,1281,2054,1537",ecdsa_secp256r1_sha256_rsa_pss_rsae_sha256_rsa_pkcs1_sha256_ecdsa_secp384r1_sha384_rsa_pss_rsae_sha384_rsa_pkcs1_sha384_rsa_pss_rsae_sha512_rsa_pkcs1_sha512,True,t13d1516h2,8daaf6152771,d8a2da3f94cd,t,13,d,15,16,h2,"1:65536;2:0;4:6291456;6:262144|15663105|1:1:0:256,3:1:0:220,5:1:0:256,7:1:5:110,9:1:7:110,11:1:9:110,13:1:0:256,15:1:13:110,17:1:15:110,19:1:17:110,21:1:0:256,23:1:21:110,25:1:23:110,27:1:25:110,29:1:0:256,31:1:29:110|m,a,s,p",1:65536;2:0;4:6291456;6:262144,15663105.0,"1:1:0:256,3:1:0:220,5:1:0:256,7:1:5:110,9:1:7:110,11:1:9:110,13:1:0:256,15:1:13:110,17:1:15:110,19:1:17:110,21:1:0:256,23:1:21:110,25:1:23:110,27:1:25:110,29:1:0:256,31:1:29:110","m,a,s,p",16.0,65536.0,0.0,,6291456.0,,262144.0,":method,:authority,:scheme,:path"
trial-017,570f9c3d-274e-4dd8-99ec-b3617bc0c364,2026-05-02 09:22:32.458297919+00:00,205.172.168.145,POST,/collect,HTTP/2.0,0.383,TLS 1.3,h2,TLS_AES_128_GCM_SHA256,uxbehaviorsuite.com,True,515de6ac5655f4e1a804c1089ad1dca7,t13d1516h2_8daaf6152771_d8a2da3f94cd,"h2,http/1.1",h2,2,True,True,0.0,h2_first,"2570,772,771","TLS 1.3,TLS 1.2",2,True,True,True,False,0.0,TLS1.3+TLS1.2,True,15,True,0.0,"2570,4865,4866,4867,49195,49199,49196,49200,52393,52392,49171,49172,156,157,47,53",TLS_AES_128_GCM_SHA256_TLS_AES_256_GCM_SHA384_TLS_CHACHA20_POLY1305_SHA256_ECDHE-ECDSA-AES128-GCM_ECDHE-RSA-AES128-GCM_ECDHE-ECDSA-AES256-GCM_ECDHE-RSA-AES256-GCM_ECDHE-ECDSA-CHACHA20_ECDHE-RSA-CHACHA20_ECDHE-RSA-AES128-CBC_ECDHE-RSA-AES256-CBC_RSA-AES128-GCM_RSA-AES256-GCM_RSA-AES128-CBC_RSA-AES256-CBC,4,True,0.0,"2570,4588,29,23,24",X25519MLKEM768_x25519_secp256r1_secp384r1,8,False,,"1027,2052,1025,1283,2053,1281,2054,1537",ecdsa_secp256r1_sha256_rsa_pss_rsae_sha256_rsa_pkcs1_sha256_ecdsa_secp384r1_sha384_rsa_pss_rsae_sha384_rsa_pkcs1_sha384_rsa_pss_rsae_sha512_rsa_pkcs1_sha512,True,t13d1516h2,8daaf6152771,d8a2da3f94cd,t,13,d,15,16,h2,"1:65536;2:0;4:6291456;6:262144|15663105|1:1:0:256,3:1:0:220,5:1:0:256,7:1:5:110,9:1:7:110,11:1:9:110,13:1:0:256,15:1:13:110,17:1:15:110,19:1:17:110,21:1:0:256,23:1:21:110,25:1:23:110,27:1:25:110,29:1:0:256,31:1:29:110,33:1:29:110|m,a,s,p",1:65536;2:0;4:6291456;6:262144,15663105.0,"1:1:0:256,3:1:0:220,5:1:0:256,7:1:5:110,9:1:7:110,11:1:9:110,13:1:0:256,15:1:13:110,17:1:15:110,19:1:17:110,21:1:0:256,23:1:21:110,25:1:23:110,27:1:25:110,29:1:0:256,31:1:29:110,33:1:29:110","m,a,s,p",17.0,65536.0,0.0,,6291456.0,,262144.0,":method,:authority,:scheme,:path"
trial-017,bfa3f055-0eff-47d6-ab99-be772a3863fd,2026-05-02 09:22:32.458462505+00:00,205.172.168.145,POST,/collect,HTTP/2.0,0.437,TLS 1.3,h2,TLS_AES_128_GCM_SHA256,uxbehaviorsuite.com,True,515de6ac5655f4e1a804c1089ad1dca7,t13d1516h2_8daaf6152771_d8a2da3f94cd,"h2,http/1.1",h2,2,True,True,0.0,h2_first,"2570,772,771","TLS 1.3,TLS 1.2",2,True,True,True,False,0.0,TLS1.3+TLS1.2,True,15,True,0.0,"2570,4865,4866,4867,49195,49199,49196,49200,52393,52392,49171,49172,156,157,47,53",TLS_AES_128_GCM_SHA256_TLS_AES_256_GCM_SHA384_TLS_CHACHA20_POLY1305_SHA256_ECDHE-ECDSA-AES128-GCM_ECDHE-RSA-AES128-GCM_ECDHE-ECDSA-AES256-GCM_ECDHE-RSA-AES256-GCM_ECDHE-ECDSA-CHACHA20_ECDHE-RSA-CHACHA20_ECDHE-RSA-AES128-CBC_ECDHE-RSA-AES256-CBC_RSA-AES128-GCM_RSA-AES256-GCM_RSA-AES128-CBC_RSA-AES256-CBC,4,True,0.0,"2570,4588,29,23,24",X25519MLKEM768_x25519_secp256r1_secp384r1,8,False,,"1027,2052,1025,1283,2053,1281,2054,1537",ecdsa_secp256r1_sha256_rsa_pss_rsae_sha256_rsa_pkcs1_sha256_ecdsa_secp384r1_sha384_rsa_pss_rsae_sha384_rsa_pkcs1_sha384_rsa_pss_rsae_sha512_rsa_pkcs1_sha512,True,t13d1516h2,8daaf6152771,d8a2da3f94cd,t,13,d,15,16,h2,"1:65536;2:0;4:6291456;6:262144|15663105|1:1:0:256,3:1:0:220,5:1:0:256,7:1:5:110,9:1:7:110,11:1:9:110,13:1:0:256,15:1:13:110,17:1:15:110,19:1:17:110,21:1:0:256,23:1:21:110,25:1:23:110,27:1:25:110,29:1:0:256,31:1:29:110,33:1:29:110,35:1:33:110|m,a,s,p",1:65536;2:0;4:6291456;6:262144,15663105.0,"1:1:0:256,3:1:0:220,5:1:0:256,7:1:5:110,9:1:7:110,11:1:9:110,13:1:0:256,15:1:13:110,17:1:15:110,19:1:17:110,21:1:0:256,23:1:21:110,25:1:23:110,27:1:25:110,29:1:0:256,31:1:29:110,33:1:29:110,35:1:33:110","m,a,s,p",18.0,65536.0,0.0,,6291456.0,,262144.0,":method,:authority,:scheme,:path"
trial-017,6a9ebd06-c8fe-4b4e-8b56-e7ee6cad1d49,2026-05-02 09:24:00.896053646+00:00,205.172.168.145,GET,/s4-dom-mismatch.html,HTTP/2.0,0.393,TLS 1.3,h2,TLS_AES_128_GCM_SHA256,uxbehaviorsuite.com,True,515de6ac5655f4e1a804c1089ad1dca7,t13d1516h2_8daaf6152771_d8a2da3f94cd,"h2,http/1.1",h2,2,True,True,0.0,h2_first,"2570,772,771","TLS 1.3,TLS 1.2",2,True,True,True,False,0.0,TLS1.3+TLS1.2,True,15,True,0.0,"2570,4865,4866,4867,49195,49199,49196,49200,52393,52392,49171,49172,156,157,47,53",TLS_AES_128_GCM_SHA256_TLS_AES_256_GCM_SHA384_TLS_CHACHA20_POLY1305_SHA256_ECDHE-ECDSA-AES128-GCM_ECDHE-RSA-AES128-GCM_ECDHE-ECDSA-AES256-GCM_ECDHE-RSA-AES256-GCM_ECDHE-ECDSA-CHACHA20_ECDHE-RSA-CHACHA20_ECDHE-RSA-AES128-CBC_ECDHE-RSA-AES256-CBC_RSA-AES128-GCM_RSA-AES256-GCM_RSA-AES128-CBC_RSA-AES256-CBC,4,True,0.0,"2570,4588,29,23,24",X25519MLKEM768_x25519_secp256r1_secp384r1,8,False,,"1027,2052,1025,1283,2053,1281,2054,1537",ecdsa_secp256r1_sha256_rsa_pss_rsae_sha256_rsa_pkcs1_sha256_ecdsa_secp384r1_sha384_rsa_pss_rsae_sha384_rsa_pkcs1_sha384_rsa_pss_rsae_sha512_rsa_pkcs1_sha512,True,t13d1516h2,8daaf6152771,d8a2da3f94cd,t,13,d,15,16,h2,"1:65536;2:0;4:6291456;6:262144|15663105|1:1:0:256,3:1:0:220,5:1:0:256,7:1:5:110,9:1:7:110,11:1:9:110,13:1:0:256,15:1:13:110,17:1:15:110,19:1:17:110,21:1:0:256,23:1:21:110,25:1:23:110,27:1:25:110,29:1:0:256,31:1:29:110,33:1:29:110,35:1:33:110,37:1:0:256|m,a,s,p",1:65536;2:0;4:6291456;6:262144,15663105.0,"1:1:0:256,3:1:0:220,5:1:0:256,7:1:5:110,9:1:7:110,11:1:9:110,13:1:0:256,15:1:13:110,17:1:15:110,19:1:17:110,21:1:0:256,23:1:21:110,25:1:23:110,27:1:25:110,29:1:0:256,31:1:29:110,33:1:29:110,35:1:33:110,37:1:0:256","m,a,s,p",19.0,65536.0,0.0,,6291456.0,,262144.0,":method,:authority,:scheme,:path"
trial-017,08c8b972-3ee7-4915-b441-d7ae8d86202a,2026-05-02 09:24:00.896879719+00:00,205.172.168.145,POST,/collect,HTTP/2.0,0.392,TLS 1.3,h2,TLS_AES_128_GCM_SHA256,uxbehaviorsuite.com,True,515de6ac5655f4e1a804c1089ad1dca7,t13d1516h2_8daaf6152771_d8a2da3f94cd,"h2,http/1.1",h2,2,True,True,0.0,h2_first,"2570,772,771","TLS 1.3,TLS 1.2",2,True,True,True,False,0.0,TLS1.3+TLS1.2,True,15,True,0.0,"2570,4865,4866,4867,49195,49199,49196,49200,52393,52392,49171,49172,156,157,47,53",TLS_AES_128_GCM_SHA256_TLS_AES_256_GCM_SHA384_TLS_CHACHA20_POLY1305_SHA256_ECDHE-ECDSA-AES128-GCM_ECDHE-RSA-AES128-GCM_ECDHE-ECDSA-AES256-GCM_ECDHE-RSA-AES256-GCM_ECDHE-ECDSA-CHACHA20_ECDHE-RSA-CHACHA20_ECDHE-RSA-AES128-CBC_ECDHE-RSA-AES256-CBC_RSA-AES128-GCM_RSA-AES256-GCM_RSA-AES128-CBC_RSA-AES256-CBC,4,True,0.0,"2570,4588,29,23,24",X25519MLKEM768_x25519_secp256r1_secp384r1,8,False,,"1027,2052,1025,1283,2053,1281,2054,1537",ecdsa_secp256r1_sha256_rsa_pss_rsae_sha256_rsa_pkcs1_sha256_ecdsa_secp384r1_sha384_rsa_pss_rsae_sha384_rsa_pkcs1_sha384_rsa_pss_rsae_sha512_rsa_pkcs1_sha512,True,t13d1516h2,8daaf6152771,d8a2da3f94cd,t,13,d,15,16,h2,"1:65536;2:0;4:6291456;6:262144|15663105|1:1:0:256,3:1:0:220,5:1:0:256,7:1:5:110,9:1:7:110,11:1:9:110,13:1:0:256,15:1:13:110,17:1:15:110,19:1:17:110,21:1:0:256,23:1:21:110,25:1:23:110,27:1:25:110,29:1:0:256,31:1:29:110,33:1:29:110,35:1:33:110,37:1:0:256,39:1:37:110|m,a,s,p",1:65536;2:0;4:6291456;6:262144,15663105.0,"1:1:0:256,3:1:0:220,5:1:0:256,7:1:5:110,9:1:7:110,11:1:9:110,13:1:0:256,15:1:13:110,17:1:15:110,19:1:17:110,21:1:0:256,23:1:21:110,25:1:23:110,27:1:25:110,29:1:0:256,31:1:29:110,33:1:29:110,35:1:33:110,37:1:0:256,39:1:37:110","m,a,s,p",20.0,65536.0,0.0,,6291456.0,,262144.0,":method,:authority,:scheme,:path"
trial-017,d8e0f48f-e3b2-4ff8-90f5-601b66f80aa7,2026-05-02 09:24:00.916760063+00:00,205.172.168.145,POST,/collect,HTTP/2.0,0.198,TLS 1.3,h2,TLS_AES_128_GCM_SHA256,uxbehaviorsuite.com,True,515de6ac5655f4e1a804c1089ad1dca7,t13d1516h2_8daaf6152771_d8a2da3f94cd,"h2,http/1.1",h2,2,True,True,0.0,h2_first,"2570,772,771","TLS 1.3,TLS 1.2",2,True,True,True,False,0.0,TLS1.3+TLS1.2,True,15,True,0.0,"2570,4865,4866,4867,49195,49199,49196,49200,52393,52392,49171,49172,156,157,47,53",TLS_AES_128_GCM_SHA256_TLS_AES_256_GCM_SHA384_TLS_CHACHA20_POLY1305_SHA256_ECDHE-ECDSA-AES128-GCM_ECDHE-RSA-AES128-GCM_ECDHE-ECDSA-AES256-GCM_ECDHE-RSA-AES256-GCM_ECDHE-ECDSA-CHACHA20_ECDHE-RSA-CHACHA20_ECDHE-RSA-AES128-CBC_ECDHE-RSA-AES256-CBC_RSA-AES128-GCM_RSA-AES256-GCM_RSA-AES128-CBC_RSA-AES256-CBC,4,True,0.0,"2570,4588,29,23,24",X25519MLKEM768_x25519_secp256r1_secp384r1,8,False,,"1027,2052,1025,1283,2053,1281,2054,1537",ecdsa_secp256r1_sha256_rsa_pss_rsae_sha256_rsa_pkcs1_sha256_ecdsa_secp384r1_sha384_rsa_pss_rsae_sha384_rsa_pkcs1_sha384_rsa_pss_rsae_sha512_rsa_pkcs1_sha512,True,t13d1516h2,8daaf6152771,d8a2da3f94cd,t,13,d,15,16,h2,"1:65536;2:0;4:6291456;6:262144|15663105|1:1:0:256,3:1:0:220,5:1:0:256,7:1:5:110,9:1:7:110,11:1:9:110,13:1:0:256,15:1:13:110,17:1:15:110,19:1:17:110,21:1:0:256,23:1:21:110,25:1:23:110,27:1:25:110,29:1:0:256,31:1:29:110,33:1:29:110,35:1:33:110,37:1:0:256,39:1:37:110,41:1:39:110|m,a,s,p",1:65536;2:0;4:6291456;6:262144,15663105.0,"1:1:0:256,3:1:0:220,5:1:0:256,7:1:5:110,9:1:7:110,11:1:9:110,13:1:0:256,15:1:13:110,17:1:15:110,19:1:17:110,21:1:0:256,23:1:21:110,25:1:23:110,27:1:25:110,29:1:0:256,31:1:29:110,33:1:29:110,35:1:33:110,37:1:0:256,39:1:37:110,41:1:39:110","m,a,s,p",21.0,65536.0,0.0,,6291456.0,,262144.0,":method,:authority,:scheme,:path"
trial-017,4a009676-4819-4180-a72d-68c9edf7ae2c,2026-05-02 09:24:00.918609992+00:00,205.172.168.145,POST,/collect,HTTP/2.0,0.225,TLS 1.3,h2,TLS_AES_128_GCM_SHA256,uxbehaviorsuite.com,True,515de6ac5655f4e1a804c1089ad1dca7,t13d1516h2_8daaf6152771_d8a2da3f94cd,"h2,http/1.1",h2,2,True,True,0.0,h2_first,"2570,772,771","TLS 1.3,TLS 1.2",2,True,True,True,False,0.0,TLS1.3+TLS1.2,True,15,True,0.0,"2570,4865,4866,4867,49195,49199,49196,49200,52393,52392,49171,49172,156,157,47,53",TLS_AES_128_GCM_SHA256_TLS_AES_256_GCM_SHA384_TLS_CHACHA20_POLY1305_SHA256_ECDHE-ECDSA-AES128-GCM_ECDHE-RSA-AES128-GCM_ECDHE-ECDSA-AES256-GCM_ECDHE-RSA-AES256-GCM_ECDHE-ECDSA-CHACHA20_ECDHE-RSA-CHACHA20_ECDHE-RSA-AES128-CBC_ECDHE-RSA-AES256-CBC_RSA-AES128-GCM_RSA-AES256-GCM_RSA-AES128-CBC_RSA-AES256-CBC,4,True,0.0,"2570,4588,29,23,24",X25519MLKEM768_x25519_secp256r1_secp384r1,8,False,,"1027,2052,1025,1283,2053,1281,2054,1537",ecdsa_secp256r1_sha256_rsa_pss_rsae_sha256_rsa_pkcs1_sha256_ecdsa_secp384r1_sha384_rsa_pss_rsae_sha384_rsa_pkcs1_sha384_rsa_pss_rsae_sha512_rsa_pkcs1_sha512,True,t13d1516h2,8daaf6152771,d8a2da3f94cd,t,13,d,15,16,h2,"1:65536;2:0;4:6291456;6:262144|15663105|1:1:0:256,3:1:0:220,5:1:0:256,7:1:5:110,9:1:7:110,11:1:9:110,13:1:0:256,15:1:13:110,17:1:15:110,19:1:17:110,21:1:0:256,23:1:21:110,25:1:23:110,27:1:25:110,29:1:0:256,31:1:29:110,33:1:29:110,35:1:33:110,37:1:0:256,39:1:37:110,41:1:39:110,43:1:41:110|m,a,s,p",1:65536;2:0;4:6291456;6:262144,15663105.0,"1:1:0:256,3:1:0:220,5:1:0:256,7:1:5:110,9:1:7:110,11:1:9:110,13:1:0:256,15:1:13:110,17:1:15:110,19:1:17:110,21:1:0:256,23:1:21:110,25:1:23:110,27:1:25:110,29:1:0:256,31:1:29:110,33:1:29:110,35:1:33:110,37:1:0:256,39:1:37:110,41:1:39:110,43:1:41:110","m,a,s,p",22.0,65536.0,0.0,,6291456.0,,262144.0,":method,:authority,:scheme,:path"
trial-017,9dcc14ac-1638-4b60-87bf-13dbf1eab75c,2026-05-02 09:24:51.052945709+00:00,198.235.24.245,GET,/,HTTP/1.1,0.332,TLS 1.3,,TLS_AES_128_GCM_SHA256,devsecopstrainee.site,True,20b279993ae2e137e62b9647c6d768fb,t13d131100_f57a46bbacb6_ab7e3b40a677,,,0,False,False,,none,"772,771,770,769","TLS 1.3,TLS 1.2,TLS 1.1,TLS 1.0",4,False,True,True,True,,TLS1.3+TLS1.2+TLS1.1+TLS1.0,True,13,False,,"49195,49199,49196,49200,52393,52392,49161,49171,49162,49172,4865,4866,4867",ECDHE-ECDSA-AES128-GCM_ECDHE-RSA-AES128-GCM_ECDHE-ECDSA-AES256-GCM_ECDHE-RSA-AES256-GCM_ECDHE-ECDSA-CHACHA20_ECDHE-RSA-CHACHA20_49161_ECDHE-RSA-AES128-CBC_49162_ECDHE-RSA-AES256-CBC_TLS_AES_128_GCM_SHA256_TLS_AES_256_GCM_SHA384_TLS_CHACHA20_POLY1305_SHA256,5,False,,"4588,29,23,24,25",X25519MLKEM768_x25519_secp256r1_secp384r1_secp521r1,10,False,,"2052,1027,2055,2053,2054,1025,1281,1537,1283,1539",rsa_pss_rsae_sha256_ecdsa_secp256r1_sha256_2055_rsa_pss_rsae_sha384_rsa_pss_rsae_sha512_rsa_pkcs1_sha256_rsa_pkcs1_sha384_rsa_pkcs1_sha512_ecdsa_secp384r1_sha384_1539,True,t13d131100,f57a46bbacb6,ab7e3b40a677,t,13,d,13,11,00,,,,,,,,,,,,,
trial-017,f868788d-de33-4a58-8f4a-4f7ed6e07dcc,2026-05-02 09:25:09.372632115+00:00,205.172.168.145,GET,/s5-delayed-feedback.html,HTTP/2.0,0.504,TLS 1.3,h2,TLS_AES_128_GCM_SHA256,uxbehaviorsuite.com,True,515de6ac5655f4e1a804c1089ad1dca7,t13d1516h2_8daaf6152771_d8a2da3f94cd,"h2,http/1.1",h2,2,True,True,0.0,h2_first,"2570,772,771","TLS 1.3,TLS 1.2",2,True,True,True,False,0.0,TLS1.3+TLS1.2,True,15,True,0.0,"2570,4865,4866,4867,49195,49199,49196,49200,52393,52392,49171,49172,156,157,47,53",TLS_AES_128_GCM_SHA256_TLS_AES_256_GCM_SHA384_TLS_CHACHA20_POLY1305_SHA256_ECDHE-ECDSA-AES128-GCM_ECDHE-RSA-AES128-GCM_ECDHE-ECDSA-AES256-GCM_ECDHE-RSA-AES256-GCM_ECDHE-ECDSA-CHACHA20_ECDHE-RSA-CHACHA20_ECDHE-RSA-AES128-CBC_ECDHE-RSA-AES256-CBC_RSA-AES128-GCM_RSA-AES256-GCM_RSA-AES128-CBC_RSA-AES256-CBC,4,True,0.0,"2570,4588,29,23,24",X25519MLKEM768_x25519_secp256r1_secp384r1,8,False,,"1027,2052,1025,1283,2053,1281,2054,1537",ecdsa_secp256r1_sha256_rsa_pss_rsae_sha256_rsa_pkcs1_sha256_ecdsa_secp384r1_sha384_rsa_pss_rsae_sha384_rsa_pkcs1_sha384_rsa_pss_rsae_sha512_rsa_pkcs1_sha512,True,t13d1516h2,8daaf6152771,d8a2da3f94cd,t,13,d,15,16,h2,"1:65536;2:0;4:6291456;6:262144|15663105|1:1:0:256,3:1:0:220,5:1:0:256,7:1:5:110,9:1:7:110,11:1:9:110,13:1:0:256,15:1:13:110,17:1:15:110,19:1:17:110,21:1:0:256,23:1:21:110,25:1:23:110,27:1:25:110,29:1:0:256,31:1:29:110,33:1:29:110,35:1:33:110,37:1:0:256,39:1:37:110,41:1:39:110,43:1:41:110,45:1:0:256|m,a,s,p",1:65536;2:0;4:6291456;6:262144,15663105.0,"1:1:0:256,3:1:0:220,5:1:0:256,7:1:5:110,9:1:7:110,11:1:9:110,13:1:0:256,15:1:13:110,17:1:15:110,19:1:17:110,21:1:0:256,23:1:21:110,25:1:23:110,27:1:25:110,29:1:0:256,31:1:29:110,33:1:29:110,35:1:33:110,37:1:0:256,39:1:37:110,41:1:39:110,43:1:41:110,45:1:0:256","m,a,s,p",23.0,65536.0,0.0,,6291456.0,,262144.0,":method,:authority,:scheme,:path"
trial-017,14381326-eabb-4e2c-bd70-e69d7c6ea6ea,2026-05-02 09:25:09.373248209+00:00,205.172.168.145,POST,/collect,HTTP/2.0,0.29,TLS 1.3,h2,TLS_AES_128_GCM_SHA256,uxbehaviorsuite.com,True,515de6ac5655f4e1a804c1089ad1dca7,t13d1516h2_8daaf6152771_d8a2da3f94cd,"h2,http/1.1",h2,2,True,True,0.0,h2_first,"2570,772,771","TLS 1.3,TLS 1.2",2,True,True,True,False,0.0,TLS1.3+TLS1.2,True,15,True,0.0,"2570,4865,4866,4867,49195,49199,49196,49200,52393,52392,49171,49172,156,157,47,53",TLS_AES_128_GCM_SHA256_TLS_AES_256_GCM_SHA384_TLS_CHACHA20_POLY1305_SHA256_ECDHE-ECDSA-AES128-GCM_ECDHE-RSA-AES128-GCM_ECDHE-ECDSA-AES256-GCM_ECDHE-RSA-AES256-GCM_ECDHE-ECDSA-CHACHA20_ECDHE-RSA-CHACHA20_ECDHE-RSA-AES128-CBC_ECDHE-RSA-AES256-CBC_RSA-AES128-GCM_RSA-AES256-GCM_RSA-AES128-CBC_RSA-AES256-CBC,4,True,0.0,"2570,4588,29,23,24",X25519MLKEM768_x25519_secp256r1_secp384r1,8,False,,"1027,2052,1025,1283,2053,1281,2054,1537",ecdsa_secp256r1_sha256_rsa_pss_rsae_sha256_rsa_pkcs1_sha256_ecdsa_secp384r1_sha384_rsa_pss_rsae_sha384_rsa_pkcs1_sha384_rsa_pss_rsae_sha512_rsa_pkcs1_sha512,True,t13d1516h2,8daaf6152771,d8a2da3f94cd,t,13,d,15,16,h2,"1:65536;2:0;4:6291456;6:262144|15663105|1:1:0:256,3:1:0:220,5:1:0:256,7:1:5:110,9:1:7:110,11:1:9:110,13:1:0:256,15:1:13:110,17:1:15:110,19:1:17:110,21:1:0:256,23:1:21:110,25:1:23:110,27:1:25:110,29:1:0:256,31:1:29:110,33:1:29:110,35:1:33:110,37:1:0:256,39:1:37:110,41:1:39:110,43:1:41:110,45:1:0:256,47:1:45:110|m,a,s,p",1:65536;2:0;4:6291456;6:262144,15663105.0,"1:1:0:256,3:1:0:220,5:1:0:256,7:1:5:110,9:1:7:110,11:1:9:110,13:1:0:256,15:1:13:110,17:1:15:110,19:1:17:110,21:1:0:256,23:1:21:110,25:1:23:110,27:1:25:110,29:1:0:256,31:1:29:110,33:1:29:110,35:1:33:110,37:1:0:256,39:1:37:110,41:1:39:110,43:1:41:110,45:1:0:256,47:1:45:110","m,a,s,p",24.0,65536.0,0.0,,6291456.0,,262144.0,":method,:authority,:scheme,:path"
trial-017,098103ac-64ca-4397-87b0-7cd012a8c3ef,2026-05-02 09:25:09.392596241+00:00,205.172.168.145,POST,/collect,HTTP/2.0,0.235,TLS 1.3,h2,TLS_AES_128_GCM_SHA256,uxbehaviorsuite.com,True,515de6ac5655f4e1a804c1089ad1dca7,t13d1516h2_8daaf6152771_d8a2da3f94cd,"h2,http/1.1",h2,2,True,True,0.0,h2_first,"2570,772,771","TLS 1.3,TLS 1.2",2,True,True,True,False,0.0,TLS1.3+TLS1.2,True,15,True,0.0,"2570,4865,4866,4867,49195,49199,49196,49200,52393,52392,49171,49172,156,157,47,53",TLS_AES_128_GCM_SHA256_TLS_AES_256_GCM_SHA384_TLS_CHACHA20_POLY1305_SHA256_ECDHE-ECDSA-AES128-GCM_ECDHE-RSA-AES128-GCM_ECDHE-ECDSA-AES256-GCM_ECDHE-RSA-AES256-GCM_ECDHE-ECDSA-CHACHA20_ECDHE-RSA-CHACHA20_ECDHE-RSA-AES128-CBC_ECDHE-RSA-AES256-CBC_RSA-AES128-GCM_RSA-AES256-GCM_RSA-AES128-CBC_RSA-AES256-CBC,4,True,0.0,"2570,4588,29,23,24",X25519MLKEM768_x25519_secp256r1_secp384r1,8,False,,"1027,2052,1025,1283,2053,1281,2054,1537",ecdsa_secp256r1_sha256_rsa_pss_rsae_sha256_rsa_pkcs1_sha256_ecdsa_secp384r1_sha384_rsa_pss_rsae_sha384_rsa_pkcs1_sha384_rsa_pss_rsae_sha512_rsa_pkcs1_sha512,True,t13d1516h2,8daaf6152771,d8a2da3f94cd,t,13,d,15,16,h2,"1:65536;2:0;4:6291456;6:262144|15663105|1:1:0:256,3:1:0:220,5:1:0:256,7:1:5:110,9:1:7:110,11:1:9:110,13:1:0:256,15:1:13:110,17:1:15:110,19:1:17:110,21:1:0:256,23:1:21:110,25:1:23:110,27:1:25:110,29:1:0:256,31:1:29:110,33:1:29:110,35:1:33:110,37:1:0:256,39:1:37:110,41:1:39:110,43:1:41:110,45:1:0:256,47:1:45:110,49:1:47:110|m,a,s,p",1:65536;2:0;4:6291456;6:262144,15663105.0,"1:1:0:256,3:1:0:220,5:1:0:256,7:1:5:110,9:1:7:110,11:1:9:110,13:1:0:256,15:1:13:110,17:1:15:110,19:1:17:110,21:1:0:256,23:1:21:110,25:1:23:110,27:1:25:110,29:1:0:256,31:1:29:110,33:1:29:110,35:1:33:110,37:1:0:256,39:1:37:110,41:1:39:110,43:1:41:110,45:1:0:256,47:1:45:110,49:1:47:110","m,a,s,p",25.0,65536.0,0.0,,6291456.0,,262144.0,":method,:authority,:scheme,:path"
trial-017,c576df63-a313-4926-84b3-da60338fcd74,2026-05-02 09:25:09.397127726+00:00,205.172.168.145,POST,/collect,HTTP/2.0,0.209,TLS 1.3,h2,TLS_AES_128_GCM_SHA256,uxbehaviorsuite.com,True,515de6ac5655f4e1a804c1089ad1dca7,t13d1516h2_8daaf6152771_d8a2da3f94cd,"h2,http/1.1",h2,2,True,True,0.0,h2_first,"2570,772,771","TLS 1.3,TLS 1.2",2,True,True,True,False,0.0,TLS1.3+TLS1.2,True,15,True,0.0,"2570,4865,4866,4867,49195,49199,49196,49200,52393,52392,49171,49172,156,157,47,53",TLS_AES_128_GCM_SHA256_TLS_AES_256_GCM_SHA384_TLS_CHACHA20_POLY1305_SHA256_ECDHE-ECDSA-AES128-GCM_ECDHE-RSA-AES128-GCM_ECDHE-ECDSA-AES256-GCM_ECDHE-RSA-AES256-GCM_ECDHE-ECDSA-CHACHA20_ECDHE-RSA-CHACHA20_ECDHE-RSA-AES128-CBC_ECDHE-RSA-AES256-CBC_RSA-AES128-GCM_RSA-AES256-GCM_RSA-AES128-CBC_RSA-AES256-CBC,4,True,0.0,"2570,4588,29,23,24",X25519MLKEM768_x25519_secp256r1_secp384r1,8,False,,"1027,2052,1025,1283,2053,1281,2054,1537",ecdsa_secp256r1_sha256_rsa_pss_rsae_sha256_rsa_pkcs1_sha256_ecdsa_secp384r1_sha384_rsa_pss_rsae_sha384_rsa_pkcs1_sha384_rsa_pss_rsae_sha512_rsa_pkcs1_sha512,True,t13d1516h2,8daaf6152771,d8a2da3f94cd,t,13,d,15,16,h2,"1:65536;2:0;4:6291456;6:262144|15663105|1:1:0:256,3:1:0:220,5:1:0:256,7:1:5:110,9:1:7:110,11:1:9:110,13:1:0:256,15:1:13:110,17:1:15:110,19:1:17:110,21:1:0:256,23:1:21:110,25:1:23:110,27:1:25:110,29:1:0:256,31:1:29:110,33:1:29:110,35:1:33:110,37:1:0:256,39:1:37:110,41:1:39:110,43:1:41:110,45:1:0:256,47:1:45:110,49:1:47:110,51:1:49:110|m,a,s,p",1:65536;2:0;4:6291456;6:262144,15663105.0,"1:1:0:256,3:1:0:220,5:1:0:256,7:1:5:110,9:1:7:110,11:1:9:110,13:1:0:256,15:1:13:110,17:1:15:110,19:1:17:110,21:1:0:256,23:1:21:110,25:1:23:110,27:1:25:110,29:1:0:256,31:1:29:110,33:1:29:110,35:1:33:110,37:1:0:256,39:1:37:110,41:1:39:110,43:1:41:110,45:1:0:256,47:1:45:110,49:1:47:110,51:1:49:110","m,a,s,p",26.0,65536.0,0.0,,6291456.0,,262144.0,":method,:authority,:scheme,:path"
trial-018,4539f3d1-219a-4eb8-9b94-b876fe5ef517,2026-05-02 09:41:03.267236752+00:00,205.172.168.145,GET,/subscribe-v1.html,HTTP/2.0,0.359,TLS 1.3,h2,TLS_AES_128_GCM_SHA256,uxbehaviorsuite.com,True,11ef15b47ba4bfea243eaf692146cb23,t13d1516h2_8daaf6152771_d8a2da3f94cd,"h2,http/1.1",h2,2,True,True,0.0,h2_first,"2570,772,771","TLS 1.3,TLS 1.2",2,True,True,True,False,0.0,TLS1.3+TLS1.2,True,15,True,0.0,"2570,4865,4866,4867,49195,49199,49196,49200,52393,52392,49171,49172,156,157,47,53",TLS_AES_128_GCM_SHA256_TLS_AES_256_GCM_SHA384_TLS_CHACHA20_POLY1305_SHA256_ECDHE-ECDSA-AES128-GCM_ECDHE-RSA-AES128-GCM_ECDHE-ECDSA-AES256-GCM_ECDHE-RSA-AES256-GCM_ECDHE-ECDSA-CHACHA20_ECDHE-RSA-CHACHA20_ECDHE-RSA-AES128-CBC_ECDHE-RSA-AES256-CBC_RSA-AES128-GCM_RSA-AES256-GCM_RSA-AES128-CBC_RSA-AES256-CBC,4,True,0.0,"2570,4588,29,23,24",X25519MLKEM768_x25519_secp256r1_secp384r1,8,False,,"1027,2052,1025,1283,2053,1281,2054,1537",ecdsa_secp256r1_sha256_rsa_pss_rsae_sha256_rsa_pkcs1_sha256_ecdsa_secp384r1_sha384_rsa_pss_rsae_sha384_rsa_pkcs1_sha384_rsa_pss_rsae_sha512_rsa_pkcs1_sha512,True,t13d1516h2,8daaf6152771,d8a2da3f94cd,t,13,d,15,16,h2,"1:65536;2:0;4:6291456;6:262144|15663105|1:1:0:256|m,a,s,p",1:65536;2:0;4:6291456;6:262144,15663105.0,1:1:0:256,"m,a,s,p",1.0,65536.0,0.0,,6291456.0,,262144.0,":method,:authority,:scheme,:path"
trial-018,47f006af-8a2c-4f12-9a72-aeb25fed7a10,2026-05-02 09:41:03.299679357+00:00,205.172.168.145,GET,/logger.js,HTTP/2.0,0.492,TLS 1.3,h2,TLS_AES_128_GCM_SHA256,uxbehaviorsuite.com,True,11ef15b47ba4bfea243eaf692146cb23,t13d1516h2_8daaf6152771_d8a2da3f94cd,"h2,http/1.1",h2,2,True,True,0.0,h2_first,"2570,772,771","TLS 1.3,TLS 1.2",2,True,True,True,False,0.0,TLS1.3+TLS1.2,True,15,True,0.0,"2570,4865,4866,4867,49195,49199,49196,49200,52393,52392,49171,49172,156,157,47,53",TLS_AES_128_GCM_SHA256_TLS_AES_256_GCM_SHA384_TLS_CHACHA20_POLY1305_SHA256_ECDHE-ECDSA-AES128-GCM_ECDHE-RSA-AES128-GCM_ECDHE-ECDSA-AES256-GCM_ECDHE-RSA-AES256-GCM_ECDHE-ECDSA-CHACHA20_ECDHE-RSA-CHACHA20_ECDHE-RSA-AES128-CBC_ECDHE-RSA-AES256-CBC_RSA-AES128-GCM_RSA-AES256-GCM_RSA-AES128-CBC_RSA-AES256-CBC,4,True,0.0,"2570,4588,29,23,24",X25519MLKEM768_x25519_secp256r1_secp384r1,8,False,,"1027,2052,1025,1283,2053,1281,2054,1537",ecdsa_secp256r1_sha256_rsa_pss_rsae_sha256_rsa_pkcs1_sha256_ecdsa_secp384r1_sha384_rsa_pss_rsae_sha384_rsa_pkcs1_sha384_rsa_pss_rsae_sha512_rsa_pkcs1_sha512,True,t13d1516h2,8daaf6152771,d8a2da3f94cd,t,13,d,15,16,h2,"1:65536;2:0;4:6291456;6:262144|15663105|1:1:0:256,3:1:0:220|m,a,s,p",1:65536;2:0;4:6291456;6:262144,15663105.0,"1:1:0:256,3:1:0:220","m,a,s,p",2.0,65536.0,0.0,,6291456.0,,262144.0,":method,:authority,:scheme,:path"
trial-018,fbf89a12-b84d-486c-a289-e88c2101eb6c,2026-05-02 09:42:15.295269473+00:00,172.68.183.55,GET,/wp-admin/install.php,HTTP/2.0,0.207,TLS 1.3,h2,TLS_AES_128_GCM_SHA256,uxbehaviorsuite.com,True,1449472ba4c4ddb602762f628f080be4,t13d1412h2_e33ad33b3d25_6b314db333b6,"h2,http/1.1",h2,2,True,True,0.0,h2_first,"772,771,770,769","TLS 1.3,TLS 1.2,TLS 1.1,TLS 1.0",4,False,True,True,True,,TLS1.3+TLS1.2+TLS1.1+TLS1.0,True,14,False,,"4865,4866,4867,49195,49196,49199,49200,49171,49192,156,157,47,53,10",TLS_AES_128_GCM_SHA256_TLS_AES_256_GCM_SHA384_TLS_CHACHA20_POLY1305_SHA256_ECDHE-ECDSA-AES128-GCM_ECDHE-ECDSA-AES256-GCM_ECDHE-RSA-AES128-GCM_ECDHE-RSA-AES256-GCM_ECDHE-RSA-AES128-CBC_49192_RSA-AES128-GCM_RSA-AES256-GCM_RSA-AES128-CBC_RSA-AES256-CBC_10,7,False,,"29,23,24,25,4588,25497,65074",x25519_secp256r1_secp384r1_secp521r1_X25519MLKEM768_x25519Kyber768_65074,10,False,,"1027,2052,1025,1283,2053,1281,2054,1537,513,1539",ecdsa_secp256r1_sha256_rsa_pss_rsae_sha256_rsa_pkcs1_sha256_ecdsa_secp384r1_sha384_rsa_pss_rsae_sha384_rsa_pkcs1_sha384_rsa_pss_rsae_sha512_rsa_pkcs1_sha512_513_1539,True,t13d1412h2,e33ad33b3d25,6b314db333b6,t,13,d,14,12,h2,"2:0;3:1;4:8388608;5:65536|8323073|0|m,s,a,p",2:0;3:1;4:8388608;5:65536,8323073.0,0,"m,s,a,p",1.0,,0.0,1.0,8388608.0,65536.0,,":method,:scheme,:authority,:path"
trial-018,82bd5b1e-1a50-4472-a3b9-1d3a038bd8c9,2026-05-02 09:42:29.394341947+00:00,205.172.168.145,GET,/subscribe-v2.html,HTTP/2.0,0.491,TLS 1.3,h2,TLS_AES_128_GCM_SHA256,uxbehaviorsuite.com,True,11ef15b47ba4bfea243eaf692146cb23,t13d1516h2_8daaf6152771_d8a2da3f94cd,"h2,http/1.1",h2,2,True,True,0.0,h2_first,"2570,772,771","TLS 1.3,TLS 1.2",2,True,True,True,False,0.0,TLS1.3+TLS1.2,True,15,True,0.0,"2570,4865,4866,4867,49195,49199,49196,49200,52393,52392,49171,49172,156,157,47,53",TLS_AES_128_GCM_SHA256_TLS_AES_256_GCM_SHA384_TLS_CHACHA20_POLY1305_SHA256_ECDHE-ECDSA-AES128-GCM_ECDHE-RSA-AES128-GCM_ECDHE-ECDSA-AES256-GCM_ECDHE-RSA-AES256-GCM_ECDHE-ECDSA-CHACHA20_ECDHE-RSA-CHACHA20_ECDHE-RSA-AES128-CBC_ECDHE-RSA-AES256-CBC_RSA-AES128-GCM_RSA-AES256-GCM_RSA-AES128-CBC_RSA-AES256-CBC,4,True,0.0,"2570,4588,29,23,24",X25519MLKEM768_x25519_secp256r1_secp384r1,8,False,,"1027,2052,1025,1283,2053,1281,2054,1537",ecdsa_secp256r1_sha256_rsa_pss_rsae_sha256_rsa_pkcs1_sha256_ecdsa_secp384r1_sha384_rsa_pss_rsae_sha384_rsa_pkcs1_sha384_rsa_pss_rsae_sha512_rsa_pkcs1_sha512,True,t13d1516h2,8daaf6152771,d8a2da3f94cd,t,13,d,15,16,h2,"1:65536;2:0;4:6291456;6:262144|15663105|1:1:0:256,3:1:0:220,5:1:0:256,7:1:5:110|m,a,s,p",1:65536;2:0;4:6291456;6:262144,15663105.0,"1:1:0:256,3:1:0:220,5:1:0:256,7:1:5:110","m,a,s,p",4.0,65536.0,0.0,,6291456.0,,262144.0,":method,:authority,:scheme,:path"
trial-018,4d92fee7-33fd-4480-a651-1f48df13d5a8,2026-05-02 09:42:29.394482546+00:00,205.172.168.145,POST,/collect,HTTP/2.0,0.527,TLS 1.3,h2,TLS_AES_128_GCM_SHA256,uxbehaviorsuite.com,True,11ef15b47ba4bfea243eaf692146cb23,t13d1516h2_8daaf6152771_d8a2da3f94cd,"h2,http/1.1",h2,2,True,True,0.0,h2_first,"2570,772,771","TLS 1.3,TLS 1.2",2,True,True,True,False,0.0,TLS1.3+TLS1.2,True,15,True,0.0,"2570,4865,4866,4867,49195,49199,49196,49200,52393,52392,49171,49172,156,157,47,53",TLS_AES_128_GCM_SHA256_TLS_AES_256_GCM_SHA384_TLS_CHACHA20_POLY1305_SHA256_ECDHE-ECDSA-AES128-GCM_ECDHE-RSA-AES128-GCM_ECDHE-ECDSA-AES256-GCM_ECDHE-RSA-AES256-GCM_ECDHE-ECDSA-CHACHA20_ECDHE-RSA-CHACHA20_ECDHE-RSA-AES128-CBC_ECDHE-RSA-AES256-CBC_RSA-AES128-GCM_RSA-AES256-GCM_RSA-AES128-CBC_RSA-AES256-CBC,4,True,0.0,"2570,4588,29,23,24",X25519MLKEM768_x25519_secp256r1_secp384r1,8,False,,"1027,2052,1025,1283,2053,1281,2054,1537",ecdsa_secp256r1_sha256_rsa_pss_rsae_sha256_rsa_pkcs1_sha256_ecdsa_secp384r1_sha384_rsa_pss_rsae_sha384_rsa_pkcs1_sha384_rsa_pss_rsae_sha512_rsa_pkcs1_sha512,True,t13d1516h2,8daaf6152771,d8a2da3f94cd,t,13,d,15,16,h2,"1:65536;2:0;4:6291456;6:262144|15663105|1:1:0:256,3:1:0:220,5:1:0:256,7:1:5:110|m,a,s,p",1:65536;2:0;4:6291456;6:262144,15663105.0,"1:1:0:256,3:1:0:220,5:1:0:256,7:1:5:110","m,a,s,p",4.0,65536.0,0.0,,6291456.0,,262144.0,":method,:authority,:scheme,:path"
trial-018,f0f7dfb5-4dbc-42c4-965a-859a8232ed05,2026-05-02 09:42:29.413784427+00:00,205.172.168.145,POST,/collect,HTTP/2.0,0.221,TLS 1.3,h2,TLS_AES_128_GCM_SHA256,uxbehaviorsuite.com,True,11ef15b47ba4bfea243eaf692146cb23,t13d1516h2_8daaf6152771_d8a2da3f94cd,"h2,http/1.1",h2,2,True,True,0.0,h2_first,"2570,772,771","TLS 1.3,TLS 1.2",2,True,True,True,False,0.0,TLS1.3+TLS1.2,True,15,True,0.0,"2570,4865,4866,4867,49195,49199,49196,49200,52393,52392,49171,49172,156,157,47,53",TLS_AES_128_GCM_SHA256_TLS_AES_256_GCM_SHA384_TLS_CHACHA20_POLY1305_SHA256_ECDHE-ECDSA-AES128-GCM_ECDHE-RSA-AES128-GCM_ECDHE-ECDSA-AES256-GCM_ECDHE-RSA-AES256-GCM_ECDHE-ECDSA-CHACHA20_ECDHE-RSA-CHACHA20_ECDHE-RSA-AES128-CBC_ECDHE-RSA-AES256-CBC_RSA-AES128-GCM_RSA-AES256-GCM_RSA-AES128-CBC_RSA-AES256-CBC,4,True,0.0,"2570,4588,29,23,24",X25519MLKEM768_x25519_secp256r1_secp384r1,8,False,,"1027,2052,1025,1283,2053,1281,2054,1537",ecdsa_secp256r1_sha256_rsa_pss_rsae_sha256_rsa_pkcs1_sha256_ecdsa_secp384r1_sha384_rsa_pss_rsae_sha384_rsa_pkcs1_sha384_rsa_pss_rsae_sha512_rsa_pkcs1_sha512,True,t13d1516h2,8daaf6152771,d8a2da3f94cd,t,13,d,15,16,h2,"1:65536;2:0;4:6291456;6:262144|15663105|1:1:0:256,3:1:0:220,5:1:0:256,7:1:5:110,9:1:7:110|m,a,s,p",1:65536;2:0;4:6291456;6:262144,15663105.0,"1:1:0:256,3:1:0:220,5:1:0:256,7:1:5:110,9:1:7:110","m,a,s,p",5.0,65536.0,0.0,,6291456.0,,262144.0,":method,:authority,:scheme,:path"
trial-018,ccd81ef4-ffd9-4e00-b274-7d6a839a2032,2026-05-02 09:42:29.416876946+00:00,205.172.168.145,POST,/collect,HTTP/2.0,0.206,TLS 1.3,h2,TLS_AES_128_GCM_SHA256,uxbehaviorsuite.com,True,11ef15b47ba4bfea243eaf692146cb23,t13d1516h2_8daaf6152771_d8a2da3f94cd,"h2,http/1.1",h2,2,True,True,0.0,h2_first,"2570,772,771","TLS 1.3,TLS 1.2",2,True,True,True,False,0.0,TLS1.3+TLS1.2,True,15,True,0.0,"2570,4865,4866,4867,49195,49199,49196,49200,52393,52392,49171,49172,156,157,47,53",TLS_AES_128_GCM_SHA256_TLS_AES_256_GCM_SHA384_TLS_CHACHA20_POLY1305_SHA256_ECDHE-ECDSA-AES128-GCM_ECDHE-RSA-AES128-GCM_ECDHE-ECDSA-AES256-GCM_ECDHE-RSA-AES256-GCM_ECDHE-ECDSA-CHACHA20_ECDHE-RSA-CHACHA20_ECDHE-RSA-AES128-CBC_ECDHE-RSA-AES256-CBC_RSA-AES128-GCM_RSA-AES256-GCM_RSA-AES128-CBC_RSA-AES256-CBC,4,True,0.0,"2570,4588,29,23,24",X25519MLKEM768_x25519_secp256r1_secp384r1,8,False,,"1027,2052,1025,1283,2053,1281,2054,1537",ecdsa_secp256r1_sha256_rsa_pss_rsae_sha256_rsa_pkcs1_sha256_ecdsa_secp384r1_sha384_rsa_pss_rsae_sha384_rsa_pkcs1_sha384_rsa_pss_rsae_sha512_rsa_pkcs1_sha512,True,t13d1516h2,8daaf6152771,d8a2da3f94cd,t,13,d,15,16,h2,"1:65536;2:0;4:6291456;6:262144|15663105|1:1:0:256,3:1:0:220,5:1:0:256,7:1:5:110,9:1:7:110,11:1:9:110|m,a,s,p",1:65536;2:0;4:6291456;6:262144,15663105.0,"1:1:0:256,3:1:0:220,5:1:0:256,7:1:5:110,9:1:7:110,11:1:9:110","m,a,s,p",6.0,65536.0,0.0,,6291456.0,,262144.0,":method,:authority,:scheme,:path"
trial-018,301fd2e9-9ac3-4723-94b3-20f221dd4cd7,2026-05-02 09:43:44.917349711+00:00,205.172.168.145,GET,/subscribe-v3.html,HTTP/2.0,0.624,TLS 1.3,h2,TLS_AES_128_GCM_SHA256,uxbehaviorsuite.com,True,11ef15b47ba4bfea243eaf692146cb23,t13d1516h2_8daaf6152771_d8a2da3f94cd,"h2,http/1.1",h2,2,True,True,0.0,h2_first,"2570,772,771","TLS 1.3,TLS 1.2",2,True,True,True,False,0.0,TLS1.3+TLS1.2,True,15,True,0.0,"2570,4865,4866,4867,49195,49199,49196,49200,52393,52392,49171,49172,156,157,47,53",TLS_AES_128_GCM_SHA256_TLS_AES_256_GCM_SHA384_TLS_CHACHA20_POLY1305_SHA256_ECDHE-ECDSA-AES128-GCM_ECDHE-RSA-AES128-GCM_ECDHE-ECDSA-AES256-GCM_ECDHE-RSA-AES256-GCM_ECDHE-ECDSA-CHACHA20_ECDHE-RSA-CHACHA20_ECDHE-RSA-AES128-CBC_ECDHE-RSA-AES256-CBC_RSA-AES128-GCM_RSA-AES256-GCM_RSA-AES128-CBC_RSA-AES256-CBC,4,True,0.0,"2570,4588,29,23,24",X25519MLKEM768_x25519_secp256r1_secp384r1,8,False,,"1027,2052,1025,1283,2053,1281,2054,1537",ecdsa_secp256r1_sha256_rsa_pss_rsae_sha256_rsa_pkcs1_sha256_ecdsa_secp384r1_sha384_rsa_pss_rsae_sha384_rsa_pkcs1_sha384_rsa_pss_rsae_sha512_rsa_pkcs1_sha512,True,t13d1516h2,8daaf6152771,d8a2da3f94cd,t,13,d,15,16,h2,"1:65536;2:0;4:6291456;6:262144|15663105|1:1:0:256,3:1:0:220,5:1:0:256,7:1:5:110,9:1:7:110,11:1:9:110,13:1:0:256|m,a,s,p",1:65536;2:0;4:6291456;6:262144,15663105.0,"1:1:0:256,3:1:0:220,5:1:0:256,7:1:5:110,9:1:7:110,11:1:9:110,13:1:0:256","m,a,s,p",7.0,65536.0,0.0,,6291456.0,,262144.0,":method,:authority,:scheme,:path"
trial-018,d710a5f8-bc86-4bf5-ab45-61c153ce447c,2026-05-02 09:43:44.917786282+00:00,205.172.168.145,POST,/collect,HTTP/2.0,0.576,TLS 1.3,h2,TLS_AES_128_GCM_SHA256,uxbehaviorsuite.com,True,11ef15b47ba4bfea243eaf692146cb23,t13d1516h2_8daaf6152771_d8a2da3f94cd,"h2,http/1.1",h2,2,True,True,0.0,h2_first,"2570,772,771","TLS 1.3,TLS 1.2",2,True,True,True,False,0.0,TLS1.3+TLS1.2,True,15,True,0.0,"2570,4865,4866,4867,49195,49199,49196,49200,52393,52392,49171,49172,156,157,47,53",TLS_AES_128_GCM_SHA256_TLS_AES_256_GCM_SHA384_TLS_CHACHA20_POLY1305_SHA256_ECDHE-ECDSA-AES128-GCM_ECDHE-RSA-AES128-GCM_ECDHE-ECDSA-AES256-GCM_ECDHE-RSA-AES256-GCM_ECDHE-ECDSA-CHACHA20_ECDHE-RSA-CHACHA20_ECDHE-RSA-AES128-CBC_ECDHE-RSA-AES256-CBC_RSA-AES128-GCM_RSA-AES256-GCM_RSA-AES128-CBC_RSA-AES256-CBC,4,True,0.0,"2570,4588,29,23,24",X25519MLKEM768_x25519_secp256r1_secp384r1,8,False,,"1027,2052,1025,1283,2053,1281,2054,1537",ecdsa_secp256r1_sha256_rsa_pss_rsae_sha256_rsa_pkcs1_sha256_ecdsa_secp384r1_sha384_rsa_pss_rsae_sha384_rsa_pkcs1_sha384_rsa_pss_rsae_sha512_rsa_pkcs1_sha512,True,t13d1516h2,8daaf6152771,d8a2da3f94cd,t,13,d,15,16,h2,"1:65536;2:0;4:6291456;6:262144|15663105|1:1:0:256,3:1:0:220,5:1:0:256,7:1:5:110,9:1:7:110,11:1:9:110,13:1:0:256,15:1:13:110|m,a,s,p",1:65536;2:0;4:6291456;6:262144,15663105.0,"1:1:0:256,3:1:0:220,5:1:0:256,7:1:5:110,9:1:7:110,11:1:9:110,13:1:0:256,15:1:13:110","m,a,s,p",8.0,65536.0,0.0,,6291456.0,,262144.0,":method,:authority,:scheme,:path"
trial-018,b7bef754-17e2-4677-8ad4-d1ffd61c5828,2026-05-02 09:43:44.938867115+00:00,205.172.168.145,POST,/collect,HTTP/2.0,0.23,TLS 1.3,h2,TLS_AES_128_GCM_SHA256,uxbehaviorsuite.com,True,11ef15b47ba4bfea243eaf692146cb23,t13d1516h2_8daaf6152771_d8a2da3f94cd,"h2,http/1.1",h2,2,True,True,0.0,h2_first,"2570,772,771","TLS 1.3,TLS 1.2",2,True,True,True,False,0.0,TLS1.3+TLS1.2,True,15,True,0.0,"2570,4865,4866,4867,49195,49199,49196,49200,52393,52392,49171,49172,156,157,47,53",TLS_AES_128_GCM_SHA256_TLS_AES_256_GCM_SHA384_TLS_CHACHA20_POLY1305_SHA256_ECDHE-ECDSA-AES128-GCM_ECDHE-RSA-AES128-GCM_ECDHE-ECDSA-AES256-GCM_ECDHE-RSA-AES256-GCM_ECDHE-ECDSA-CHACHA20_ECDHE-RSA-CHACHA20_ECDHE-RSA-AES128-CBC_ECDHE-RSA-AES256-CBC_RSA-AES128-GCM_RSA-AES256-GCM_RSA-AES128-CBC_RSA-AES256-CBC,4,True,0.0,"2570,4588,29,23,24",X25519MLKEM768_x25519_secp256r1_secp384r1,8,False,,"1027,2052,1025,1283,2053,1281,2054,1537",ecdsa_secp256r1_sha256_rsa_pss_rsae_sha256_rsa_pkcs1_sha256_ecdsa_secp384r1_sha384_rsa_pss_rsae_sha384_rsa_pkcs1_sha384_rsa_pss_rsae_sha512_rsa_pkcs1_sha512,True,t13d1516h2,8daaf6152771,d8a2da3f94cd,t,13,d,15,16,h2,"1:65536;2:0;4:6291456;6:262144|15663105|1:1:0:256,3:1:0:220,5:1:0:256,7:1:5:110,9:1:7:110,11:1:9:110,13:1:0:256,15:1:13:110,17:1:15:110|m,a,s,p",1:65536;2:0;4:6291456;6:262144,15663105.0,"1:1:0:256,3:1:0:220,5:1:0:256,7:1:5:110,9:1:7:110,11:1:9:110,13:1:0:256,15:1:13:110,17:1:15:110","m,a,s,p",9.0,65536.0,0.0,,6291456.0,,262144.0,":method,:authority,:scheme,:path"
trial-018,4976033e-4333-4d37-88b7-2d01c6813b59,2026-05-02 09:43:44.941693455+00:00,205.172.168.145,POST,/collect,HTTP/2.0,0.217,TLS 1.3,h2,TLS_AES_128_GCM_SHA256,uxbehaviorsuite.com,True,11ef15b47ba4bfea243eaf692146cb23,t13d1516h2_8daaf6152771_d8a2da3f94cd,"h2,http/1.1",h2,2,True,True,0.0,h2_first,"2570,772,771","TLS 1.3,TLS 1.2",2,True,True,True,False,0.0,TLS1.3+TLS1.2,True,15,True,0.0,"2570,4865,4866,4867,49195,49199,49196,49200,52393,52392,49171,49172,156,157,47,53",TLS_AES_128_GCM_SHA256_TLS_AES_256_GCM_SHA384_TLS_CHACHA20_POLY1305_SHA256_ECDHE-ECDSA-AES128-GCM_ECDHE-RSA-AES128-GCM_ECDHE-ECDSA-AES256-GCM_ECDHE-RSA-AES256-GCM_ECDHE-ECDSA-CHACHA20_ECDHE-RSA-CHACHA20_ECDHE-RSA-AES128-CBC_ECDHE-RSA-AES256-CBC_RSA-AES128-GCM_RSA-AES256-GCM_RSA-AES128-CBC_RSA-AES256-CBC,4,True,0.0,"2570,4588,29,23,24",X25519MLKEM768_x25519_secp256r1_secp384r1,8,False,,"1027,2052,1025,1283,2053,1281,2054,1537",ecdsa_secp256r1_sha256_rsa_pss_rsae_sha256_rsa_pkcs1_sha256_ecdsa_secp384r1_sha384_rsa_pss_rsae_sha384_rsa_pkcs1_sha384_rsa_pss_rsae_sha512_rsa_pkcs1_sha512,True,t13d1516h2,8daaf6152771,d8a2da3f94cd,t,13,d,15,16,h2,"1:65536;2:0;4:6291456;6:262144|15663105|1:1:0:256,3:1:0:220,5:1:0:256,7:1:5:110,9:1:7:110,11:1:9:110,13:1:0:256,15:1:13:110,17:1:15:110,19:1:17:110|m,a,s,p",1:65536;2:0;4:6291456;6:262144,15663105.0,"1:1:0:256,3:1:0:220,5:1:0:256,7:1:5:110,9:1:7:110,11:1:9:110,13:1:0:256,15:1:13:110,17:1:15:110,19:1:17:110","m,a,s,p",10.0,65536.0,0.0,,6291456.0,,262144.0,":method,:authority,:scheme,:path"
trial-018,fb96a8b8-b94e-431a-8e72-8f694c41a817,2026-05-02 09:44:43.941123714+00:00,205.172.168.145,GET,/s2-scroll-gate.html,HTTP/2.0,0.735,TLS 1.3,h2,TLS_AES_128_GCM_SHA256,uxbehaviorsuite.com,True,11ef15b47ba4bfea243eaf692146cb23,t13d1516h2_8daaf6152771_d8a2da3f94cd,"h2,http/1.1",h2,2,True,True,0.0,h2_first,"2570,772,771","TLS 1.3,TLS 1.2",2,True,True,True,False,0.0,TLS1.3+TLS1.2,True,15,True,0.0,"2570,4865,4866,4867,49195,49199,49196,49200,52393,52392,49171,49172,156,157,47,53",TLS_AES_128_GCM_SHA256_TLS_AES_256_GCM_SHA384_TLS_CHACHA20_POLY1305_SHA256_ECDHE-ECDSA-AES128-GCM_ECDHE-RSA-AES128-GCM_ECDHE-ECDSA-AES256-GCM_ECDHE-RSA-AES256-GCM_ECDHE-ECDSA-CHACHA20_ECDHE-RSA-CHACHA20_ECDHE-RSA-AES128-CBC_ECDHE-RSA-AES256-CBC_RSA-AES128-GCM_RSA-AES256-GCM_RSA-AES128-CBC_RSA-AES256-CBC,4,True,0.0,"2570,4588,29,23,24",X25519MLKEM768_x25519_secp256r1_secp384r1,8,False,,"1027,2052,1025,1283,2053,1281,2054,1537",ecdsa_secp256r1_sha256_rsa_pss_rsae_sha256_rsa_pkcs1_sha256_ecdsa_secp384r1_sha384_rsa_pss_rsae_sha384_rsa_pkcs1_sha384_rsa_pss_rsae_sha512_rsa_pkcs1_sha512,True,t13d1516h2,8daaf6152771,d8a2da3f94cd,t,13,d,15,16,h2,"1:65536;2:0;4:6291456;6:262144|15663105|1:1:0:256,3:1:0:220,5:1:0:256,7:1:5:110,9:1:7:110,11:1:9:110,13:1:0:256,15:1:13:110,17:1:15:110,19:1:17:110,21:1:0:256,23:1:21:110|m,a,s,p",1:65536;2:0;4:6291456;6:262144,15663105.0,"1:1:0:256,3:1:0:220,5:1:0:256,7:1:5:110,9:1:7:110,11:1:9:110,13:1:0:256,15:1:13:110,17:1:15:110,19:1:17:110,21:1:0:256,23:1:21:110","m,a,s,p",12.0,65536.0,0.0,,6291456.0,,262144.0,":method,:authority,:scheme,:path"
trial-018,6439d347-ac68-46c4-a9b5-0b564bb02c02,2026-05-02 09:44:43.941239807+00:00,205.172.168.145,POST,/collect,HTTP/2.0,0.369,TLS 1.3,h2,TLS_AES_128_GCM_SHA256,uxbehaviorsuite.com,True,11ef15b47ba4bfea243eaf692146cb23,t13d1516h2_8daaf6152771_d8a2da3f94cd,"h2,http/1.1",h2,2,True,True,0.0,h2_first,"2570,772,771","TLS 1.3,TLS 1.2",2,True,True,True,False,0.0,TLS1.3+TLS1.2,True,15,True,0.0,"2570,4865,4866,4867,49195,49199,49196,49200,52393,52392,49171,49172,156,157,47,53",TLS_AES_128_GCM_SHA256_TLS_AES_256_GCM_SHA384_TLS_CHACHA20_POLY1305_SHA256_ECDHE-ECDSA-AES128-GCM_ECDHE-RSA-AES128-GCM_ECDHE-ECDSA-AES256-GCM_ECDHE-RSA-AES256-GCM_ECDHE-ECDSA-CHACHA20_ECDHE-RSA-CHACHA20_ECDHE-RSA-AES128-CBC_ECDHE-RSA-AES256-CBC_RSA-AES128-GCM_RSA-AES256-GCM_RSA-AES128-CBC_RSA-AES256-CBC,4,True,0.0,"2570,4588,29,23,24",X25519MLKEM768_x25519_secp256r1_secp384r1,8,False,,"1027,2052,1025,1283,2053,1281,2054,1537",ecdsa_secp256r1_sha256_rsa_pss_rsae_sha256_rsa_pkcs1_sha256_ecdsa_secp384r1_sha384_rsa_pss_rsae_sha384_rsa_pkcs1_sha384_rsa_pss_rsae_sha512_rsa_pkcs1_sha512,True,t13d1516h2,8daaf6152771,d8a2da3f94cd,t,13,d,15,16,h2,"1:65536;2:0;4:6291456;6:262144|15663105|1:1:0:256,3:1:0:220,5:1:0:256,7:1:5:110,9:1:7:110,11:1:9:110,13:1:0:256,15:1:13:110,17:1:15:110,19:1:17:110,21:1:0:256,23:1:21:110|m,a,s,p",1:65536;2:0;4:6291456;6:262144,15663105.0,"1:1:0:256,3:1:0:220,5:1:0:256,7:1:5:110,9:1:7:110,11:1:9:110,13:1:0:256,15:1:13:110,17:1:15:110,19:1:17:110,21:1:0:256,23:1:21:110","m,a,s,p",12.0,65536.0,0.0,,6291456.0,,262144.0,":method,:authority,:scheme,:path"
trial-018,753e4414-df7b-4cf4-b6d5-db0edab34c1d,2026-05-02 09:44:43.963582946+00:00,205.172.168.145,POST,/collect,HTTP/2.0,0.584,TLS 1.3,h2,TLS_AES_128_GCM_SHA256,uxbehaviorsuite.com,True,11ef15b47ba4bfea243eaf692146cb23,t13d1516h2_8daaf6152771_d8a2da3f94cd,"h2,http/1.1",h2,2,True,True,0.0,h2_first,"2570,772,771","TLS 1.3,TLS 1.2",2,True,True,True,False,0.0,TLS1.3+TLS1.2,True,15,True,0.0,"2570,4865,4866,4867,49195,49199,49196,49200,52393,52392,49171,49172,156,157,47,53",TLS_AES_128_GCM_SHA256_TLS_AES_256_GCM_SHA384_TLS_CHACHA20_POLY1305_SHA256_ECDHE-ECDSA-AES128-GCM_ECDHE-RSA-AES128-GCM_ECDHE-ECDSA-AES256-GCM_ECDHE-RSA-AES256-GCM_ECDHE-ECDSA-CHACHA20_ECDHE-RSA-CHACHA20_ECDHE-RSA-AES128-CBC_ECDHE-RSA-AES256-CBC_RSA-AES128-GCM_RSA-AES256-GCM_RSA-AES128-CBC_RSA-AES256-CBC,4,True,0.0,"2570,4588,29,23,24",X25519MLKEM768_x25519_secp256r1_secp384r1,8,False,,"1027,2052,1025,1283,2053,1281,2054,1537",ecdsa_secp256r1_sha256_rsa_pss_rsae_sha256_rsa_pkcs1_sha256_ecdsa_secp384r1_sha384_rsa_pss_rsae_sha384_rsa_pkcs1_sha384_rsa_pss_rsae_sha512_rsa_pkcs1_sha512,True,t13d1516h2,8daaf6152771,d8a2da3f94cd,t,13,d,15,16,h2,"1:65536;2:0;4:6291456;6:262144|15663105|1:1:0:256,3:1:0:220,5:1:0:256,7:1:5:110,9:1:7:110,11:1:9:110,13:1:0:256,15:1:13:110,17:1:15:110,19:1:17:110,21:1:0:256,23:1:21:110,25:1:23:110|m,a,s,p",1:65536;2:0;4:6291456;6:262144,15663105.0,"1:1:0:256,3:1:0:220,5:1:0:256,7:1:5:110,9:1:7:110,11:1:9:110,13:1:0:256,15:1:13:110,17:1:15:110,19:1:17:110,21:1:0:256,23:1:21:110,25:1:23:110","m,a,s,p",13.0,65536.0,0.0,,6291456.0,,262144.0,":method,:authority,:scheme,:path"
trial-018,37fab58e-548e-4dc3-b23b-c4f283a3629a,2026-05-02 09:44:43.963927987+00:00,205.172.168.145,POST,/collect,HTTP/2.0,0.286,TLS 1.3,h2,TLS_AES_128_GCM_SHA256,uxbehaviorsuite.com,True,11ef15b47ba4bfea243eaf692146cb23,t13d1516h2_8daaf6152771_d8a2da3f94cd,"h2,http/1.1",h2,2,True,True,0.0,h2_first,"2570,772,771","TLS 1.3,TLS 1.2",2,True,True,True,False,0.0,TLS1.3+TLS1.2,True,15,True,0.0,"2570,4865,4866,4867,49195,49199,49196,49200,52393,52392,49171,49172,156,157,47,53",TLS_AES_128_GCM_SHA256_TLS_AES_256_GCM_SHA384_TLS_CHACHA20_POLY1305_SHA256_ECDHE-ECDSA-AES128-GCM_ECDHE-RSA-AES128-GCM_ECDHE-ECDSA-AES256-GCM_ECDHE-RSA-AES256-GCM_ECDHE-ECDSA-CHACHA20_ECDHE-RSA-CHACHA20_ECDHE-RSA-AES128-CBC_ECDHE-RSA-AES256-CBC_RSA-AES128-GCM_RSA-AES256-GCM_RSA-AES128-CBC_RSA-AES256-CBC,4,True,0.0,"2570,4588,29,23,24",X25519MLKEM768_x25519_secp256r1_secp384r1,8,False,,"1027,2052,1025,1283,2053,1281,2054,1537",ecdsa_secp256r1_sha256_rsa_pss_rsae_sha256_rsa_pkcs1_sha256_ecdsa_secp384r1_sha384_rsa_pss_rsae_sha384_rsa_pkcs1_sha384_rsa_pss_rsae_sha512_rsa_pkcs1_sha512,True,t13d1516h2,8daaf6152771,d8a2da3f94cd,t,13,d,15,16,h2,"1:65536;2:0;4:6291456;6:262144|15663105|1:1:0:256,3:1:0:220,5:1:0:256,7:1:5:110,9:1:7:110,11:1:9:110,13:1:0:256,15:1:13:110,17:1:15:110,19:1:17:110,21:1:0:256,23:1:21:110,25:1:23:110,27:1:25:110|m,a,s,p",1:65536;2:0;4:6291456;6:262144,15663105.0,"1:1:0:256,3:1:0:220,5:1:0:256,7:1:5:110,9:1:7:110,11:1:9:110,13:1:0:256,15:1:13:110,17:1:15:110,19:1:17:110,21:1:0:256,23:1:21:110,25:1:23:110,27:1:25:110","m,a,s,p",14.0,65536.0,0.0,,6291456.0,,262144.0,":method,:authority,:scheme,:path"
trial-018,cd553709-2bde-483c-ac80-cbfed93e8cbc,2026-05-02 09:46:13.848662010+00:00,205.172.168.145,GET,/s3-hover-reveal.html,HTTP/2.0,0.416,TLS 1.3,h2,TLS_AES_128_GCM_SHA256,uxbehaviorsuite.com,True,11ef15b47ba4bfea243eaf692146cb23,t13d1516h2_8daaf6152771_d8a2da3f94cd,"h2,http/1.1",h2,2,True,True,0.0,h2_first,"2570,772,771","TLS 1.3,TLS 1.2",2,True,True,True,False,0.0,TLS1.3+TLS1.2,True,15,True,0.0,"2570,4865,4866,4867,49195,49199,49196,49200,52393,52392,49171,49172,156,157,47,53",TLS_AES_128_GCM_SHA256_TLS_AES_256_GCM_SHA384_TLS_CHACHA20_POLY1305_SHA256_ECDHE-ECDSA-AES128-GCM_ECDHE-RSA-AES128-GCM_ECDHE-ECDSA-AES256-GCM_ECDHE-RSA-AES256-GCM_ECDHE-ECDSA-CHACHA20_ECDHE-RSA-CHACHA20_ECDHE-RSA-AES128-CBC_ECDHE-RSA-AES256-CBC_RSA-AES128-GCM_RSA-AES256-GCM_RSA-AES128-CBC_RSA-AES256-CBC,4,True,0.0,"2570,4588,29,23,24",X25519MLKEM768_x25519_secp256r1_secp384r1,8,False,,"1027,2052,1025,1283,2053,1281,2054,1537",ecdsa_secp256r1_sha256_rsa_pss_rsae_sha256_rsa_pkcs1_sha256_ecdsa_secp384r1_sha384_rsa_pss_rsae_sha384_rsa_pkcs1_sha384_rsa_pss_rsae_sha512_rsa_pkcs1_sha512,True,t13d1516h2,8daaf6152771,d8a2da3f94cd,t,13,d,15,16,h2,"1:65536;2:0;4:6291456;6:262144|15663105|1:1:0:256,3:1:0:220,5:1:0:256,7:1:5:110,9:1:7:110,11:1:9:110,13:1:0:256,15:1:13:110,17:1:15:110,19:1:17:110,21:1:0:256,23:1:21:110,25:1:23:110,27:1:25:110,29:1:0:256|m,a,s,p",1:65536;2:0;4:6291456;6:262144,15663105.0,"1:1:0:256,3:1:0:220,5:1:0:256,7:1:5:110,9:1:7:110,11:1:9:110,13:1:0:256,15:1:13:110,17:1:15:110,19:1:17:110,21:1:0:256,23:1:21:110,25:1:23:110,27:1:25:110,29:1:0:256","m,a,s,p",15.0,65536.0,0.0,,6291456.0,,262144.0,":method,:authority,:scheme,:path"
trial-018,490d5e22-2c21-4bbf-b25d-53ab23e27c10,2026-05-02 09:46:13.849052709+00:00,205.172.168.145,POST,/collect,HTTP/2.0,0.486,TLS 1.3,h2,TLS_AES_128_GCM_SHA256,uxbehaviorsuite.com,True,11ef15b47ba4bfea243eaf692146cb23,t13d1516h2_8daaf6152771_d8a2da3f94cd,"h2,http/1.1",h2,2,True,True,0.0,h2_first,"2570,772,771","TLS 1.3,TLS 1.2",2,True,True,True,False,0.0,TLS1.3+TLS1.2,True,15,True,0.0,"2570,4865,4866,4867,49195,49199,49196,49200,52393,52392,49171,49172,156,157,47,53",TLS_AES_128_GCM_SHA256_TLS_AES_256_GCM_SHA384_TLS_CHACHA20_POLY1305_SHA256_ECDHE-ECDSA-AES128-GCM_ECDHE-RSA-AES128-GCM_ECDHE-ECDSA-AES256-GCM_ECDHE-RSA-AES256-GCM_ECDHE-ECDSA-CHACHA20_ECDHE-RSA-CHACHA20_ECDHE-RSA-AES128-CBC_ECDHE-RSA-AES256-CBC_RSA-AES128-GCM_RSA-AES256-GCM_RSA-AES128-CBC_RSA-AES256-CBC,4,True,0.0,"2570,4588,29,23,24",X25519MLKEM768_x25519_secp256r1_secp384r1,8,False,,"1027,2052,1025,1283,2053,1281,2054,1537",ecdsa_secp256r1_sha256_rsa_pss_rsae_sha256_rsa_pkcs1_sha256_ecdsa_secp384r1_sha384_rsa_pss_rsae_sha384_rsa_pkcs1_sha384_rsa_pss_rsae_sha512_rsa_pkcs1_sha512,True,t13d1516h2,8daaf6152771,d8a2da3f94cd,t,13,d,15,16,h2,"1:65536;2:0;4:6291456;6:262144|15663105|1:1:0:256,3:1:0:220,5:1:0:256,7:1:5:110,9:1:7:110,11:1:9:110,13:1:0:256,15:1:13:110,17:1:15:110,19:1:17:110,21:1:0:256,23:1:21:110,25:1:23:110,27:1:25:110,29:1:0:256,31:1:29:110|m,a,s,p",1:65536;2:0;4:6291456;6:262144,15663105.0,"1:1:0:256,3:1:0:220,5:1:0:256,7:1:5:110,9:1:7:110,11:1:9:110,13:1:0:256,15:1:13:110,17:1:15:110,19:1:17:110,21:1:0:256,23:1:21:110,25:1:23:110,27:1:25:110,29:1:0:256,31:1:29:110","m,a,s,p",16.0,65536.0,0.0,,6291456.0,,262144.0,":method,:authority,:scheme,:path"
trial-018,5c7697a1-26bc-4377-9dea-1b0b6a3273c9,2026-05-02 09:46:13.868580222+00:00,205.172.168.145,POST,/collect,HTTP/2.0,0.192,TLS 1.3,h2,TLS_AES_128_GCM_SHA256,uxbehaviorsuite.com,True,11ef15b47ba4bfea243eaf692146cb23,t13d1516h2_8daaf6152771_d8a2da3f94cd,"h2,http/1.1",h2,2,True,True,0.0,h2_first,"2570,772,771","TLS 1.3,TLS 1.2",2,True,True,True,False,0.0,TLS1.3+TLS1.2,True,15,True,0.0,"2570,4865,4866,4867,49195,49199,49196,49200,52393,52392,49171,49172,156,157,47,53",TLS_AES_128_GCM_SHA256_TLS_AES_256_GCM_SHA384_TLS_CHACHA20_POLY1305_SHA256_ECDHE-ECDSA-AES128-GCM_ECDHE-RSA-AES128-GCM_ECDHE-ECDSA-AES256-GCM_ECDHE-RSA-AES256-GCM_ECDHE-ECDSA-CHACHA20_ECDHE-RSA-CHACHA20_ECDHE-RSA-AES128-CBC_ECDHE-RSA-AES256-CBC_RSA-AES128-GCM_RSA-AES256-GCM_RSA-AES128-CBC_RSA-AES256-CBC,4,True,0.0,"2570,4588,29,23,24",X25519MLKEM768_x25519_secp256r1_secp384r1,8,False,,"1027,2052,1025,1283,2053,1281,2054,1537",ecdsa_secp256r1_sha256_rsa_pss_rsae_sha256_rsa_pkcs1_sha256_ecdsa_secp384r1_sha384_rsa_pss_rsae_sha384_rsa_pkcs1_sha384_rsa_pss_rsae_sha512_rsa_pkcs1_sha512,True,t13d1516h2,8daaf6152771,d8a2da3f94cd,t,13,d,15,16,h2,"1:65536;2:0;4:6291456;6:262144|15663105|1:1:0:256,3:1:0:220,5:1:0:256,7:1:5:110,9:1:7:110,11:1:9:110,13:1:0:256,15:1:13:110,17:1:15:110,19:1:17:110,21:1:0:256,23:1:21:110,25:1:23:110,27:1:25:110,29:1:0:256,31:1:29:110,33:1:31:110|m,a,s,p",1:65536;2:0;4:6291456;6:262144,15663105.0,"1:1:0:256,3:1:0:220,5:1:0:256,7:1:5:110,9:1:7:110,11:1:9:110,13:1:0:256,15:1:13:110,17:1:15:110,19:1:17:110,21:1:0:256,23:1:21:110,25:1:23:110,27:1:25:110,29:1:0:256,31:1:29:110,33:1:31:110","m,a,s,p",17.0,65536.0,0.0,,6291456.0,,262144.0,":method,:authority,:scheme,:path"
trial-018,7179f015-b915-4c10-8a6a-7146dcedb050,2026-05-02 09:46:13.871424997+00:00,205.172.168.145,POST,/collect,HTTP/2.0,0.196,TLS 1.3,h2,TLS_AES_128_GCM_SHA256,uxbehaviorsuite.com,True,11ef15b47ba4bfea243eaf692146cb23,t13d1516h2_8daaf6152771_d8a2da3f94cd,"h2,http/1.1",h2,2,True,True,0.0,h2_first,"2570,772,771","TLS 1.3,TLS 1.2",2,True,True,True,False,0.0,TLS1.3+TLS1.2,True,15,True,0.0,"2570,4865,4866,4867,49195,49199,49196,49200,52393,52392,49171,49172,156,157,47,53",TLS_AES_128_GCM_SHA256_TLS_AES_256_GCM_SHA384_TLS_CHACHA20_POLY1305_SHA256_ECDHE-ECDSA-AES128-GCM_ECDHE-RSA-AES128-GCM_ECDHE-ECDSA-AES256-GCM_ECDHE-RSA-AES256-GCM_ECDHE-ECDSA-CHACHA20_ECDHE-RSA-CHACHA20_ECDHE-RSA-AES128-CBC_ECDHE-RSA-AES256-CBC_RSA-AES128-GCM_RSA-AES256-GCM_RSA-AES128-CBC_RSA-AES256-CBC,4,True,0.0,"2570,4588,29,23,24",X25519MLKEM768_x25519_secp256r1_secp384r1,8,False,,"1027,2052,1025,1283,2053,1281,2054,1537",ecdsa_secp256r1_sha256_rsa_pss_rsae_sha256_rsa_pkcs1_sha256_ecdsa_secp384r1_sha384_rsa_pss_rsae_sha384_rsa_pkcs1_sha384_rsa_pss_rsae_sha512_rsa_pkcs1_sha512,True,t13d1516h2,8daaf6152771,d8a2da3f94cd,t,13,d,15,16,h2,"1:65536;2:0;4:6291456;6:262144|15663105|1:1:0:256,3:1:0:220,5:1:0:256,7:1:5:110,9:1:7:110,11:1:9:110,13:1:0:256,15:1:13:110,17:1:15:110,19:1:17:110,21:1:0:256,23:1:21:110,25:1:23:110,27:1:25:110,29:1:0:256,31:1:29:110,33:1:31:110,35:1:33:110|m,a,s,p",1:65536;2:0;4:6291456;6:262144,15663105.0,"1:1:0:256,3:1:0:220,5:1:0:256,7:1:5:110,9:1:7:110,11:1:9:110,13:1:0:256,15:1:13:110,17:1:15:110,19:1:17:110,21:1:0:256,23:1:21:110,25:1:23:110,27:1:25:110,29:1:0:256,31:1:29:110,33:1:31:110,35:1:33:110","m,a,s,p",18.0,65536.0,0.0,,6291456.0,,262144.0,":method,:authority,:scheme,:path"
trial-018,8e8e341d-4bee-486a-9c92-5bffc64a8dc2,2026-05-02 09:47:47.629667239+00:00,205.172.168.145,GET,/s4-dom-mismatch.html,HTTP/2.0,0.745,TLS 1.3,h2,TLS_AES_128_GCM_SHA256,uxbehaviorsuite.com,True,11ef15b47ba4bfea243eaf692146cb23,t13d1516h2_8daaf6152771_d8a2da3f94cd,"h2,http/1.1",h2,2,True,True,0.0,h2_first,"2570,772,771","TLS 1.3,TLS 1.2",2,True,True,True,False,0.0,TLS1.3+TLS1.2,True,15,True,0.0,"2570,4865,4866,4867,49195,49199,49196,49200,52393,52392,49171,49172,156,157,47,53",TLS_AES_128_GCM_SHA256_TLS_AES_256_GCM_SHA384_TLS_CHACHA20_POLY1305_SHA256_ECDHE-ECDSA-AES128-GCM_ECDHE-RSA-AES128-GCM_ECDHE-ECDSA-AES256-GCM_ECDHE-RSA-AES256-GCM_ECDHE-ECDSA-CHACHA20_ECDHE-RSA-CHACHA20_ECDHE-RSA-AES128-CBC_ECDHE-RSA-AES256-CBC_RSA-AES128-GCM_RSA-AES256-GCM_RSA-AES128-CBC_RSA-AES256-CBC,4,True,0.0,"2570,4588,29,23,24",X25519MLKEM768_x25519_secp256r1_secp384r1,8,False,,"1027,2052,1025,1283,2053,1281,2054,1537",ecdsa_secp256r1_sha256_rsa_pss_rsae_sha256_rsa_pkcs1_sha256_ecdsa_secp384r1_sha384_rsa_pss_rsae_sha384_rsa_pkcs1_sha384_rsa_pss_rsae_sha512_rsa_pkcs1_sha512,True,t13d1516h2,8daaf6152771,d8a2da3f94cd,t,13,d,15,16,h2,"1:65536;2:0;4:6291456;6:262144|15663105|1:1:0:256,3:1:0:220,5:1:0:256,7:1:5:110,9:1:7:110,11:1:9:110,13:1:0:256,15:1:13:110,17:1:15:110,19:1:17:110,21:1:0:256,23:1:21:110,25:1:23:110,27:1:25:110,29:1:0:256,31:1:29:110,33:1:31:110,35:1:33:110,37:1:0:256|m,a,s,p",1:65536;2:0;4:6291456;6:262144,15663105.0,"1:1:0:256,3:1:0:220,5:1:0:256,7:1:5:110,9:1:7:110,11:1:9:110,13:1:0:256,15:1:13:110,17:1:15:110,19:1:17:110,21:1:0:256,23:1:21:110,25:1:23:110,27:1:25:110,29:1:0:256,31:1:29:110,33:1:31:110,35:1:33:110,37:1:0:256","m,a,s,p",19.0,65536.0,0.0,,6291456.0,,262144.0,":method,:authority,:scheme,:path"
trial-018,0f03fb9e-1816-47ba-89f8-d3994091a3c2,2026-05-02 09:47:47.630202197+00:00,205.172.168.145,POST,/collect,HTTP/2.0,0.511,TLS 1.3,h2,TLS_AES_128_GCM_SHA256,uxbehaviorsuite.com,True,11ef15b47ba4bfea243eaf692146cb23,t13d1516h2_8daaf6152771_d8a2da3f94cd,"h2,http/1.1",h2,2,True,True,0.0,h2_first,"2570,772,771","TLS 1.3,TLS 1.2",2,True,True,True,False,0.0,TLS1.3+TLS1.2,True,15,True,0.0,"2570,4865,4866,4867,49195,49199,49196,49200,52393,52392,49171,49172,156,157,47,53",TLS_AES_128_GCM_SHA256_TLS_AES_256_GCM_SHA384_TLS_CHACHA20_POLY1305_SHA256_ECDHE-ECDSA-AES128-GCM_ECDHE-RSA-AES128-GCM_ECDHE-ECDSA-AES256-GCM_ECDHE-RSA-AES256-GCM_ECDHE-ECDSA-CHACHA20_ECDHE-RSA-CHACHA20_ECDHE-RSA-AES128-CBC_ECDHE-RSA-AES256-CBC_RSA-AES128-GCM_RSA-AES256-GCM_RSA-AES128-CBC_RSA-AES256-CBC,4,True,0.0,"2570,4588,29,23,24",X25519MLKEM768_x25519_secp256r1_secp384r1,8,False,,"1027,2052,1025,1283,2053,1281,2054,1537",ecdsa_secp256r1_sha256_rsa_pss_rsae_sha256_rsa_pkcs1_sha256_ecdsa_secp384r1_sha384_rsa_pss_rsae_sha384_rsa_pkcs1_sha384_rsa_pss_rsae_sha512_rsa_pkcs1_sha512,True,t13d1516h2,8daaf6152771,d8a2da3f94cd,t,13,d,15,16,h2,"1:65536;2:0;4:6291456;6:262144|15663105|1:1:0:256,3:1:0:220,5:1:0:256,7:1:5:110,9:1:7:110,11:1:9:110,13:1:0:256,15:1:13:110,17:1:15:110,19:1:17:110,21:1:0:256,23:1:21:110,25:1:23:110,27:1:25:110,29:1:0:256,31:1:29:110,33:1:31:110,35:1:33:110,37:1:0:256,39:1:37:110|m,a,s,p",1:65536;2:0;4:6291456;6:262144,15663105.0,"1:1:0:256,3:1:0:220,5:1:0:256,7:1:5:110,9:1:7:110,11:1:9:110,13:1:0:256,15:1:13:110,17:1:15:110,19:1:17:110,21:1:0:256,23:1:21:110,25:1:23:110,27:1:25:110,29:1:0:256,31:1:29:110,33:1:31:110,35:1:33:110,37:1:0:256,39:1:37:110","m,a,s,p",20.0,65536.0,0.0,,6291456.0,,262144.0,":method,:authority,:scheme,:path"
trial-018,90fb56b4-9b77-45df-882c-bbeb82c7ba84,2026-05-02 09:47:47.650683234+00:00,205.172.168.145,POST,/collect,HTTP/2.0,0.271,TLS 1.3,h2,TLS_AES_128_GCM_SHA256,uxbehaviorsuite.com,True,11ef15b47ba4bfea243eaf692146cb23,t13d1516h2_8daaf6152771_d8a2da3f94cd,"h2,http/1.1",h2,2,True,True,0.0,h2_first,"2570,772,771","TLS 1.3,TLS 1.2",2,True,True,True,False,0.0,TLS1.3+TLS1.2,True,15,True,0.0,"2570,4865,4866,4867,49195,49199,49196,49200,52393,52392,49171,49172,156,157,47,53",TLS_AES_128_GCM_SHA256_TLS_AES_256_GCM_SHA384_TLS_CHACHA20_POLY1305_SHA256_ECDHE-ECDSA-AES128-GCM_ECDHE-RSA-AES128-GCM_ECDHE-ECDSA-AES256-GCM_ECDHE-RSA-AES256-GCM_ECDHE-ECDSA-CHACHA20_ECDHE-RSA-CHACHA20_ECDHE-RSA-AES128-CBC_ECDHE-RSA-AES256-CBC_RSA-AES128-GCM_RSA-AES256-GCM_RSA-AES128-CBC_RSA-AES256-CBC,4,True,0.0,"2570,4588,29,23,24",X25519MLKEM768_x25519_secp256r1_secp384r1,8,False,,"1027,2052,1025,1283,2053,1281,2054,1537",ecdsa_secp256r1_sha256_rsa_pss_rsae_sha256_rsa_pkcs1_sha256_ecdsa_secp384r1_sha384_rsa_pss_rsae_sha384_rsa_pkcs1_sha384_rsa_pss_rsae_sha512_rsa_pkcs1_sha512,True,t13d1516h2,8daaf6152771,d8a2da3f94cd,t,13,d,15,16,h2,"1:65536;2:0;4:6291456;6:262144|15663105|1:1:0:256,3:1:0:220,5:1:0:256,7:1:5:110,9:1:7:110,11:1:9:110,13:1:0:256,15:1:13:110,17:1:15:110,19:1:17:110,21:1:0:256,23:1:21:110,25:1:23:110,27:1:25:110,29:1:0:256,31:1:29:110,33:1:31:110,35:1:33:110,37:1:0:256,39:1:37:110,41:1:39:110|m,a,s,p",1:65536;2:0;4:6291456;6:262144,15663105.0,"1:1:0:256,3:1:0:220,5:1:0:256,7:1:5:110,9:1:7:110,11:1:9:110,13:1:0:256,15:1:13:110,17:1:15:110,19:1:17:110,21:1:0:256,23:1:21:110,25:1:23:110,27:1:25:110,29:1:0:256,31:1:29:110,33:1:31:110,35:1:33:110,37:1:0:256,39:1:37:110,41:1:39:110","m,a,s,p",21.0,65536.0,0.0,,6291456.0,,262144.0,":method,:authority,:scheme,:path"
trial-018,6e2f4451-7317-466c-a1e1-324c58aab3a5,2026-05-02 09:47:47.654961410+00:00,205.172.168.145,POST,/collect,HTTP/2.0,0.271,TLS 1.3,h2,TLS_AES_128_GCM_SHA256,uxbehaviorsuite.com,True,11ef15b47ba4bfea243eaf692146cb23,t13d1516h2_8daaf6152771_d8a2da3f94cd,"h2,http/1.1",h2,2,True,True,0.0,h2_first,"2570,772,771","TLS 1.3,TLS 1.2",2,True,True,True,False,0.0,TLS1.3+TLS1.2,True,15,True,0.0,"2570,4865,4866,4867,49195,49199,49196,49200,52393,52392,49171,49172,156,157,47,53",TLS_AES_128_GCM_SHA256_TLS_AES_256_GCM_SHA384_TLS_CHACHA20_POLY1305_SHA256_ECDHE-ECDSA-AES128-GCM_ECDHE-RSA-AES128-GCM_ECDHE-ECDSA-AES256-GCM_ECDHE-RSA-AES256-GCM_ECDHE-ECDSA-CHACHA20_ECDHE-RSA-CHACHA20_ECDHE-RSA-AES128-CBC_ECDHE-RSA-AES256-CBC_RSA-AES128-GCM_RSA-AES256-GCM_RSA-AES128-CBC_RSA-AES256-CBC,4,True,0.0,"2570,4588,29,23,24",X25519MLKEM768_x25519_secp256r1_secp384r1,8,False,,"1027,2052,1025,1283,2053,1281,2054,1537",ecdsa_secp256r1_sha256_rsa_pss_rsae_sha256_rsa_pkcs1_sha256_ecdsa_secp384r1_sha384_rsa_pss_rsae_sha384_rsa_pkcs1_sha384_rsa_pss_rsae_sha512_rsa_pkcs1_sha512,True,t13d1516h2,8daaf6152771,d8a2da3f94cd,t,13,d,15,16,h2,"1:65536;2:0;4:6291456;6:262144|15663105|1:1:0:256,3:1:0:220,5:1:0:256,7:1:5:110,9:1:7:110,11:1:9:110,13:1:0:256,15:1:13:110,17:1:15:110,19:1:17:110,21:1:0:256,23:1:21:110,25:1:23:110,27:1:25:110,29:1:0:256,31:1:29:110,33:1:31:110,35:1:33:110,37:1:0:256,39:1:37:110,41:1:39:110,43:1:41:110|m,a,s,p",1:65536;2:0;4:6291456;6:262144,15663105.0,"1:1:0:256,3:1:0:220,5:1:0:256,7:1:5:110,9:1:7:110,11:1:9:110,13:1:0:256,15:1:13:110,17:1:15:110,19:1:17:110,21:1:0:256,23:1:21:110,25:1:23:110,27:1:25:110,29:1:0:256,31:1:29:110,33:1:31:110,35:1:33:110,37:1:0:256,39:1:37:110,41:1:39:110,43:1:41:110","m,a,s,p",22.0,65536.0,0.0,,6291456.0,,262144.0,":method,:authority,:scheme,:path"
trial-019,4a74e12a-61a0-4140-935f-1ae2643b2684,2026-05-02 10:03:58.571335749+00:00,205.172.168.145,GET,/subscribe-v1.html,HTTP/2.0,0.335,TLS 1.3,h2,TLS_AES_128_GCM_SHA256,uxbehaviorsuite.com,True,530e544e57a5c39af8447355a4c86358,t13d1516h2_8daaf6152771_d8a2da3f94cd,"h2,http/1.1",h2,2,True,True,0.0,h2_first,"2570,772,771","TLS 1.3,TLS 1.2",2,True,True,True,False,0.0,TLS1.3+TLS1.2,True,15,True,0.0,"2570,4865,4866,4867,49195,49199,49196,49200,52393,52392,49171,49172,156,157,47,53",TLS_AES_128_GCM_SHA256_TLS_AES_256_GCM_SHA384_TLS_CHACHA20_POLY1305_SHA256_ECDHE-ECDSA-AES128-GCM_ECDHE-RSA-AES128-GCM_ECDHE-ECDSA-AES256-GCM_ECDHE-RSA-AES256-GCM_ECDHE-ECDSA-CHACHA20_ECDHE-RSA-CHACHA20_ECDHE-RSA-AES128-CBC_ECDHE-RSA-AES256-CBC_RSA-AES128-GCM_RSA-AES256-GCM_RSA-AES128-CBC_RSA-AES256-CBC,4,True,0.0,"2570,4588,29,23,24",X25519MLKEM768_x25519_secp256r1_secp384r1,8,False,,"1027,2052,1025,1283,2053,1281,2054,1537",ecdsa_secp256r1_sha256_rsa_pss_rsae_sha256_rsa_pkcs1_sha256_ecdsa_secp384r1_sha384_rsa_pss_rsae_sha384_rsa_pkcs1_sha384_rsa_pss_rsae_sha512_rsa_pkcs1_sha512,True,t13d1516h2,8daaf6152771,d8a2da3f94cd,t,13,d,15,16,h2,"1:65536;2:0;4:6291456;6:262144|15663105|1:1:0:256|m,a,s,p",1:65536;2:0;4:6291456;6:262144,15663105.0,1:1:0:256,"m,a,s,p",1.0,65536.0,0.0,,6291456.0,,262144.0,":method,:authority,:scheme,:path"
trial-019,45728aec-8635-41fb-8ddc-fc6963f03e49,2026-05-02 10:03:58.601875190+00:00,205.172.168.145,GET,/logger.js,HTTP/2.0,0.407,TLS 1.3,h2,TLS_AES_128_GCM_SHA256,uxbehaviorsuite.com,True,530e544e57a5c39af8447355a4c86358,t13d1516h2_8daaf6152771_d8a2da3f94cd,"h2,http/1.1",h2,2,True,True,0.0,h2_first,"2570,772,771","TLS 1.3,TLS 1.2",2,True,True,True,False,0.0,TLS1.3+TLS1.2,True,15,True,0.0,"2570,4865,4866,4867,49195,49199,49196,49200,52393,52392,49171,49172,156,157,47,53",TLS_AES_128_GCM_SHA256_TLS_AES_256_GCM_SHA384_TLS_CHACHA20_POLY1305_SHA256_ECDHE-ECDSA-AES128-GCM_ECDHE-RSA-AES128-GCM_ECDHE-ECDSA-AES256-GCM_ECDHE-RSA-AES256-GCM_ECDHE-ECDSA-CHACHA20_ECDHE-RSA-CHACHA20_ECDHE-RSA-AES128-CBC_ECDHE-RSA-AES256-CBC_RSA-AES128-GCM_RSA-AES256-GCM_RSA-AES128-CBC_RSA-AES256-CBC,4,True,0.0,"2570,4588,29,23,24",X25519MLKEM768_x25519_secp256r1_secp384r1,8,False,,"1027,2052,1025,1283,2053,1281,2054,1537",ecdsa_secp256r1_sha256_rsa_pss_rsae_sha256_rsa_pkcs1_sha256_ecdsa_secp384r1_sha384_rsa_pss_rsae_sha384_rsa_pkcs1_sha384_rsa_pss_rsae_sha512_rsa_pkcs1_sha512,True,t13d1516h2,8daaf6152771,d8a2da3f94cd,t,13,d,15,16,h2,"1:65536;2:0;4:6291456;6:262144|15663105|1:1:0:256,3:1:0:220|m,a,s,p",1:65536;2:0;4:6291456;6:262144,15663105.0,"1:1:0:256,3:1:0:220","m,a,s,p",2.0,65536.0,0.0,,6291456.0,,262144.0,":method,:authority,:scheme,:path"
trial-019,eeab26aa-570b-4ebb-97f2-6bafc50fc47b,2026-05-02 10:05:10.034860394+00:00,205.172.168.145,GET,/subscribe-v2.html,HTTP/2.0,0.428,TLS 1.3,h2,TLS_AES_128_GCM_SHA256,uxbehaviorsuite.com,True,530e544e57a5c39af8447355a4c86358,t13d1516h2_8daaf6152771_d8a2da3f94cd,"h2,http/1.1",h2,2,True,True,0.0,h2_first,"2570,772,771","TLS 1.3,TLS 1.2",2,True,True,True,False,0.0,TLS1.3+TLS1.2,True,15,True,0.0,"2570,4865,4866,4867,49195,49199,49196,49200,52393,52392,49171,49172,156,157,47,53",TLS_AES_128_GCM_SHA256_TLS_AES_256_GCM_SHA384_TLS_CHACHA20_POLY1305_SHA256_ECDHE-ECDSA-AES128-GCM_ECDHE-RSA-AES128-GCM_ECDHE-ECDSA-AES256-GCM_ECDHE-RSA-AES256-GCM_ECDHE-ECDSA-CHACHA20_ECDHE-RSA-CHACHA20_ECDHE-RSA-AES128-CBC_ECDHE-RSA-AES256-CBC_RSA-AES128-GCM_RSA-AES256-GCM_RSA-AES128-CBC_RSA-AES256-CBC,4,True,0.0,"2570,4588,29,23,24",X25519MLKEM768_x25519_secp256r1_secp384r1,8,False,,"1027,2052,1025,1283,2053,1281,2054,1537",ecdsa_secp256r1_sha256_rsa_pss_rsae_sha256_rsa_pkcs1_sha256_ecdsa_secp384r1_sha384_rsa_pss_rsae_sha384_rsa_pkcs1_sha384_rsa_pss_rsae_sha512_rsa_pkcs1_sha512,True,t13d1516h2,8daaf6152771,d8a2da3f94cd,t,13,d,15,16,h2,"1:65536;2:0;4:6291456;6:262144|15663105|1:1:0:256,3:1:0:220,5:1:0:256,7:1:5:110|m,a,s,p",1:65536;2:0;4:6291456;6:262144,15663105.0,"1:1:0:256,3:1:0:220,5:1:0:256,7:1:5:110","m,a,s,p",4.0,65536.0,0.0,,6291456.0,,262144.0,":method,:authority,:scheme,:path"
trial-019,8003a19a-972e-4cf0-b2d6-77771f8fcd65,2026-05-02 10:05:10.034975290+00:00,205.172.168.145,POST,/collect,HTTP/2.0,0.402,TLS 1.3,h2,TLS_AES_128_GCM_SHA256,uxbehaviorsuite.com,True,530e544e57a5c39af8447355a4c86358,t13d1516h2_8daaf6152771_d8a2da3f94cd,"h2,http/1.1",h2,2,True,True,0.0,h2_first,"2570,772,771","TLS 1.3,TLS 1.2",2,True,True,True,False,0.0,TLS1.3+TLS1.2,True,15,True,0.0,"2570,4865,4866,4867,49195,49199,49196,49200,52393,52392,49171,49172,156,157,47,53",TLS_AES_128_GCM_SHA256_TLS_AES_256_GCM_SHA384_TLS_CHACHA20_POLY1305_SHA256_ECDHE-ECDSA-AES128-GCM_ECDHE-RSA-AES128-GCM_ECDHE-ECDSA-AES256-GCM_ECDHE-RSA-AES256-GCM_ECDHE-ECDSA-CHACHA20_ECDHE-RSA-CHACHA20_ECDHE-RSA-AES128-CBC_ECDHE-RSA-AES256-CBC_RSA-AES128-GCM_RSA-AES256-GCM_RSA-AES128-CBC_RSA-AES256-CBC,4,True,0.0,"2570,4588,29,23,24",X25519MLKEM768_x25519_secp256r1_secp384r1,8,False,,"1027,2052,1025,1283,2053,1281,2054,1537",ecdsa_secp256r1_sha256_rsa_pss_rsae_sha256_rsa_pkcs1_sha256_ecdsa_secp384r1_sha384_rsa_pss_rsae_sha384_rsa_pkcs1_sha384_rsa_pss_rsae_sha512_rsa_pkcs1_sha512,True,t13d1516h2,8daaf6152771,d8a2da3f94cd,t,13,d,15,16,h2,"1:65536;2:0;4:6291456;6:262144|15663105|1:1:0:256,3:1:0:220,5:1:0:256,7:1:5:110|m,a,s,p",1:65536;2:0;4:6291456;6:262144,15663105.0,"1:1:0:256,3:1:0:220,5:1:0:256,7:1:5:110","m,a,s,p",4.0,65536.0,0.0,,6291456.0,,262144.0,":method,:authority,:scheme,:path"
trial-019,a98592dc-2c04-4c48-9670-25a5cbc737c1,2026-05-02 10:05:10.055898502+00:00,205.172.168.145,POST,/collect,HTTP/2.0,0.235,TLS 1.3,h2,TLS_AES_128_GCM_SHA256,uxbehaviorsuite.com,True,530e544e57a5c39af8447355a4c86358,t13d1516h2_8daaf6152771_d8a2da3f94cd,"h2,http/1.1",h2,2,True,True,0.0,h2_first,"2570,772,771","TLS 1.3,TLS 1.2",2,True,True,True,False,0.0,TLS1.3+TLS1.2,True,15,True,0.0,"2570,4865,4866,4867,49195,49199,49196,49200,52393,52392,49171,49172,156,157,47,53",TLS_AES_128_GCM_SHA256_TLS_AES_256_GCM_SHA384_TLS_CHACHA20_POLY1305_SHA256_ECDHE-ECDSA-AES128-GCM_ECDHE-RSA-AES128-GCM_ECDHE-ECDSA-AES256-GCM_ECDHE-RSA-AES256-GCM_ECDHE-ECDSA-CHACHA20_ECDHE-RSA-CHACHA20_ECDHE-RSA-AES128-CBC_ECDHE-RSA-AES256-CBC_RSA-AES128-GCM_RSA-AES256-GCM_RSA-AES128-CBC_RSA-AES256-CBC,4,True,0.0,"2570,4588,29,23,24",X25519MLKEM768_x25519_secp256r1_secp384r1,8,False,,"1027,2052,1025,1283,2053,1281,2054,1537",ecdsa_secp256r1_sha256_rsa_pss_rsae_sha256_rsa_pkcs1_sha256_ecdsa_secp384r1_sha384_rsa_pss_rsae_sha384_rsa_pkcs1_sha384_rsa_pss_rsae_sha512_rsa_pkcs1_sha512,True,t13d1516h2,8daaf6152771,d8a2da3f94cd,t,13,d,15,16,h2,"1:65536;2:0;4:6291456;6:262144|15663105|1:1:0:256,3:1:0:220,5:1:0:256,7:1:5:110,9:1:7:110|m,a,s,p",1:65536;2:0;4:6291456;6:262144,15663105.0,"1:1:0:256,3:1:0:220,5:1:0:256,7:1:5:110,9:1:7:110","m,a,s,p",5.0,65536.0,0.0,,6291456.0,,262144.0,":method,:authority,:scheme,:path"
trial-019,044bea25-d5f9-487d-b7fc-c34f2937c10b,2026-05-02 10:05:10.057710223+00:00,205.172.168.145,POST,/collect,HTTP/2.0,0.476,TLS 1.3,h2,TLS_AES_128_GCM_SHA256,uxbehaviorsuite.com,True,530e544e57a5c39af8447355a4c86358,t13d1516h2_8daaf6152771_d8a2da3f94cd,"h2,http/1.1",h2,2,True,True,0.0,h2_first,"2570,772,771","TLS 1.3,TLS 1.2",2,True,True,True,False,0.0,TLS1.3+TLS1.2,True,15,True,0.0,"2570,4865,4866,4867,49195,49199,49196,49200,52393,52392,49171,49172,156,157,47,53",TLS_AES_128_GCM_SHA256_TLS_AES_256_GCM_SHA384_TLS_CHACHA20_POLY1305_SHA256_ECDHE-ECDSA-AES128-GCM_ECDHE-RSA-AES128-GCM_ECDHE-ECDSA-AES256-GCM_ECDHE-RSA-AES256-GCM_ECDHE-ECDSA-CHACHA20_ECDHE-RSA-CHACHA20_ECDHE-RSA-AES128-CBC_ECDHE-RSA-AES256-CBC_RSA-AES128-GCM_RSA-AES256-GCM_RSA-AES128-CBC_RSA-AES256-CBC,4,True,0.0,"2570,4588,29,23,24",X25519MLKEM768_x25519_secp256r1_secp384r1,8,False,,"1027,2052,1025,1283,2053,1281,2054,1537",ecdsa_secp256r1_sha256_rsa_pss_rsae_sha256_rsa_pkcs1_sha256_ecdsa_secp384r1_sha384_rsa_pss_rsae_sha384_rsa_pkcs1_sha384_rsa_pss_rsae_sha512_rsa_pkcs1_sha512,True,t13d1516h2,8daaf6152771,d8a2da3f94cd,t,13,d,15,16,h2,"1:65536;2:0;4:6291456;6:262144|15663105|1:1:0:256,3:1:0:220,5:1:0:256,7:1:5:110,9:1:7:110,11:1:9:110|m,a,s,p",1:65536;2:0;4:6291456;6:262144,15663105.0,"1:1:0:256,3:1:0:220,5:1:0:256,7:1:5:110,9:1:7:110,11:1:9:110","m,a,s,p",6.0,65536.0,0.0,,6291456.0,,262144.0,":method,:authority,:scheme,:path"
trial-019,43a13d59-c347-4e16-83b5-fffd36e75b25,2026-05-02 10:06:03.261192626+00:00,205.172.168.145,GET,/subscribe-v3.html,HTTP/2.0,0.41,TLS 1.3,h2,TLS_AES_128_GCM_SHA256,uxbehaviorsuite.com,True,530e544e57a5c39af8447355a4c86358,t13d1516h2_8daaf6152771_d8a2da3f94cd,"h2,http/1.1",h2,2,True,True,0.0,h2_first,"2570,772,771","TLS 1.3,TLS 1.2",2,True,True,True,False,0.0,TLS1.3+TLS1.2,True,15,True,0.0,"2570,4865,4866,4867,49195,49199,49196,49200,52393,52392,49171,49172,156,157,47,53",TLS_AES_128_GCM_SHA256_TLS_AES_256_GCM_SHA384_TLS_CHACHA20_POLY1305_SHA256_ECDHE-ECDSA-AES128-GCM_ECDHE-RSA-AES128-GCM_ECDHE-ECDSA-AES256-GCM_ECDHE-RSA-AES256-GCM_ECDHE-ECDSA-CHACHA20_ECDHE-RSA-CHACHA20_ECDHE-RSA-AES128-CBC_ECDHE-RSA-AES256-CBC_RSA-AES128-GCM_RSA-AES256-GCM_RSA-AES128-CBC_RSA-AES256-CBC,4,True,0.0,"2570,4588,29,23,24",X25519MLKEM768_x25519_secp256r1_secp384r1,8,False,,"1027,2052,1025,1283,2053,1281,2054,1537",ecdsa_secp256r1_sha256_rsa_pss_rsae_sha256_rsa_pkcs1_sha256_ecdsa_secp384r1_sha384_rsa_pss_rsae_sha384_rsa_pkcs1_sha384_rsa_pss_rsae_sha512_rsa_pkcs1_sha512,True,t13d1516h2,8daaf6152771,d8a2da3f94cd,t,13,d,15,16,h2,"1:65536;2:0;4:6291456;6:262144|15663105|1:1:0:256,3:1:0:220,5:1:0:256,7:1:5:110,9:1:7:110,11:1:9:110,13:1:0:256,15:1:13:110|m,a,s,p",1:65536;2:0;4:6291456;6:262144,15663105.0,"1:1:0:256,3:1:0:220,5:1:0:256,7:1:5:110,9:1:7:110,11:1:9:110,13:1:0:256,15:1:13:110","m,a,s,p",8.0,65536.0,0.0,,6291456.0,,262144.0,":method,:authority,:scheme,:path"
trial-019,3b2c54fa-a8c0-48a0-b278-56764f8c6d96,2026-05-02 10:06:03.261377885+00:00,205.172.168.145,POST,/collect,HTTP/2.0,0.883,TLS 1.3,h2,TLS_AES_128_GCM_SHA256,uxbehaviorsuite.com,True,530e544e57a5c39af8447355a4c86358,t13d1516h2_8daaf6152771_d8a2da3f94cd,"h2,http/1.1",h2,2,True,True,0.0,h2_first,"2570,772,771","TLS 1.3,TLS 1.2",2,True,True,True,False,0.0,TLS1.3+TLS1.2,True,15,True,0.0,"2570,4865,4866,4867,49195,49199,49196,49200,52393,52392,49171,49172,156,157,47,53",TLS_AES_128_GCM_SHA256_TLS_AES_256_GCM_SHA384_TLS_CHACHA20_POLY1305_SHA256_ECDHE-ECDSA-AES128-GCM_ECDHE-RSA-AES128-GCM_ECDHE-ECDSA-AES256-GCM_ECDHE-RSA-AES256-GCM_ECDHE-ECDSA-CHACHA20_ECDHE-RSA-CHACHA20_ECDHE-RSA-AES128-CBC_ECDHE-RSA-AES256-CBC_RSA-AES128-GCM_RSA-AES256-GCM_RSA-AES128-CBC_RSA-AES256-CBC,4,True,0.0,"2570,4588,29,23,24",X25519MLKEM768_x25519_secp256r1_secp384r1,8,False,,"1027,2052,1025,1283,2053,1281,2054,1537",ecdsa_secp256r1_sha256_rsa_pss_rsae_sha256_rsa_pkcs1_sha256_ecdsa_secp384r1_sha384_rsa_pss_rsae_sha384_rsa_pkcs1_sha384_rsa_pss_rsae_sha512_rsa_pkcs1_sha512,True,t13d1516h2,8daaf6152771,d8a2da3f94cd,t,13,d,15,16,h2,"1:65536;2:0;4:6291456;6:262144|15663105|1:1:0:256,3:1:0:220,5:1:0:256,7:1:5:110,9:1:7:110,11:1:9:110,13:1:0:256,15:1:13:110|m,a,s,p",1:65536;2:0;4:6291456;6:262144,15663105.0,"1:1:0:256,3:1:0:220,5:1:0:256,7:1:5:110,9:1:7:110,11:1:9:110,13:1:0:256,15:1:13:110","m,a,s,p",8.0,65536.0,0.0,,6291456.0,,262144.0,":method,:authority,:scheme,:path"
trial-019,fa0e137c-e239-4f38-8e5f-455109dbf77b,2026-05-02 10:06:03.282288914+00:00,205.172.168.145,POST,/collect,HTTP/2.0,0.335,TLS 1.3,h2,TLS_AES_128_GCM_SHA256,uxbehaviorsuite.com,True,530e544e57a5c39af8447355a4c86358,t13d1516h2_8daaf6152771_d8a2da3f94cd,"h2,http/1.1",h2,2,True,True,0.0,h2_first,"2570,772,771","TLS 1.3,TLS 1.2",2,True,True,True,False,0.0,TLS1.3+TLS1.2,True,15,True,0.0,"2570,4865,4866,4867,49195,49199,49196,49200,52393,52392,49171,49172,156,157,47,53",TLS_AES_128_GCM_SHA256_TLS_AES_256_GCM_SHA384_TLS_CHACHA20_POLY1305_SHA256_ECDHE-ECDSA-AES128-GCM_ECDHE-RSA-AES128-GCM_ECDHE-ECDSA-AES256-GCM_ECDHE-RSA-AES256-GCM_ECDHE-ECDSA-CHACHA20_ECDHE-RSA-CHACHA20_ECDHE-RSA-AES128-CBC_ECDHE-RSA-AES256-CBC_RSA-AES128-GCM_RSA-AES256-GCM_RSA-AES128-CBC_RSA-AES256-CBC,4,True,0.0,"2570,4588,29,23,24",X25519MLKEM768_x25519_secp256r1_secp384r1,8,False,,"1027,2052,1025,1283,2053,1281,2054,1537",ecdsa_secp256r1_sha256_rsa_pss_rsae_sha256_rsa_pkcs1_sha256_ecdsa_secp384r1_sha384_rsa_pss_rsae_sha384_rsa_pkcs1_sha384_rsa_pss_rsae_sha512_rsa_pkcs1_sha512,True,t13d1516h2,8daaf6152771,d8a2da3f94cd,t,13,d,15,16,h2,"1:65536;2:0;4:6291456;6:262144|15663105|1:1:0:256,3:1:0:220,5:1:0:256,7:1:5:110,9:1:7:110,11:1:9:110,13:1:0:256,15:1:13:110,17:1:15:110|m,a,s,p",1:65536;2:0;4:6291456;6:262144,15663105.0,"1:1:0:256,3:1:0:220,5:1:0:256,7:1:5:110,9:1:7:110,11:1:9:110,13:1:0:256,15:1:13:110,17:1:15:110","m,a,s,p",9.0,65536.0,0.0,,6291456.0,,262144.0,":method,:authority,:scheme,:path"
trial-019,f6f3c974-da54-4c21-95e8-17d58f26b7c9,2026-05-02 10:06:03.286214964+00:00,205.172.168.145,POST,/collect,HTTP/2.0,0.239,TLS 1.3,h2,TLS_AES_128_GCM_SHA256,uxbehaviorsuite.com,True,530e544e57a5c39af8447355a4c86358,t13d1516h2_8daaf6152771_d8a2da3f94cd,"h2,http/1.1",h2,2,True,True,0.0,h2_first,"2570,772,771","TLS 1.3,TLS 1.2",2,True,True,True,False,0.0,TLS1.3+TLS1.2,True,15,True,0.0,"2570,4865,4866,4867,49195,49199,49196,49200,52393,52392,49171,49172,156,157,47,53",TLS_AES_128_GCM_SHA256_TLS_AES_256_GCM_SHA384_TLS_CHACHA20_POLY1305_SHA256_ECDHE-ECDSA-AES128-GCM_ECDHE-RSA-AES128-GCM_ECDHE-ECDSA-AES256-GCM_ECDHE-RSA-AES256-GCM_ECDHE-ECDSA-CHACHA20_ECDHE-RSA-CHACHA20_ECDHE-RSA-AES128-CBC_ECDHE-RSA-AES256-CBC_RSA-AES128-GCM_RSA-AES256-GCM_RSA-AES128-CBC_RSA-AES256-CBC,4,True,0.0,"2570,4588,29,23,24",X25519MLKEM768_x25519_secp256r1_secp384r1,8,False,,"1027,2052,1025,1283,2053,1281,2054,1537",ecdsa_secp256r1_sha256_rsa_pss_rsae_sha256_rsa_pkcs1_sha256_ecdsa_secp384r1_sha384_rsa_pss_rsae_sha384_rsa_pkcs1_sha384_rsa_pss_rsae_sha512_rsa_pkcs1_sha512,True,t13d1516h2,8daaf6152771,d8a2da3f94cd,t,13,d,15,16,h2,"1:65536;2:0;4:6291456;6:262144|15663105|1:1:0:256,3:1:0:220,5:1:0:256,7:1:5:110,9:1:7:110,11:1:9:110,13:1:0:256,15:1:13:110,17:1:15:110,19:1:17:110|m,a,s,p",1:65536;2:0;4:6291456;6:262144,15663105.0,"1:1:0:256,3:1:0:220,5:1:0:256,7:1:5:110,9:1:7:110,11:1:9:110,13:1:0:256,15:1:13:110,17:1:15:110,19:1:17:110","m,a,s,p",10.0,65536.0,0.0,,6291456.0,,262144.0,":method,:authority,:scheme,:path"
trial-019,beaee83e-02b7-44eb-83b1-3c92525bf128,2026-05-02 10:06:53.444513745+00:00,46.138.250.165,GET,/,HTTP/2.0,0.345,TLS 1.3,h2,TLS_AES_128_GCM_SHA256,uxbehaviorsuite.com,True,0149f47eabf9a20d0893e2a44e5a6323,t13d3112h2_e8f1e7e78f70_b26ce05bbdd6,"h2,http/1.1",h2,2,True,True,0.0,h2_first,"772,771,770,769","TLS 1.3,TLS 1.2,TLS 1.1,TLS 1.0",4,False,True,True,True,,TLS1.3+TLS1.2+TLS1.1+TLS1.0,True,31,False,,"4866,4867,4865,49196,49200,159,52393,52392,52394,49195,49199,158,49188,49192,107,49187,49191,103,49162,49172,57,49161,49171,51,157,156,61,60,53,47,255",TLS_AES_256_GCM_SHA384_TLS_CHACHA20_POLY1305_SHA256_TLS_AES_128_GCM_SHA256_ECDHE-ECDSA-AES256-GCM_ECDHE-RSA-AES256-GCM_159_ECDHE-ECDSA-CHACHA20_ECDHE-RSA-CHACHA20_52394_ECDHE-ECDSA-AES128-GCM_ECDHE-RSA-AES128-GCM_158_49188_49192_107_49187_49191_103_49162_ECDHE-RSA-AES256-CBC_57_49161_ECDHE-RSA-AES128-CBC_51_RSA-AES256-GCM_RSA-AES128-GCM_61_60_RSA-AES256-CBC_RSA-AES128-CBC_EMPTY_RENEGOTIATION,10,False,,"29,23,30,25,24,256,257,258,259,260",x25519_secp256r1_30_secp521r1_secp384r1_256_257_258_259_260,20,False,,"1027,1283,1539,2055,2056,2057,2058,2059,2052,2053,2054,1025,1281,1537,771,769,770,1026,1282,1538",ecdsa_secp256r1_sha256_ecdsa_secp384r1_sha384_1539_2055_2056_2057_2058_2059_rsa_pss_rsae_sha256_rsa_pss_rsae_sha384_rsa_pss_rsae_sha512_rsa_pkcs1_sha256_rsa_pkcs1_sha384_rsa_pkcs1_sha512_771_769_770_1026_1282_1538,False,t13d3112h2,e8f1e7e78f70,b26ce05bbdd6,t,13,d,31,12,h2,"3:100;4:33554432;2:0|33488897|0|m,p,s,a",3:100;4:33554432;2:0,33488897.0,0,"m,p,s,a",1.0,,0.0,100.0,33554432.0,,,":method,:path,:scheme,:authority"
trial-019,a6c8cae6-8164-49da-a72e-65a5df9c5596,2026-05-02 10:06:55.295932060+00:00,46.138.250.165,GET,/,HTTP/1.1,0.406,TLS 1.3,,TLS_AES_128_GCM_SHA256,uxbehaviorsuite.com,True,a468eae2a82cd86fea9fd0c541ed8ff0,t13d751100_479067518aa3_d41ae481755e,,,0,False,False,,none,"772,771,770,769","TLS 1.3,TLS 1.2,TLS 1.1,TLS 1.0",4,False,True,True,True,,TLS1.3+TLS1.2+TLS1.1+TLS1.0,True,75,False,,"4866,4867,4865,49199,49195,49200,49196,158,162,163,159,49191,49187,49171,49161,49192,49188,49172,49162,103,51,64,107,56,57,156,157,49326,49324,49314,49310,50,49312,49308,60,47,49327,49325,49315,49311,106,49313,49309,61,53,52393,52392,52394,49245,49249,49239,49235,49244,49248,49238,49234,49267,49271,196,195,49266,49270,190,189,136,135,69,68,49233,49232,192,186,132,65,255",TLS_AES_256_GCM_SHA384_TLS_CHACHA20_POLY1305_SHA256_TLS_AES_128_GCM_SHA256_ECDHE-RSA-AES128-GCM_ECDHE-ECDSA-AES128-GCM_ECDHE-RSA-AES256-GCM_ECDHE-ECDSA-AES256-GCM_158_162_163_159_49191_49187_ECDHE-RSA-AES128-CBC_49161_49192_49188_ECDHE-RSA-AES256-CBC_49162_103_51_64_107_56_57_RSA-AES128-GCM_RSA-AES256-GCM_49326_49324_49314_49310_50_49312_49308_60_RSA-AES128-CBC_49327_49325_49315_49311_106_49313_49309_61_RSA-AES256-CBC_ECDHE-ECDSA-CHACHA20_ECDHE-RSA-CHACHA20_52394_49245_49249_49239_49235_49244_49248_49238_49234_49267_49271_196_195_49266_49270_190_189_136_135_69_68_49233_49232_192_186_132_65_EMPTY_RENEGOTIATION,10,False,,"29,23,30,25,24,256,257,258,259,260",x25519_secp256r1_30_secp521r1_secp384r1_256_257_258_259_260,20,False,,"1027,1283,1539,2055,2056,2057,2058,2059,2052,2053,2054,1025,1281,1537,771,769,770,1026,1282,1538",ecdsa_secp256r1_sha256_ecdsa_secp384r1_sha384_1539_2055_2056_2057_2058_2059_rsa_pss_rsae_sha256_rsa_pss_rsae_sha384_rsa_pss_rsae_sha512_rsa_pkcs1_sha256_rsa_pkcs1_sha384_rsa_pkcs1_sha512_771_769_770_1026_1282_1538,False,t13d751100,479067518aa3,d41ae481755e,t,13,d,75,11,00,,,,,,,,,,,,,
trial-019,e1bb2a89-17a5-4243-ae93-50b33cf62bf1,2026-05-02 10:07:22.047782066+00:00,205.172.168.145,GET,/s2-scroll-gate.html,HTTP/2.0,0.528,TLS 1.3,h2,TLS_AES_128_GCM_SHA256,uxbehaviorsuite.com,True,530e544e57a5c39af8447355a4c86358,t13d1516h2_8daaf6152771_d8a2da3f94cd,"h2,http/1.1",h2,2,True,True,0.0,h2_first,"2570,772,771","TLS 1.3,TLS 1.2",2,True,True,True,False,0.0,TLS1.3+TLS1.2,True,15,True,0.0,"2570,4865,4866,4867,49195,49199,49196,49200,52393,52392,49171,49172,156,157,47,53",TLS_AES_128_GCM_SHA256_TLS_AES_256_GCM_SHA384_TLS_CHACHA20_POLY1305_SHA256_ECDHE-ECDSA-AES128-GCM_ECDHE-RSA-AES128-GCM_ECDHE-ECDSA-AES256-GCM_ECDHE-RSA-AES256-GCM_ECDHE-ECDSA-CHACHA20_ECDHE-RSA-CHACHA20_ECDHE-RSA-AES128-CBC_ECDHE-RSA-AES256-CBC_RSA-AES128-GCM_RSA-AES256-GCM_RSA-AES128-CBC_RSA-AES256-CBC,4,True,0.0,"2570,4588,29,23,24",X25519MLKEM768_x25519_secp256r1_secp384r1,8,False,,"1027,2052,1025,1283,2053,1281,2054,1537",ecdsa_secp256r1_sha256_rsa_pss_rsae_sha256_rsa_pkcs1_sha256_ecdsa_secp384r1_sha384_rsa_pss_rsae_sha384_rsa_pkcs1_sha384_rsa_pss_rsae_sha512_rsa_pkcs1_sha512,True,t13d1516h2,8daaf6152771,d8a2da3f94cd,t,13,d,15,16,h2,"1:65536;2:0;4:6291456;6:262144|15663105|1:1:0:256,3:1:0:220,5:1:0:256,7:1:5:110,9:1:7:110,11:1:9:110,13:1:0:256,15:1:13:110,17:1:15:110,19:1:17:110,21:1:0:110,23:1:0:256|m,a,s,p",1:65536;2:0;4:6291456;6:262144,15663105.0,"1:1:0:256,3:1:0:220,5:1:0:256,7:1:5:110,9:1:7:110,11:1:9:110,13:1:0:256,15:1:13:110,17:1:15:110,19:1:17:110,21:1:0:110,23:1:0:256","m,a,s,p",12.0,65536.0,0.0,,6291456.0,,262144.0,":method,:authority,:scheme,:path"
trial-019,5cd7aa22-6a59-4610-8dbb-9c4c0fb90093,2026-05-02 10:07:22.069843009+00:00,205.172.168.145,POST,/collect,HTTP/2.0,0.66,TLS 1.3,h2,TLS_AES_128_GCM_SHA256,uxbehaviorsuite.com,True,530e544e57a5c39af8447355a4c86358,t13d1516h2_8daaf6152771_d8a2da3f94cd,"h2,http/1.1",h2,2,True,True,0.0,h2_first,"2570,772,771","TLS 1.3,TLS 1.2",2,True,True,True,False,0.0,TLS1.3+TLS1.2,True,15,True,0.0,"2570,4865,4866,4867,49195,49199,49196,49200,52393,52392,49171,49172,156,157,47,53",TLS_AES_128_GCM_SHA256_TLS_AES_256_GCM_SHA384_TLS_CHACHA20_POLY1305_SHA256_ECDHE-ECDSA-AES128-GCM_ECDHE-RSA-AES128-GCM_ECDHE-ECDSA-AES256-GCM_ECDHE-RSA-AES256-GCM_ECDHE-ECDSA-CHACHA20_ECDHE-RSA-CHACHA20_ECDHE-RSA-AES128-CBC_ECDHE-RSA-AES256-CBC_RSA-AES128-GCM_RSA-AES256-GCM_RSA-AES128-CBC_RSA-AES256-CBC,4,True,0.0,"2570,4588,29,23,24",X25519MLKEM768_x25519_secp256r1_secp384r1,8,False,,"1027,2052,1025,1283,2053,1281,2054,1537",ecdsa_secp256r1_sha256_rsa_pss_rsae_sha256_rsa_pkcs1_sha256_ecdsa_secp384r1_sha384_rsa_pss_rsae_sha384_rsa_pkcs1_sha384_rsa_pss_rsae_sha512_rsa_pkcs1_sha512,True,t13d1516h2,8daaf6152771,d8a2da3f94cd,t,13,d,15,16,h2,"1:65536;2:0;4:6291456;6:262144|15663105|1:1:0:256,3:1:0:220,5:1:0:256,7:1:5:110,9:1:7:110,11:1:9:110,13:1:0:256,15:1:13:110,17:1:15:110,19:1:17:110,21:1:0:110,23:1:0:256,25:1:23:110|m,a,s,p",1:65536;2:0;4:6291456;6:262144,15663105.0,"1:1:0:256,3:1:0:220,5:1:0:256,7:1:5:110,9:1:7:110,11:1:9:110,13:1:0:256,15:1:13:110,17:1:15:110,19:1:17:110,21:1:0:110,23:1:0:256,25:1:23:110","m,a,s,p",13.0,65536.0,0.0,,6291456.0,,262144.0,":method,:authority,:scheme,:path"
trial-019,17dfc367-6880-43ce-8aa8-905816c045ad,2026-05-02 10:07:22.071109605+00:00,205.172.168.145,POST,/collect,HTTP/2.0,0.196,TLS 1.3,h2,TLS_AES_128_GCM_SHA256,uxbehaviorsuite.com,True,530e544e57a5c39af8447355a4c86358,t13d1516h2_8daaf6152771_d8a2da3f94cd,"h2,http/1.1",h2,2,True,True,0.0,h2_first,"2570,772,771","TLS 1.3,TLS 1.2",2,True,True,True,False,0.0,TLS1.3+TLS1.2,True,15,True,0.0,"2570,4865,4866,4867,49195,49199,49196,49200,52393,52392,49171,49172,156,157,47,53",TLS_AES_128_GCM_SHA256_TLS_AES_256_GCM_SHA384_TLS_CHACHA20_POLY1305_SHA256_ECDHE-ECDSA-AES128-GCM_ECDHE-RSA-AES128-GCM_ECDHE-ECDSA-AES256-GCM_ECDHE-RSA-AES256-GCM_ECDHE-ECDSA-CHACHA20_ECDHE-RSA-CHACHA20_ECDHE-RSA-AES128-CBC_ECDHE-RSA-AES256-CBC_RSA-AES128-GCM_RSA-AES256-GCM_RSA-AES128-CBC_RSA-AES256-CBC,4,True,0.0,"2570,4588,29,23,24",X25519MLKEM768_x25519_secp256r1_secp384r1,8,False,,"1027,2052,1025,1283,2053,1281,2054,1537",ecdsa_secp256r1_sha256_rsa_pss_rsae_sha256_rsa_pkcs1_sha256_ecdsa_secp384r1_sha384_rsa_pss_rsae_sha384_rsa_pkcs1_sha384_rsa_pss_rsae_sha512_rsa_pkcs1_sha512,True,t13d1516h2,8daaf6152771,d8a2da3f94cd,t,13,d,15,16,h2,"1:65536;2:0;4:6291456;6:262144|15663105|1:1:0:256,3:1:0:220,5:1:0:256,7:1:5:110,9:1:7:110,11:1:9:110,13:1:0:256,15:1:13:110,17:1:15:110,19:1:17:110,21:1:0:110,23:1:0:256,25:1:23:110,27:1:25:110|m,a,s,p",1:65536;2:0;4:6291456;6:262144,15663105.0,"1:1:0:256,3:1:0:220,5:1:0:256,7:1:5:110,9:1:7:110,11:1:9:110,13:1:0:256,15:1:13:110,17:1:15:110,19:1:17:110,21:1:0:110,23:1:0:256,25:1:23:110,27:1:25:110","m,a,s,p",14.0,65536.0,0.0,,6291456.0,,262144.0,":method,:authority,:scheme,:path"
trial-019,3f16a58b-5abb-444e-a73e-e7e0356aa73a,2026-05-02 10:08:34.060133688+00:00,205.172.168.145,GET,/s3-hover-reveal.html,HTTP/2.0,0.348,TLS 1.3,h2,TLS_AES_128_GCM_SHA256,uxbehaviorsuite.com,True,530e544e57a5c39af8447355a4c86358,t13d1516h2_8daaf6152771_d8a2da3f94cd,"h2,http/1.1",h2,2,True,True,0.0,h2_first,"2570,772,771","TLS 1.3,TLS 1.2",2,True,True,True,False,0.0,TLS1.3+TLS1.2,True,15,True,0.0,"2570,4865,4866,4867,49195,49199,49196,49200,52393,52392,49171,49172,156,157,47,53",TLS_AES_128_GCM_SHA256_TLS_AES_256_GCM_SHA384_TLS_CHACHA20_POLY1305_SHA256_ECDHE-ECDSA-AES128-GCM_ECDHE-RSA-AES128-GCM_ECDHE-ECDSA-AES256-GCM_ECDHE-RSA-AES256-GCM_ECDHE-ECDSA-CHACHA20_ECDHE-RSA-CHACHA20_ECDHE-RSA-AES128-CBC_ECDHE-RSA-AES256-CBC_RSA-AES128-GCM_RSA-AES256-GCM_RSA-AES128-CBC_RSA-AES256-CBC,4,True,0.0,"2570,4588,29,23,24",X25519MLKEM768_x25519_secp256r1_secp384r1,8,False,,"1027,2052,1025,1283,2053,1281,2054,1537",ecdsa_secp256r1_sha256_rsa_pss_rsae_sha256_rsa_pkcs1_sha256_ecdsa_secp384r1_sha384_rsa_pss_rsae_sha384_rsa_pkcs1_sha384_rsa_pss_rsae_sha512_rsa_pkcs1_sha512,True,t13d1516h2,8daaf6152771,d8a2da3f94cd,t,13,d,15,16,h2,"1:65536;2:0;4:6291456;6:262144|15663105|1:1:0:256,3:1:0:220,5:1:0:256,7:1:5:110,9:1:7:110,11:1:9:110,13:1:0:256,15:1:13:110,17:1:15:110,19:1:17:110,21:1:0:110,23:1:0:256,25:1:23:110,27:1:25:110,29:1:0:256,31:1:29:110|m,a,s,p",1:65536;2:0;4:6291456;6:262144,15663105.0,"1:1:0:256,3:1:0:220,5:1:0:256,7:1:5:110,9:1:7:110,11:1:9:110,13:1:0:256,15:1:13:110,17:1:15:110,19:1:17:110,21:1:0:110,23:1:0:256,25:1:23:110,27:1:25:110,29:1:0:256,31:1:29:110","m,a,s,p",16.0,65536.0,0.0,,6291456.0,,262144.0,":method,:authority,:scheme,:path"
trial-019,15372696-e6ad-432b-b123-dd6c699504f2,2026-05-02 10:08:34.086554991+00:00,205.172.168.145,POST,/collect,HTTP/2.0,0.277,TLS 1.3,h2,TLS_AES_128_GCM_SHA256,uxbehaviorsuite.com,True,530e544e57a5c39af8447355a4c86358,t13d1516h2_8daaf6152771_d8a2da3f94cd,"h2,http/1.1",h2,2,True,True,0.0,h2_first,"2570,772,771","TLS 1.3,TLS 1.2",2,True,True,True,False,0.0,TLS1.3+TLS1.2,True,15,True,0.0,"2570,4865,4866,4867,49195,49199,49196,49200,52393,52392,49171,49172,156,157,47,53",TLS_AES_128_GCM_SHA256_TLS_AES_256_GCM_SHA384_TLS_CHACHA20_POLY1305_SHA256_ECDHE-ECDSA-AES128-GCM_ECDHE-RSA-AES128-GCM_ECDHE-ECDSA-AES256-GCM_ECDHE-RSA-AES256-GCM_ECDHE-ECDSA-CHACHA20_ECDHE-RSA-CHACHA20_ECDHE-RSA-AES128-CBC_ECDHE-RSA-AES256-CBC_RSA-AES128-GCM_RSA-AES256-GCM_RSA-AES128-CBC_RSA-AES256-CBC,4,True,0.0,"2570,4588,29,23,24",X25519MLKEM768_x25519_secp256r1_secp384r1,8,False,,"1027,2052,1025,1283,2053,1281,2054,1537",ecdsa_secp256r1_sha256_rsa_pss_rsae_sha256_rsa_pkcs1_sha256_ecdsa_secp384r1_sha384_rsa_pss_rsae_sha384_rsa_pkcs1_sha384_rsa_pss_rsae_sha512_rsa_pkcs1_sha512,True,t13d1516h2,8daaf6152771,d8a2da3f94cd,t,13,d,15,16,h2,"1:65536;2:0;4:6291456;6:262144|15663105|1:1:0:256,3:1:0:220,5:1:0:256,7:1:5:110,9:1:7:110,11:1:9:110,13:1:0:256,15:1:13:110,17:1:15:110,19:1:17:110,21:1:0:110,23:1:0:256,25:1:23:110,27:1:25:110,29:1:0:256,31:1:29:110,33:1:29:110|m,a,s,p",1:65536;2:0;4:6291456;6:262144,15663105.0,"1:1:0:256,3:1:0:220,5:1:0:256,7:1:5:110,9:1:7:110,11:1:9:110,13:1:0:256,15:1:13:110,17:1:15:110,19:1:17:110,21:1:0:110,23:1:0:256,25:1:23:110,27:1:25:110,29:1:0:256,31:1:29:110,33:1:29:110","m,a,s,p",17.0,65536.0,0.0,,6291456.0,,262144.0,":method,:authority,:scheme,:path"
trial-019,bd00bf8a-75c1-4a16-986e-053dc0da2698,2026-05-02 10:08:34.088186995+00:00,205.172.168.145,POST,/collect,HTTP/2.0,0.177,TLS 1.3,h2,TLS_AES_128_GCM_SHA256,uxbehaviorsuite.com,True,530e544e57a5c39af8447355a4c86358,t13d1516h2_8daaf6152771_d8a2da3f94cd,"h2,http/1.1",h2,2,True,True,0.0,h2_first,"2570,772,771","TLS 1.3,TLS 1.2",2,True,True,True,False,0.0,TLS1.3+TLS1.2,True,15,True,0.0,"2570,4865,4866,4867,49195,49199,49196,49200,52393,52392,49171,49172,156,157,47,53",TLS_AES_128_GCM_SHA256_TLS_AES_256_GCM_SHA384_TLS_CHACHA20_POLY1305_SHA256_ECDHE-ECDSA-AES128-GCM_ECDHE-RSA-AES128-GCM_ECDHE-ECDSA-AES256-GCM_ECDHE-RSA-AES256-GCM_ECDHE-ECDSA-CHACHA20_ECDHE-RSA-CHACHA20_ECDHE-RSA-AES128-CBC_ECDHE-RSA-AES256-CBC_RSA-AES128-GCM_RSA-AES256-GCM_RSA-AES128-CBC_RSA-AES256-CBC,4,True,0.0,"2570,4588,29,23,24",X25519MLKEM768_x25519_secp256r1_secp384r1,8,False,,"1027,2052,1025,1283,2053,1281,2054,1537",ecdsa_secp256r1_sha256_rsa_pss_rsae_sha256_rsa_pkcs1_sha256_ecdsa_secp384r1_sha384_rsa_pss_rsae_sha384_rsa_pkcs1_sha384_rsa_pss_rsae_sha512_rsa_pkcs1_sha512,True,t13d1516h2,8daaf6152771,d8a2da3f94cd,t,13,d,15,16,h2,"1:65536;2:0;4:6291456;6:262144|15663105|1:1:0:256,3:1:0:220,5:1:0:256,7:1:5:110,9:1:7:110,11:1:9:110,13:1:0:256,15:1:13:110,17:1:15:110,19:1:17:110,21:1:0:110,23:1:0:256,25:1:23:110,27:1:25:110,29:1:0:256,31:1:29:110,33:1:29:110,35:1:33:110|m,a,s,p",1:65536;2:0;4:6291456;6:262144,15663105.0,"1:1:0:256,3:1:0:220,5:1:0:256,7:1:5:110,9:1:7:110,11:1:9:110,13:1:0:256,15:1:13:110,17:1:15:110,19:1:17:110,21:1:0:110,23:1:0:256,25:1:23:110,27:1:25:110,29:1:0:256,31:1:29:110,33:1:29:110,35:1:33:110","m,a,s,p",18.0,65536.0,0.0,,6291456.0,,262144.0,":method,:authority,:scheme,:path"
trial-019,6ffb0afd-1de5-4562-bbc8-02e63824b7f4,2026-05-02 10:10:07.319641031+00:00,205.172.168.145,GET,/s4-dom-mismatch.html,HTTP/2.0,0.605,TLS 1.3,h2,TLS_AES_128_GCM_SHA256,uxbehaviorsuite.com,True,530e544e57a5c39af8447355a4c86358,t13d1516h2_8daaf6152771_d8a2da3f94cd,"h2,http/1.1",h2,2,True,True,0.0,h2_first,"2570,772,771","TLS 1.3,TLS 1.2",2,True,True,True,False,0.0,TLS1.3+TLS1.2,True,15,True,0.0,"2570,4865,4866,4867,49195,49199,49196,49200,52393,52392,49171,49172,156,157,47,53",TLS_AES_128_GCM_SHA256_TLS_AES_256_GCM_SHA384_TLS_CHACHA20_POLY1305_SHA256_ECDHE-ECDSA-AES128-GCM_ECDHE-RSA-AES128-GCM_ECDHE-ECDSA-AES256-GCM_ECDHE-RSA-AES256-GCM_ECDHE-ECDSA-CHACHA20_ECDHE-RSA-CHACHA20_ECDHE-RSA-AES128-CBC_ECDHE-RSA-AES256-CBC_RSA-AES128-GCM_RSA-AES256-GCM_RSA-AES128-CBC_RSA-AES256-CBC,4,True,0.0,"2570,4588,29,23,24",X25519MLKEM768_x25519_secp256r1_secp384r1,8,False,,"1027,2052,1025,1283,2053,1281,2054,1537",ecdsa_secp256r1_sha256_rsa_pss_rsae_sha256_rsa_pkcs1_sha256_ecdsa_secp384r1_sha384_rsa_pss_rsae_sha384_rsa_pkcs1_sha384_rsa_pss_rsae_sha512_rsa_pkcs1_sha512,True,t13d1516h2,8daaf6152771,d8a2da3f94cd,t,13,d,15,16,h2,"1:65536;2:0;4:6291456;6:262144|15663105|1:1:0:256,3:1:0:220,5:1:0:256,7:1:5:110,9:1:7:110,11:1:9:110,13:1:0:256,15:1:13:110,17:1:15:110,19:1:17:110,21:1:0:110,23:1:0:256,25:1:23:110,27:1:25:110,29:1:0:256,31:1:29:110,33:1:29:110,35:1:33:110,37:1:0:256,39:1:37:110|m,a,s,p",1:65536;2:0;4:6291456;6:262144,15663105.0,"1:1:0:256,3:1:0:220,5:1:0:256,7:1:5:110,9:1:7:110,11:1:9:110,13:1:0:256,15:1:13:110,17:1:15:110,19:1:17:110,21:1:0:110,23:1:0:256,25:1:23:110,27:1:25:110,29:1:0:256,31:1:29:110,33:1:29:110,35:1:33:110,37:1:0:256,39:1:37:110","m,a,s,p",20.0,65536.0,0.0,,6291456.0,,262144.0,":method,:authority,:scheme,:path"
trial-019,a7f66162-f761-463a-9a0f-f0230f0048e4,2026-05-02 10:10:07.319902497+00:00,205.172.168.145,POST,/collect,HTTP/2.0,0.578,TLS 1.3,h2,TLS_AES_128_GCM_SHA256,uxbehaviorsuite.com,True,530e544e57a5c39af8447355a4c86358,t13d1516h2_8daaf6152771_d8a2da3f94cd,"h2,http/1.1",h2,2,True,True,0.0,h2_first,"2570,772,771","TLS 1.3,TLS 1.2",2,True,True,True,False,0.0,TLS1.3+TLS1.2,True,15,True,0.0,"2570,4865,4866,4867,49195,49199,49196,49200,52393,52392,49171,49172,156,157,47,53",TLS_AES_128_GCM_SHA256_TLS_AES_256_GCM_SHA384_TLS_CHACHA20_POLY1305_SHA256_ECDHE-ECDSA-AES128-GCM_ECDHE-RSA-AES128-GCM_ECDHE-ECDSA-AES256-GCM_ECDHE-RSA-AES256-GCM_ECDHE-ECDSA-CHACHA20_ECDHE-RSA-CHACHA20_ECDHE-RSA-AES128-CBC_ECDHE-RSA-AES256-CBC_RSA-AES128-GCM_RSA-AES256-GCM_RSA-AES128-CBC_RSA-AES256-CBC,4,True,0.0,"2570,4588,29,23,24",X25519MLKEM768_x25519_secp256r1_secp384r1,8,False,,"1027,2052,1025,1283,2053,1281,2054,1537",ecdsa_secp256r1_sha256_rsa_pss_rsae_sha256_rsa_pkcs1_sha256_ecdsa_secp384r1_sha384_rsa_pss_rsae_sha384_rsa_pkcs1_sha384_rsa_pss_rsae_sha512_rsa_pkcs1_sha512,True,t13d1516h2,8daaf6152771,d8a2da3f94cd,t,13,d,15,16,h2,"1:65536;2:0;4:6291456;6:262144|15663105|1:1:0:256,3:1:0:220,5:1:0:256,7:1:5:110,9:1:7:110,11:1:9:110,13:1:0:256,15:1:13:110,17:1:15:110,19:1:17:110,21:1:0:110,23:1:0:256,25:1:23:110,27:1:25:110,29:1:0:256,31:1:29:110,33:1:29:110,35:1:33:110,37:1:0:256,39:1:37:110|m,a,s,p",1:65536;2:0;4:6291456;6:262144,15663105.0,"1:1:0:256,3:1:0:220,5:1:0:256,7:1:5:110,9:1:7:110,11:1:9:110,13:1:0:256,15:1:13:110,17:1:15:110,19:1:17:110,21:1:0:110,23:1:0:256,25:1:23:110,27:1:25:110,29:1:0:256,31:1:29:110,33:1:29:110,35:1:33:110,37:1:0:256,39:1:37:110","m,a,s,p",20.0,65536.0,0.0,,6291456.0,,262144.0,":method,:authority,:scheme,:path"
trial-019,6f4b9af1-56a5-4d45-89c5-56bc0461cbdd,2026-05-02 10:10:07.342469512+00:00,205.172.168.145,POST,/collect,HTTP/2.0,0.19,TLS 1.3,h2,TLS_AES_128_GCM_SHA256,uxbehaviorsuite.com,True,530e544e57a5c39af8447355a4c86358,t13d1516h2_8daaf6152771_d8a2da3f94cd,"h2,http/1.1",h2,2,True,True,0.0,h2_first,"2570,772,771","TLS 1.3,TLS 1.2",2,True,True,True,False,0.0,TLS1.3+TLS1.2,True,15,True,0.0,"2570,4865,4866,4867,49195,49199,49196,49200,52393,52392,49171,49172,156,157,47,53",TLS_AES_128_GCM_SHA256_TLS_AES_256_GCM_SHA384_TLS_CHACHA20_POLY1305_SHA256_ECDHE-ECDSA-AES128-GCM_ECDHE-RSA-AES128-GCM_ECDHE-ECDSA-AES256-GCM_ECDHE-RSA-AES256-GCM_ECDHE-ECDSA-CHACHA20_ECDHE-RSA-CHACHA20_ECDHE-RSA-AES128-CBC_ECDHE-RSA-AES256-CBC_RSA-AES128-GCM_RSA-AES256-GCM_RSA-AES128-CBC_RSA-AES256-CBC,4,True,0.0,"2570,4588,29,23,24",X25519MLKEM768_x25519_secp256r1_secp384r1,8,False,,"1027,2052,1025,1283,2053,1281,2054,1537",ecdsa_secp256r1_sha256_rsa_pss_rsae_sha256_rsa_pkcs1_sha256_ecdsa_secp384r1_sha384_rsa_pss_rsae_sha384_rsa_pkcs1_sha384_rsa_pss_rsae_sha512_rsa_pkcs1_sha512,True,t13d1516h2,8daaf6152771,d8a2da3f94cd,t,13,d,15,16,h2,"1:65536;2:0;4:6291456;6:262144|15663105|1:1:0:256,3:1:0:220,5:1:0:256,7:1:5:110,9:1:7:110,11:1:9:110,13:1:0:256,15:1:13:110,17:1:15:110,19:1:17:110,21:1:0:110,23:1:0:256,25:1:23:110,27:1:25:110,29:1:0:256,31:1:29:110,33:1:29:110,35:1:33:110,37:1:0:256,39:1:37:110,41:1:39:110|m,a,s,p",1:65536;2:0;4:6291456;6:262144,15663105.0,"1:1:0:256,3:1:0:220,5:1:0:256,7:1:5:110,9:1:7:110,11:1:9:110,13:1:0:256,15:1:13:110,17:1:15:110,19:1:17:110,21:1:0:110,23:1:0:256,25:1:23:110,27:1:25:110,29:1:0:256,31:1:29:110,33:1:29:110,35:1:33:110,37:1:0:256,39:1:37:110,41:1:39:110","m,a,s,p",21.0,65536.0,0.0,,6291456.0,,262144.0,":method,:authority,:scheme,:path"
trial-019,93f3896d-1d2d-4ece-8d5b-5b04267b1962,2026-05-02 10:10:07.343243010+00:00,205.172.168.145,POST,/collect,HTTP/2.0,0.193,TLS 1.3,h2,TLS_AES_128_GCM_SHA256,uxbehaviorsuite.com,True,530e544e57a5c39af8447355a4c86358,t13d1516h2_8daaf6152771_d8a2da3f94cd,"h2,http/1.1",h2,2,True,True,0.0,h2_first,"2570,772,771","TLS 1.3,TLS 1.2",2,True,True,True,False,0.0,TLS1.3+TLS1.2,True,15,True,0.0,"2570,4865,4866,4867,49195,49199,49196,49200,52393,52392,49171,49172,156,157,47,53",TLS_AES_128_GCM_SHA256_TLS_AES_256_GCM_SHA384_TLS_CHACHA20_POLY1305_SHA256_ECDHE-ECDSA-AES128-GCM_ECDHE-RSA-AES128-GCM_ECDHE-ECDSA-AES256-GCM_ECDHE-RSA-AES256-GCM_ECDHE-ECDSA-CHACHA20_ECDHE-RSA-CHACHA20_ECDHE-RSA-AES128-CBC_ECDHE-RSA-AES256-CBC_RSA-AES128-GCM_RSA-AES256-GCM_RSA-AES128-CBC_RSA-AES256-CBC,4,True,0.0,"2570,4588,29,23,24",X25519MLKEM768_x25519_secp256r1_secp384r1,8,False,,"1027,2052,1025,1283,2053,1281,2054,1537",ecdsa_secp256r1_sha256_rsa_pss_rsae_sha256_rsa_pkcs1_sha256_ecdsa_secp384r1_sha384_rsa_pss_rsae_sha384_rsa_pkcs1_sha384_rsa_pss_rsae_sha512_rsa_pkcs1_sha512,True,t13d1516h2,8daaf6152771,d8a2da3f94cd,t,13,d,15,16,h2,"1:65536;2:0;4:6291456;6:262144|15663105|1:1:0:256,3:1:0:220,5:1:0:256,7:1:5:110,9:1:7:110,11:1:9:110,13:1:0:256,15:1:13:110,17:1:15:110,19:1:17:110,21:1:0:110,23:1:0:256,25:1:23:110,27:1:25:110,29:1:0:256,31:1:29:110,33:1:29:110,35:1:33:110,37:1:0:256,39:1:37:110,41:1:39:110,43:1:41:110|m,a,s,p",1:65536;2:0;4:6291456;6:262144,15663105.0,"1:1:0:256,3:1:0:220,5:1:0:256,7:1:5:110,9:1:7:110,11:1:9:110,13:1:0:256,15:1:13:110,17:1:15:110,19:1:17:110,21:1:0:110,23:1:0:256,25:1:23:110,27:1:25:110,29:1:0:256,31:1:29:110,33:1:29:110,35:1:33:110,37:1:0:256,39:1:37:110,41:1:39:110,43:1:41:110","m,a,s,p",22.0,65536.0,0.0,,6291456.0,,262144.0,":method,:authority,:scheme,:path"
trial-019,0559cf6d-c9d2-4e56-9e45-5165d37c5f1d,2026-05-02 10:11:15.295016729+00:00,205.172.168.145,GET,/s5-delayed-feedback.html,HTTP/2.0,1.198,TLS 1.3,h2,TLS_AES_128_GCM_SHA256,uxbehaviorsuite.com,True,530e544e57a5c39af8447355a4c86358,t13d1516h2_8daaf6152771_d8a2da3f94cd,"h2,http/1.1",h2,2,True,True,0.0,h2_first,"2570,772,771","TLS 1.3,TLS 1.2",2,True,True,True,False,0.0,TLS1.3+TLS1.2,True,15,True,0.0,"2570,4865,4866,4867,49195,49199,49196,49200,52393,52392,49171,49172,156,157,47,53",TLS_AES_128_GCM_SHA256_TLS_AES_256_GCM_SHA384_TLS_CHACHA20_POLY1305_SHA256_ECDHE-ECDSA-AES128-GCM_ECDHE-RSA-AES128-GCM_ECDHE-ECDSA-AES256-GCM_ECDHE-RSA-AES256-GCM_ECDHE-ECDSA-CHACHA20_ECDHE-RSA-CHACHA20_ECDHE-RSA-AES128-CBC_ECDHE-RSA-AES256-CBC_RSA-AES128-GCM_RSA-AES256-GCM_RSA-AES128-CBC_RSA-AES256-CBC,4,True,0.0,"2570,4588,29,23,24",X25519MLKEM768_x25519_secp256r1_secp384r1,8,False,,"1027,2052,1025,1283,2053,1281,2054,1537",ecdsa_secp256r1_sha256_rsa_pss_rsae_sha256_rsa_pkcs1_sha256_ecdsa_secp384r1_sha384_rsa_pss_rsae_sha384_rsa_pkcs1_sha384_rsa_pss_rsae_sha512_rsa_pkcs1_sha512,True,t13d1516h2,8daaf6152771,d8a2da3f94cd,t,13,d,15,16,h2,"1:65536;2:0;4:6291456;6:262144|15663105|1:1:0:256,3:1:0:220,5:1:0:256,7:1:5:110,9:1:7:110,11:1:9:110,13:1:0:256,15:1:13:110,17:1:15:110,19:1:17:110,21:1:0:110,23:1:0:256,25:1:23:110,27:1:25:110,29:1:0:256,31:1:29:110,33:1:29:110,35:1:33:110,37:1:0:256,39:1:37:110,41:1:39:110,43:1:41:110,45:1:0:256,47:1:45:110|m,a,s,p",1:65536;2:0;4:6291456;6:262144,15663105.0,"1:1:0:256,3:1:0:220,5:1:0:256,7:1:5:110,9:1:7:110,11:1:9:110,13:1:0:256,15:1:13:110,17:1:15:110,19:1:17:110,21:1:0:110,23:1:0:256,25:1:23:110,27:1:25:110,29:1:0:256,31:1:29:110,33:1:29:110,35:1:33:110,37:1:0:256,39:1:37:110,41:1:39:110,43:1:41:110,45:1:0:256,47:1:45:110","m,a,s,p",24.0,65536.0,0.0,,6291456.0,,262144.0,":method,:authority,:scheme,:path"
trial-019,421ec1ec-8f50-459a-80b4-93555b0dab8e,2026-05-02 10:11:15.295172786+00:00,205.172.168.145,POST,/collect,HTTP/2.0,0.399,TLS 1.3,h2,TLS_AES_128_GCM_SHA256,uxbehaviorsuite.com,True,530e544e57a5c39af8447355a4c86358,t13d1516h2_8daaf6152771_d8a2da3f94cd,"h2,http/1.1",h2,2,True,True,0.0,h2_first,"2570,772,771","TLS 1.3,TLS 1.2",2,True,True,True,False,0.0,TLS1.3+TLS1.2,True,15,True,0.0,"2570,4865,4866,4867,49195,49199,49196,49200,52393,52392,49171,49172,156,157,47,53",TLS_AES_128_GCM_SHA256_TLS_AES_256_GCM_SHA384_TLS_CHACHA20_POLY1305_SHA256_ECDHE-ECDSA-AES128-GCM_ECDHE-RSA-AES128-GCM_ECDHE-ECDSA-AES256-GCM_ECDHE-RSA-AES256-GCM_ECDHE-ECDSA-CHACHA20_ECDHE-RSA-CHACHA20_ECDHE-RSA-AES128-CBC_ECDHE-RSA-AES256-CBC_RSA-AES128-GCM_RSA-AES256-GCM_RSA-AES128-CBC_RSA-AES256-CBC,4,True,0.0,"2570,4588,29,23,24",X25519MLKEM768_x25519_secp256r1_secp384r1,8,False,,"1027,2052,1025,1283,2053,1281,2054,1537",ecdsa_secp256r1_sha256_rsa_pss_rsae_sha256_rsa_pkcs1_sha256_ecdsa_secp384r1_sha384_rsa_pss_rsae_sha384_rsa_pkcs1_sha384_rsa_pss_rsae_sha512_rsa_pkcs1_sha512,True,t13d1516h2,8daaf6152771,d8a2da3f94cd,t,13,d,15,16,h2,"1:65536;2:0;4:6291456;6:262144|15663105|1:1:0:256,3:1:0:220,5:1:0:256,7:1:5:110,9:1:7:110,11:1:9:110,13:1:0:256,15:1:13:110,17:1:15:110,19:1:17:110,21:1:0:110,23:1:0:256,25:1:23:110,27:1:25:110,29:1:0:256,31:1:29:110,33:1:29:110,35:1:33:110,37:1:0:256,39:1:37:110,41:1:39:110,43:1:41:110,45:1:0:256,47:1:45:110|m,a,s,p",1:65536;2:0;4:6291456;6:262144,15663105.0,"1:1:0:256,3:1:0:220,5:1:0:256,7:1:5:110,9:1:7:110,11:1:9:110,13:1:0:256,15:1:13:110,17:1:15:110,19:1:17:110,21:1:0:110,23:1:0:256,25:1:23:110,27:1:25:110,29:1:0:256,31:1:29:110,33:1:29:110,35:1:33:110,37:1:0:256,39:1:37:110,41:1:39:110,43:1:41:110,45:1:0:256,47:1:45:110","m,a,s,p",24.0,65536.0,0.0,,6291456.0,,262144.0,":method,:authority,:scheme,:path"
trial-019,34b41d2d-e1f7-46c6-8067-8f567c2cadb7,2026-05-02 10:11:15.316889190+00:00,205.172.168.145,POST,/collect,HTTP/2.0,0.245,TLS 1.3,h2,TLS_AES_128_GCM_SHA256,uxbehaviorsuite.com,True,530e544e57a5c39af8447355a4c86358,t13d1516h2_8daaf6152771_d8a2da3f94cd,"h2,http/1.1",h2,2,True,True,0.0,h2_first,"2570,772,771","TLS 1.3,TLS 1.2",2,True,True,True,False,0.0,TLS1.3+TLS1.2,True,15,True,0.0,"2570,4865,4866,4867,49195,49199,49196,49200,52393,52392,49171,49172,156,157,47,53",TLS_AES_128_GCM_SHA256_TLS_AES_256_GCM_SHA384_TLS_CHACHA20_POLY1305_SHA256_ECDHE-ECDSA-AES128-GCM_ECDHE-RSA-AES128-GCM_ECDHE-ECDSA-AES256-GCM_ECDHE-RSA-AES256-GCM_ECDHE-ECDSA-CHACHA20_ECDHE-RSA-CHACHA20_ECDHE-RSA-AES128-CBC_ECDHE-RSA-AES256-CBC_RSA-AES128-GCM_RSA-AES256-GCM_RSA-AES128-CBC_RSA-AES256-CBC,4,True,0.0,"2570,4588,29,23,24",X25519MLKEM768_x25519_secp256r1_secp384r1,8,False,,"1027,2052,1025,1283,2053,1281,2054,1537",ecdsa_secp256r1_sha256_rsa_pss_rsae_sha256_rsa_pkcs1_sha256_ecdsa_secp384r1_sha384_rsa_pss_rsae_sha384_rsa_pkcs1_sha384_rsa_pss_rsae_sha512_rsa_pkcs1_sha512,True,t13d1516h2,8daaf6152771,d8a2da3f94cd,t,13,d,15,16,h2,"1:65536;2:0;4:6291456;6:262144|15663105|1:1:0:256,3:1:0:220,5:1:0:256,7:1:5:110,9:1:7:110,11:1:9:110,13:1:0:256,15:1:13:110,17:1:15:110,19:1:17:110,21:1:0:110,23:1:0:256,25:1:23:110,27:1:25:110,29:1:0:256,31:1:29:110,33:1:29:110,35:1:33:110,37:1:0:256,39:1:37:110,41:1:39:110,43:1:41:110,45:1:0:256,47:1:45:110,49:1:47:110|m,a,s,p",1:65536;2:0;4:6291456;6:262144,15663105.0,"1:1:0:256,3:1:0:220,5:1:0:256,7:1:5:110,9:1:7:110,11:1:9:110,13:1:0:256,15:1:13:110,17:1:15:110,19:1:17:110,21:1:0:110,23:1:0:256,25:1:23:110,27:1:25:110,29:1:0:256,31:1:29:110,33:1:29:110,35:1:33:110,37:1:0:256,39:1:37:110,41:1:39:110,43:1:41:110,45:1:0:256,47:1:45:110,49:1:47:110","m,a,s,p",25.0,65536.0,0.0,,6291456.0,,262144.0,":method,:authority,:scheme,:path"
trial-019,000306d0-637c-4705-96f9-7ef40e76049a,2026-05-02 10:11:15.317505266+00:00,205.172.168.145,POST,/collect,HTTP/2.0,0.474,TLS 1.3,h2,TLS_AES_128_GCM_SHA256,uxbehaviorsuite.com,True,530e544e57a5c39af8447355a4c86358,t13d1516h2_8daaf6152771_d8a2da3f94cd,"h2,http/1.1",h2,2,True,True,0.0,h2_first,"2570,772,771","TLS 1.3,TLS 1.2",2,True,True,True,False,0.0,TLS1.3+TLS1.2,True,15,True,0.0,"2570,4865,4866,4867,49195,49199,49196,49200,52393,52392,49171,49172,156,157,47,53",TLS_AES_128_GCM_SHA256_TLS_AES_256_GCM_SHA384_TLS_CHACHA20_POLY1305_SHA256_ECDHE-ECDSA-AES128-GCM_ECDHE-RSA-AES128-GCM_ECDHE-ECDSA-AES256-GCM_ECDHE-RSA-AES256-GCM_ECDHE-ECDSA-CHACHA20_ECDHE-RSA-CHACHA20_ECDHE-RSA-AES128-CBC_ECDHE-RSA-AES256-CBC_RSA-AES128-GCM_RSA-AES256-GCM_RSA-AES128-CBC_RSA-AES256-CBC,4,True,0.0,"2570,4588,29,23,24",X25519MLKEM768_x25519_secp256r1_secp384r1,8,False,,"1027,2052,1025,1283,2053,1281,2054,1537",ecdsa_secp256r1_sha256_rsa_pss_rsae_sha256_rsa_pkcs1_sha256_ecdsa_secp384r1_sha384_rsa_pss_rsae_sha384_rsa_pkcs1_sha384_rsa_pss_rsae_sha512_rsa_pkcs1_sha512,True,t13d1516h2,8daaf6152771,d8a2da3f94cd,t,13,d,15,16,h2,"1:65536;2:0;4:6291456;6:262144|15663105|1:1:0:256,3:1:0:220,5:1:0:256,7:1:5:110,9:1:7:110,11:1:9:110,13:1:0:256,15:1:13:110,17:1:15:110,19:1:17:110,21:1:0:110,23:1:0:256,25:1:23:110,27:1:25:110,29:1:0:256,31:1:29:110,33:1:29:110,35:1:33:110,37:1:0:256,39:1:37:110,41:1:39:110,43:1:41:110,45:1:0:256,47:1:45:110,49:1:47:110,51:1:49:110|m,a,s,p",1:65536;2:0;4:6291456;6:262144,15663105.0,"1:1:0:256,3:1:0:220,5:1:0:256,7:1:5:110,9:1:7:110,11:1:9:110,13:1:0:256,15:1:13:110,17:1:15:110,19:1:17:110,21:1:0:110,23:1:0:256,25:1:23:110,27:1:25:110,29:1:0:256,31:1:29:110,33:1:29:110,35:1:33:110,37:1:0:256,39:1:37:110,41:1:39:110,43:1:41:110,45:1:0:256,47:1:45:110,49:1:47:110,51:1:49:110","m,a,s,p",26.0,65536.0,0.0,,6291456.0,,262144.0,":method,:authority,:scheme,:path"
trial-020,fb689430-074c-4778-a5d9-5ce3dfd128a8,2026-05-02 10:27:10.114160164+00:00,205.172.168.145,GET,/subscribe-v1.html,HTTP/2.0,0.386,TLS 1.3,h2,TLS_AES_128_GCM_SHA256,uxbehaviorsuite.com,True,d197d02557781debb1bfe7ce156cd46b,t13d1516h2_8daaf6152771_d8a2da3f94cd,"h2,http/1.1",h2,2,True,True,0.0,h2_first,"2570,772,771","TLS 1.3,TLS 1.2",2,True,True,True,False,0.0,TLS1.3+TLS1.2,True,15,True,0.0,"2570,4865,4866,4867,49195,49199,49196,49200,52393,52392,49171,49172,156,157,47,53",TLS_AES_128_GCM_SHA256_TLS_AES_256_GCM_SHA384_TLS_CHACHA20_POLY1305_SHA256_ECDHE-ECDSA-AES128-GCM_ECDHE-RSA-AES128-GCM_ECDHE-ECDSA-AES256-GCM_ECDHE-RSA-AES256-GCM_ECDHE-ECDSA-CHACHA20_ECDHE-RSA-CHACHA20_ECDHE-RSA-AES128-CBC_ECDHE-RSA-AES256-CBC_RSA-AES128-GCM_RSA-AES256-GCM_RSA-AES128-CBC_RSA-AES256-CBC,4,True,0.0,"2570,4588,29,23,24",X25519MLKEM768_x25519_secp256r1_secp384r1,8,False,,"1027,2052,1025,1283,2053,1281,2054,1537",ecdsa_secp256r1_sha256_rsa_pss_rsae_sha256_rsa_pkcs1_sha256_ecdsa_secp384r1_sha384_rsa_pss_rsae_sha384_rsa_pkcs1_sha384_rsa_pss_rsae_sha512_rsa_pkcs1_sha512,True,t13d1516h2,8daaf6152771,d8a2da3f94cd,t,13,d,15,16,h2,"1:65536;2:0;4:6291456;6:262144|15663105|1:1:0:256|m,a,s,p",1:65536;2:0;4:6291456;6:262144,15663105.0,1:1:0:256,"m,a,s,p",1.0,65536.0,0.0,,6291456.0,,262144.0,":method,:authority,:scheme,:path"
trial-020,a506a666-0020-4553-ada2-eb93c98145b1,2026-05-02 10:27:10.147114300+00:00,205.172.168.145,GET,/logger.js,HTTP/2.0,0.318,TLS 1.3,h2,TLS_AES_128_GCM_SHA256,uxbehaviorsuite.com,True,d197d02557781debb1bfe7ce156cd46b,t13d1516h2_8daaf6152771_d8a2da3f94cd,"h2,http/1.1",h2,2,True,True,0.0,h2_first,"2570,772,771","TLS 1.3,TLS 1.2",2,True,True,True,False,0.0,TLS1.3+TLS1.2,True,15,True,0.0,"2570,4865,4866,4867,49195,49199,49196,49200,52393,52392,49171,49172,156,157,47,53",TLS_AES_128_GCM_SHA256_TLS_AES_256_GCM_SHA384_TLS_CHACHA20_POLY1305_SHA256_ECDHE-ECDSA-AES128-GCM_ECDHE-RSA-AES128-GCM_ECDHE-ECDSA-AES256-GCM_ECDHE-RSA-AES256-GCM_ECDHE-ECDSA-CHACHA20_ECDHE-RSA-CHACHA20_ECDHE-RSA-AES128-CBC_ECDHE-RSA-AES256-CBC_RSA-AES128-GCM_RSA-AES256-GCM_RSA-AES128-CBC_RSA-AES256-CBC,4,True,0.0,"2570,4588,29,23,24",X25519MLKEM768_x25519_secp256r1_secp384r1,8,False,,"1027,2052,1025,1283,2053,1281,2054,1537",ecdsa_secp256r1_sha256_rsa_pss_rsae_sha256_rsa_pkcs1_sha256_ecdsa_secp384r1_sha384_rsa_pss_rsae_sha384_rsa_pkcs1_sha384_rsa_pss_rsae_sha512_rsa_pkcs1_sha512,True,t13d1516h2,8daaf6152771,d8a2da3f94cd,t,13,d,15,16,h2,"1:65536;2:0;4:6291456;6:262144|15663105|1:1:0:256,3:1:0:220|m,a,s,p",1:65536;2:0;4:6291456;6:262144,15663105.0,"1:1:0:256,3:1:0:220","m,a,s,p",2.0,65536.0,0.0,,6291456.0,,262144.0,":method,:authority,:scheme,:path"
trial-020,22cdcddd-0d65-4a59-bdd5-6315b9d574fd,2026-05-02 10:28:38.443447039+00:00,205.172.168.145,GET,/subscribe-v2.html,HTTP/2.0,0.531,TLS 1.3,h2,TLS_AES_128_GCM_SHA256,uxbehaviorsuite.com,True,d197d02557781debb1bfe7ce156cd46b,t13d1516h2_8daaf6152771_d8a2da3f94cd,"h2,http/1.1",h2,2,True,True,0.0,h2_first,"2570,772,771","TLS 1.3,TLS 1.2",2,True,True,True,False,0.0,TLS1.3+TLS1.2,True,15,True,0.0,"2570,4865,4866,4867,49195,49199,49196,49200,52393,52392,49171,49172,156,157,47,53",TLS_AES_128_GCM_SHA256_TLS_AES_256_GCM_SHA384_TLS_CHACHA20_POLY1305_SHA256_ECDHE-ECDSA-AES128-GCM_ECDHE-RSA-AES128-GCM_ECDHE-ECDSA-AES256-GCM_ECDHE-RSA-AES256-GCM_ECDHE-ECDSA-CHACHA20_ECDHE-RSA-CHACHA20_ECDHE-RSA-AES128-CBC_ECDHE-RSA-AES256-CBC_RSA-AES128-GCM_RSA-AES256-GCM_RSA-AES128-CBC_RSA-AES256-CBC,4,True,0.0,"2570,4588,29,23,24",X25519MLKEM768_x25519_secp256r1_secp384r1,8,False,,"1027,2052,1025,1283,2053,1281,2054,1537",ecdsa_secp256r1_sha256_rsa_pss_rsae_sha256_rsa_pkcs1_sha256_ecdsa_secp384r1_sha384_rsa_pss_rsae_sha384_rsa_pkcs1_sha384_rsa_pss_rsae_sha512_rsa_pkcs1_sha512,True,t13d1516h2,8daaf6152771,d8a2da3f94cd,t,13,d,15,16,h2,"1:65536;2:0;4:6291456;6:262144|15663105|1:1:0:256,3:1:0:220,5:1:0:256,7:1:5:110|m,a,s,p",1:65536;2:0;4:6291456;6:262144,15663105.0,"1:1:0:256,3:1:0:220,5:1:0:256,7:1:5:110","m,a,s,p",4.0,65536.0,0.0,,6291456.0,,262144.0,":method,:authority,:scheme,:path"
trial-020,02ac17ef-90e4-473b-a7ad-866374cbb0af,2026-05-02 10:28:38.443808850+00:00,205.172.168.145,POST,/collect,HTTP/2.0,0.721,TLS 1.3,h2,TLS_AES_128_GCM_SHA256,uxbehaviorsuite.com,True,d197d02557781debb1bfe7ce156cd46b,t13d1516h2_8daaf6152771_d8a2da3f94cd,"h2,http/1.1",h2,2,True,True,0.0,h2_first,"2570,772,771","TLS 1.3,TLS 1.2",2,True,True,True,False,0.0,TLS1.3+TLS1.2,True,15,True,0.0,"2570,4865,4866,4867,49195,49199,49196,49200,52393,52392,49171,49172,156,157,47,53",TLS_AES_128_GCM_SHA256_TLS_AES_256_GCM_SHA384_TLS_CHACHA20_POLY1305_SHA256_ECDHE-ECDSA-AES128-GCM_ECDHE-RSA-AES128-GCM_ECDHE-ECDSA-AES256-GCM_ECDHE-RSA-AES256-GCM_ECDHE-ECDSA-CHACHA20_ECDHE-RSA-CHACHA20_ECDHE-RSA-AES128-CBC_ECDHE-RSA-AES256-CBC_RSA-AES128-GCM_RSA-AES256-GCM_RSA-AES128-CBC_RSA-AES256-CBC,4,True,0.0,"2570,4588,29,23,24",X25519MLKEM768_x25519_secp256r1_secp384r1,8,False,,"1027,2052,1025,1283,2053,1281,2054,1537",ecdsa_secp256r1_sha256_rsa_pss_rsae_sha256_rsa_pkcs1_sha256_ecdsa_secp384r1_sha384_rsa_pss_rsae_sha384_rsa_pkcs1_sha384_rsa_pss_rsae_sha512_rsa_pkcs1_sha512,True,t13d1516h2,8daaf6152771,d8a2da3f94cd,t,13,d,15,16,h2,"1:65536;2:0;4:6291456;6:262144|15663105|1:1:0:256,3:1:0:220,5:1:0:256,7:1:5:110|m,a,s,p",1:65536;2:0;4:6291456;6:262144,15663105.0,"1:1:0:256,3:1:0:220,5:1:0:256,7:1:5:110","m,a,s,p",4.0,65536.0,0.0,,6291456.0,,262144.0,":method,:authority,:scheme,:path"
trial-020,7577779f-a4da-4797-87c7-e46445a18230,2026-05-02 10:28:38.464732969+00:00,205.172.168.145,POST,/collect,HTTP/2.0,0.213,TLS 1.3,h2,TLS_AES_128_GCM_SHA256,uxbehaviorsuite.com,True,d197d02557781debb1bfe7ce156cd46b,t13d1516h2_8daaf6152771_d8a2da3f94cd,"h2,http/1.1",h2,2,True,True,0.0,h2_first,"2570,772,771","TLS 1.3,TLS 1.2",2,True,True,True,False,0.0,TLS1.3+TLS1.2,True,15,True,0.0,"2570,4865,4866,4867,49195,49199,49196,49200,52393,52392,49171,49172,156,157,47,53",TLS_AES_128_GCM_SHA256_TLS_AES_256_GCM_SHA384_TLS_CHACHA20_POLY1305_SHA256_ECDHE-ECDSA-AES128-GCM_ECDHE-RSA-AES128-GCM_ECDHE-ECDSA-AES256-GCM_ECDHE-RSA-AES256-GCM_ECDHE-ECDSA-CHACHA20_ECDHE-RSA-CHACHA20_ECDHE-RSA-AES128-CBC_ECDHE-RSA-AES256-CBC_RSA-AES128-GCM_RSA-AES256-GCM_RSA-AES128-CBC_RSA-AES256-CBC,4,True,0.0,"2570,4588,29,23,24",X25519MLKEM768_x25519_secp256r1_secp384r1,8,False,,"1027,2052,1025,1283,2053,1281,2054,1537",ecdsa_secp256r1_sha256_rsa_pss_rsae_sha256_rsa_pkcs1_sha256_ecdsa_secp384r1_sha384_rsa_pss_rsae_sha384_rsa_pkcs1_sha384_rsa_pss_rsae_sha512_rsa_pkcs1_sha512,True,t13d1516h2,8daaf6152771,d8a2da3f94cd,t,13,d,15,16,h2,"1:65536;2:0;4:6291456;6:262144|15663105|1:1:0:256,3:1:0:220,5:1:0:256,7:1:5:110,9:1:7:110|m,a,s,p",1:65536;2:0;4:6291456;6:262144,15663105.0,"1:1:0:256,3:1:0:220,5:1:0:256,7:1:5:110,9:1:7:110","m,a,s,p",5.0,65536.0,0.0,,6291456.0,,262144.0,":method,:authority,:scheme,:path"
trial-020,ba39ef86-5f0d-4349-a070-fc2871800b6f,2026-05-02 10:28:38.465382999+00:00,205.172.168.145,POST,/collect,HTTP/2.0,0.201,TLS 1.3,h2,TLS_AES_128_GCM_SHA256,uxbehaviorsuite.com,True,d197d02557781debb1bfe7ce156cd46b,t13d1516h2_8daaf6152771_d8a2da3f94cd,"h2,http/1.1",h2,2,True,True,0.0,h2_first,"2570,772,771","TLS 1.3,TLS 1.2",2,True,True,True,False,0.0,TLS1.3+TLS1.2,True,15,True,0.0,"2570,4865,4866,4867,49195,49199,49196,49200,52393,52392,49171,49172,156,157,47,53",TLS_AES_128_GCM_SHA256_TLS_AES_256_GCM_SHA384_TLS_CHACHA20_POLY1305_SHA256_ECDHE-ECDSA-AES128-GCM_ECDHE-RSA-AES128-GCM_ECDHE-ECDSA-AES256-GCM_ECDHE-RSA-AES256-GCM_ECDHE-ECDSA-CHACHA20_ECDHE-RSA-CHACHA20_ECDHE-RSA-AES128-CBC_ECDHE-RSA-AES256-CBC_RSA-AES128-GCM_RSA-AES256-GCM_RSA-AES128-CBC_RSA-AES256-CBC,4,True,0.0,"2570,4588,29,23,24",X25519MLKEM768_x25519_secp256r1_secp384r1,8,False,,"1027,2052,1025,1283,2053,1281,2054,1537",ecdsa_secp256r1_sha256_rsa_pss_rsae_sha256_rsa_pkcs1_sha256_ecdsa_secp384r1_sha384_rsa_pss_rsae_sha384_rsa_pkcs1_sha384_rsa_pss_rsae_sha512_rsa_pkcs1_sha512,True,t13d1516h2,8daaf6152771,d8a2da3f94cd,t,13,d,15,16,h2,"1:65536;2:0;4:6291456;6:262144|15663105|1:1:0:256,3:1:0:220,5:1:0:256,7:1:5:110,9:1:7:110,11:1:9:110|m,a,s,p",1:65536;2:0;4:6291456;6:262144,15663105.0,"1:1:0:256,3:1:0:220,5:1:0:256,7:1:5:110,9:1:7:110,11:1:9:110","m,a,s,p",6.0,65536.0,0.0,,6291456.0,,262144.0,":method,:authority,:scheme,:path"
trial-020,3655ce70-98c7-46b8-9799-db7655634ca1,2026-05-02 10:30:12.256761226+00:00,205.172.168.145,GET,/subscribe-v3.html,HTTP/2.0,0.632,TLS 1.3,h2,TLS_AES_128_GCM_SHA256,uxbehaviorsuite.com,True,d197d02557781debb1bfe7ce156cd46b,t13d1516h2_8daaf6152771_d8a2da3f94cd,"h2,http/1.1",h2,2,True,True,0.0,h2_first,"2570,772,771","TLS 1.3,TLS 1.2",2,True,True,True,False,0.0,TLS1.3+TLS1.2,True,15,True,0.0,"2570,4865,4866,4867,49195,49199,49196,49200,52393,52392,49171,49172,156,157,47,53",TLS_AES_128_GCM_SHA256_TLS_AES_256_GCM_SHA384_TLS_CHACHA20_POLY1305_SHA256_ECDHE-ECDSA-AES128-GCM_ECDHE-RSA-AES128-GCM_ECDHE-ECDSA-AES256-GCM_ECDHE-RSA-AES256-GCM_ECDHE-ECDSA-CHACHA20_ECDHE-RSA-CHACHA20_ECDHE-RSA-AES128-CBC_ECDHE-RSA-AES256-CBC_RSA-AES128-GCM_RSA-AES256-GCM_RSA-AES128-CBC_RSA-AES256-CBC,4,True,0.0,"2570,4588,29,23,24",X25519MLKEM768_x25519_secp256r1_secp384r1,8,False,,"1027,2052,1025,1283,2053,1281,2054,1537",ecdsa_secp256r1_sha256_rsa_pss_rsae_sha256_rsa_pkcs1_sha256_ecdsa_secp384r1_sha384_rsa_pss_rsae_sha384_rsa_pkcs1_sha384_rsa_pss_rsae_sha512_rsa_pkcs1_sha512,True,t13d1516h2,8daaf6152771,d8a2da3f94cd,t,13,d,15,16,h2,"1:65536;2:0;4:6291456;6:262144|15663105|1:1:0:256,3:1:0:220,5:1:0:256,7:1:5:110,9:1:7:110,11:1:9:110,13:1:0:256,15:1:13:110|m,a,s,p",1:65536;2:0;4:6291456;6:262144,15663105.0,"1:1:0:256,3:1:0:220,5:1:0:256,7:1:5:110,9:1:7:110,11:1:9:110,13:1:0:256,15:1:13:110","m,a,s,p",8.0,65536.0,0.0,,6291456.0,,262144.0,":method,:authority,:scheme,:path"
trial-020,e51af3ea-a9bf-4eb5-845c-2e83f68fab42,2026-05-02 10:30:12.256911043+00:00,205.172.168.145,POST,/collect,HTTP/2.0,0.516,TLS 1.3,h2,TLS_AES_128_GCM_SHA256,uxbehaviorsuite.com,True,d197d02557781debb1bfe7ce156cd46b,t13d1516h2_8daaf6152771_d8a2da3f94cd,"h2,http/1.1",h2,2,True,True,0.0,h2_first,"2570,772,771","TLS 1.3,TLS 1.2",2,True,True,True,False,0.0,TLS1.3+TLS1.2,True,15,True,0.0,"2570,4865,4866,4867,49195,49199,49196,49200,52393,52392,49171,49172,156,157,47,53",TLS_AES_128_GCM_SHA256_TLS_AES_256_GCM_SHA384_TLS_CHACHA20_POLY1305_SHA256_ECDHE-ECDSA-AES128-GCM_ECDHE-RSA-AES128-GCM_ECDHE-ECDSA-AES256-GCM_ECDHE-RSA-AES256-GCM_ECDHE-ECDSA-CHACHA20_ECDHE-RSA-CHACHA20_ECDHE-RSA-AES128-CBC_ECDHE-RSA-AES256-CBC_RSA-AES128-GCM_RSA-AES256-GCM_RSA-AES128-CBC_RSA-AES256-CBC,4,True,0.0,"2570,4588,29,23,24",X25519MLKEM768_x25519_secp256r1_secp384r1,8,False,,"1027,2052,1025,1283,2053,1281,2054,1537",ecdsa_secp256r1_sha256_rsa_pss_rsae_sha256_rsa_pkcs1_sha256_ecdsa_secp384r1_sha384_rsa_pss_rsae_sha384_rsa_pkcs1_sha384_rsa_pss_rsae_sha512_rsa_pkcs1_sha512,True,t13d1516h2,8daaf6152771,d8a2da3f94cd,t,13,d,15,16,h2,"1:65536;2:0;4:6291456;6:262144|15663105|1:1:0:256,3:1:0:220,5:1:0:256,7:1:5:110,9:1:7:110,11:1:9:110,13:1:0:256,15:1:13:110|m,a,s,p",1:65536;2:0;4:6291456;6:262144,15663105.0,"1:1:0:256,3:1:0:220,5:1:0:256,7:1:5:110,9:1:7:110,11:1:9:110,13:1:0:256,15:1:13:110","m,a,s,p",8.0,65536.0,0.0,,6291456.0,,262144.0,":method,:authority,:scheme,:path"
trial-020,349c21b3-a033-4570-953d-1046c0d72493,2026-05-02 10:30:12.276831151+00:00,205.172.168.145,POST,/collect,HTTP/2.0,0.228,TLS 1.3,h2,TLS_AES_128_GCM_SHA256,uxbehaviorsuite.com,True,d197d02557781debb1bfe7ce156cd46b,t13d1516h2_8daaf6152771_d8a2da3f94cd,"h2,http/1.1",h2,2,True,True,0.0,h2_first,"2570,772,771","TLS 1.3,TLS 1.2",2,True,True,True,False,0.0,TLS1.3+TLS1.2,True,15,True,0.0,"2570,4865,4866,4867,49195,49199,49196,49200,52393,52392,49171,49172,156,157,47,53",TLS_AES_128_GCM_SHA256_TLS_AES_256_GCM_SHA384_TLS_CHACHA20_POLY1305_SHA256_ECDHE-ECDSA-AES128-GCM_ECDHE-RSA-AES128-GCM_ECDHE-ECDSA-AES256-GCM_ECDHE-RSA-AES256-GCM_ECDHE-ECDSA-CHACHA20_ECDHE-RSA-CHACHA20_ECDHE-RSA-AES128-CBC_ECDHE-RSA-AES256-CBC_RSA-AES128-GCM_RSA-AES256-GCM_RSA-AES128-CBC_RSA-AES256-CBC,4,True,0.0,"2570,4588,29,23,24",X25519MLKEM768_x25519_secp256r1_secp384r1,8,False,,"1027,2052,1025,1283,2053,1281,2054,1537",ecdsa_secp256r1_sha256_rsa_pss_rsae_sha256_rsa_pkcs1_sha256_ecdsa_secp384r1_sha384_rsa_pss_rsae_sha384_rsa_pkcs1_sha384_rsa_pss_rsae_sha512_rsa_pkcs1_sha512,True,t13d1516h2,8daaf6152771,d8a2da3f94cd,t,13,d,15,16,h2,"1:65536;2:0;4:6291456;6:262144|15663105|1:1:0:256,3:1:0:220,5:1:0:256,7:1:5:110,9:1:7:110,11:1:9:110,13:1:0:256,15:1:13:110,17:1:15:110|m,a,s,p",1:65536;2:0;4:6291456;6:262144,15663105.0,"1:1:0:256,3:1:0:220,5:1:0:256,7:1:5:110,9:1:7:110,11:1:9:110,13:1:0:256,15:1:13:110,17:1:15:110","m,a,s,p",9.0,65536.0,0.0,,6291456.0,,262144.0,":method,:authority,:scheme,:path"
trial-020,9c5f3266-67da-4645-bf7b-19b5e612b3c6,2026-05-02 10:30:12.278559101+00:00,205.172.168.145,POST,/collect,HTTP/2.0,0.225,TLS 1.3,h2,TLS_AES_128_GCM_SHA256,uxbehaviorsuite.com,True,d197d02557781debb1bfe7ce156cd46b,t13d1516h2_8daaf6152771_d8a2da3f94cd,"h2,http/1.1",h2,2,True,True,0.0,h2_first,"2570,772,771","TLS 1.3,TLS 1.2",2,True,True,True,False,0.0,TLS1.3+TLS1.2,True,15,True,0.0,"2570,4865,4866,4867,49195,49199,49196,49200,52393,52392,49171,49172,156,157,47,53",TLS_AES_128_GCM_SHA256_TLS_AES_256_GCM_SHA384_TLS_CHACHA20_POLY1305_SHA256_ECDHE-ECDSA-AES128-GCM_ECDHE-RSA-AES128-GCM_ECDHE-ECDSA-AES256-GCM_ECDHE-RSA-AES256-GCM_ECDHE-ECDSA-CHACHA20_ECDHE-RSA-CHACHA20_ECDHE-RSA-AES128-CBC_ECDHE-RSA-AES256-CBC_RSA-AES128-GCM_RSA-AES256-GCM_RSA-AES128-CBC_RSA-AES256-CBC,4,True,0.0,"2570,4588,29,23,24",X25519MLKEM768_x25519_secp256r1_secp384r1,8,False,,"1027,2052,1025,1283,2053,1281,2054,1537",ecdsa_secp256r1_sha256_rsa_pss_rsae_sha256_rsa_pkcs1_sha256_ecdsa_secp384r1_sha384_rsa_pss_rsae_sha384_rsa_pkcs1_sha384_rsa_pss_rsae_sha512_rsa_pkcs1_sha512,True,t13d1516h2,8daaf6152771,d8a2da3f94cd,t,13,d,15,16,h2,"1:65536;2:0;4:6291456;6:262144|15663105|1:1:0:256,3:1:0:220,5:1:0:256,7:1:5:110,9:1:7:110,11:1:9:110,13:1:0:256,15:1:13:110,17:1:15:110,19:1:17:110|m,a,s,p",1:65536;2:0;4:6291456;6:262144,15663105.0,"1:1:0:256,3:1:0:220,5:1:0:256,7:1:5:110,9:1:7:110,11:1:9:110,13:1:0:256,15:1:13:110,17:1:15:110,19:1:17:110","m,a,s,p",10.0,65536.0,0.0,,6291456.0,,262144.0,":method,:authority,:scheme,:path"
trial-020,bc78a6ac-b8d5-43c9-9b98-e2e5eae29a22,2026-05-02 10:31:21.321399261+00:00,205.172.168.145,GET,/s2-scroll-gate.html,HTTP/2.0,0.595,TLS 1.3,h2,TLS_AES_128_GCM_SHA256,uxbehaviorsuite.com,True,d197d02557781debb1bfe7ce156cd46b,t13d1516h2_8daaf6152771_d8a2da3f94cd,"h2,http/1.1",h2,2,True,True,0.0,h2_first,"2570,772,771","TLS 1.3,TLS 1.2",2,True,True,True,False,0.0,TLS1.3+TLS1.2,True,15,True,0.0,"2570,4865,4866,4867,49195,49199,49196,49200,52393,52392,49171,49172,156,157,47,53",TLS_AES_128_GCM_SHA256_TLS_AES_256_GCM_SHA384_TLS_CHACHA20_POLY1305_SHA256_ECDHE-ECDSA-AES128-GCM_ECDHE-RSA-AES128-GCM_ECDHE-ECDSA-AES256-GCM_ECDHE-RSA-AES256-GCM_ECDHE-ECDSA-CHACHA20_ECDHE-RSA-CHACHA20_ECDHE-RSA-AES128-CBC_ECDHE-RSA-AES256-CBC_RSA-AES128-GCM_RSA-AES256-GCM_RSA-AES128-CBC_RSA-AES256-CBC,4,True,0.0,"2570,4588,29,23,24",X25519MLKEM768_x25519_secp256r1_secp384r1,8,False,,"1027,2052,1025,1283,2053,1281,2054,1537",ecdsa_secp256r1_sha256_rsa_pss_rsae_sha256_rsa_pkcs1_sha256_ecdsa_secp384r1_sha384_rsa_pss_rsae_sha384_rsa_pkcs1_sha384_rsa_pss_rsae_sha512_rsa_pkcs1_sha512,True,t13d1516h2,8daaf6152771,d8a2da3f94cd,t,13,d,15,16,h2,"1:65536;2:0;4:6291456;6:262144|15663105|1:1:0:256,3:1:0:220,5:1:0:256,7:1:5:110,9:1:7:110,11:1:9:110,13:1:0:256,15:1:13:110,17:1:15:110,19:1:17:110,21:1:0:256,23:1:21:110|m,a,s,p",1:65536;2:0;4:6291456;6:262144,15663105.0,"1:1:0:256,3:1:0:220,5:1:0:256,7:1:5:110,9:1:7:110,11:1:9:110,13:1:0:256,15:1:13:110,17:1:15:110,19:1:17:110,21:1:0:256,23:1:21:110","m,a,s,p",12.0,65536.0,0.0,,6291456.0,,262144.0,":method,:authority,:scheme,:path"
trial-020,aeb6f296-77ef-442f-b198-2b2139efa27f,2026-05-02 10:31:21.321505666+00:00,205.172.168.145,POST,/collect,HTTP/2.0,0.383,TLS 1.3,h2,TLS_AES_128_GCM_SHA256,uxbehaviorsuite.com,True,d197d02557781debb1bfe7ce156cd46b,t13d1516h2_8daaf6152771_d8a2da3f94cd,"h2,http/1.1",h2,2,True,True,0.0,h2_first,"2570,772,771","TLS 1.3,TLS 1.2",2,True,True,True,False,0.0,TLS1.3+TLS1.2,True,15,True,0.0,"2570,4865,4866,4867,49195,49199,49196,49200,52393,52392,49171,49172,156,157,47,53",TLS_AES_128_GCM_SHA256_TLS_AES_256_GCM_SHA384_TLS_CHACHA20_POLY1305_SHA256_ECDHE-ECDSA-AES128-GCM_ECDHE-RSA-AES128-GCM_ECDHE-ECDSA-AES256-GCM_ECDHE-RSA-AES256-GCM_ECDHE-ECDSA-CHACHA20_ECDHE-RSA-CHACHA20_ECDHE-RSA-AES128-CBC_ECDHE-RSA-AES256-CBC_RSA-AES128-GCM_RSA-AES256-GCM_RSA-AES128-CBC_RSA-AES256-CBC,4,True,0.0,"2570,4588,29,23,24",X25519MLKEM768_x25519_secp256r1_secp384r1,8,False,,"1027,2052,1025,1283,2053,1281,2054,1537",ecdsa_secp256r1_sha256_rsa_pss_rsae_sha256_rsa_pkcs1_sha256_ecdsa_secp384r1_sha384_rsa_pss_rsae_sha384_rsa_pkcs1_sha384_rsa_pss_rsae_sha512_rsa_pkcs1_sha512,True,t13d1516h2,8daaf6152771,d8a2da3f94cd,t,13,d,15,16,h2,"1:65536;2:0;4:6291456;6:262144|15663105|1:1:0:256,3:1:0:220,5:1:0:256,7:1:5:110,9:1:7:110,11:1:9:110,13:1:0:256,15:1:13:110,17:1:15:110,19:1:17:110,21:1:0:256,23:1:21:110|m,a,s,p",1:65536;2:0;4:6291456;6:262144,15663105.0,"1:1:0:256,3:1:0:220,5:1:0:256,7:1:5:110,9:1:7:110,11:1:9:110,13:1:0:256,15:1:13:110,17:1:15:110,19:1:17:110,21:1:0:256,23:1:21:110","m,a,s,p",12.0,65536.0,0.0,,6291456.0,,262144.0,":method,:authority,:scheme,:path"
trial-020,d48c1fcd-4ab2-4db3-9e44-73f2126e8cda,2026-05-02 10:31:21.343176455+00:00,205.172.168.145,POST,/collect,HTTP/2.0,0.208,TLS 1.3,h2,TLS_AES_128_GCM_SHA256,uxbehaviorsuite.com,True,d197d02557781debb1bfe7ce156cd46b,t13d1516h2_8daaf6152771_d8a2da3f94cd,"h2,http/1.1",h2,2,True,True,0.0,h2_first,"2570,772,771","TLS 1.3,TLS 1.2",2,True,True,True,False,0.0,TLS1.3+TLS1.2,True,15,True,0.0,"2570,4865,4866,4867,49195,49199,49196,49200,52393,52392,49171,49172,156,157,47,53",TLS_AES_128_GCM_SHA256_TLS_AES_256_GCM_SHA384_TLS_CHACHA20_POLY1305_SHA256_ECDHE-ECDSA-AES128-GCM_ECDHE-RSA-AES128-GCM_ECDHE-ECDSA-AES256-GCM_ECDHE-RSA-AES256-GCM_ECDHE-ECDSA-CHACHA20_ECDHE-RSA-CHACHA20_ECDHE-RSA-AES128-CBC_ECDHE-RSA-AES256-CBC_RSA-AES128-GCM_RSA-AES256-GCM_RSA-AES128-CBC_RSA-AES256-CBC,4,True,0.0,"2570,4588,29,23,24",X25519MLKEM768_x25519_secp256r1_secp384r1,8,False,,"1027,2052,1025,1283,2053,1281,2054,1537",ecdsa_secp256r1_sha256_rsa_pss_rsae_sha256_rsa_pkcs1_sha256_ecdsa_secp384r1_sha384_rsa_pss_rsae_sha384_rsa_pkcs1_sha384_rsa_pss_rsae_sha512_rsa_pkcs1_sha512,True,t13d1516h2,8daaf6152771,d8a2da3f94cd,t,13,d,15,16,h2,"1:65536;2:0;4:6291456;6:262144|15663105|1:1:0:256,3:1:0:220,5:1:0:256,7:1:5:110,9:1:7:110,11:1:9:110,13:1:0:256,15:1:13:110,17:1:15:110,19:1:17:110,21:1:0:256,23:1:21:110,25:1:23:110|m,a,s,p",1:65536;2:0;4:6291456;6:262144,15663105.0,"1:1:0:256,3:1:0:220,5:1:0:256,7:1:5:110,9:1:7:110,11:1:9:110,13:1:0:256,15:1:13:110,17:1:15:110,19:1:17:110,21:1:0:256,23:1:21:110,25:1:23:110","m,a,s,p",13.0,65536.0,0.0,,6291456.0,,262144.0,":method,:authority,:scheme,:path"
trial-020,70125bae-f26e-48e1-8bff-955d7e88db43,2026-05-02 10:31:21.344142025+00:00,205.172.168.145,POST,/collect,HTTP/2.0,0.245,TLS 1.3,h2,TLS_AES_128_GCM_SHA256,uxbehaviorsuite.com,True,d197d02557781debb1bfe7ce156cd46b,t13d1516h2_8daaf6152771_d8a2da3f94cd,"h2,http/1.1",h2,2,True,True,0.0,h2_first,"2570,772,771","TLS 1.3,TLS 1.2",2,True,True,True,False,0.0,TLS1.3+TLS1.2,True,15,True,0.0,"2570,4865,4866,4867,49195,49199,49196,49200,52393,52392,49171,49172,156,157,47,53",TLS_AES_128_GCM_SHA256_TLS_AES_256_GCM_SHA384_TLS_CHACHA20_POLY1305_SHA256_ECDHE-ECDSA-AES128-GCM_ECDHE-RSA-AES128-GCM_ECDHE-ECDSA-AES256-GCM_ECDHE-RSA-AES256-GCM_ECDHE-ECDSA-CHACHA20_ECDHE-RSA-CHACHA20_ECDHE-RSA-AES128-CBC_ECDHE-RSA-AES256-CBC_RSA-AES128-GCM_RSA-AES256-GCM_RSA-AES128-CBC_RSA-AES256-CBC,4,True,0.0,"2570,4588,29,23,24",X25519MLKEM768_x25519_secp256r1_secp384r1,8,False,,"1027,2052,1025,1283,2053,1281,2054,1537",ecdsa_secp256r1_sha256_rsa_pss_rsae_sha256_rsa_pkcs1_sha256_ecdsa_secp384r1_sha384_rsa_pss_rsae_sha384_rsa_pkcs1_sha384_rsa_pss_rsae_sha512_rsa_pkcs1_sha512,True,t13d1516h2,8daaf6152771,d8a2da3f94cd,t,13,d,15,16,h2,"1:65536;2:0;4:6291456;6:262144|15663105|1:1:0:256,3:1:0:220,5:1:0:256,7:1:5:110,9:1:7:110,11:1:9:110,13:1:0:256,15:1:13:110,17:1:15:110,19:1:17:110,21:1:0:256,23:1:21:110,25:1:23:110,27:1:25:110|m,a,s,p",1:65536;2:0;4:6291456;6:262144,15663105.0,"1:1:0:256,3:1:0:220,5:1:0:256,7:1:5:110,9:1:7:110,11:1:9:110,13:1:0:256,15:1:13:110,17:1:15:110,19:1:17:110,21:1:0:256,23:1:21:110,25:1:23:110,27:1:25:110","m,a,s,p",14.0,65536.0,0.0,,6291456.0,,262144.0,":method,:authority,:scheme,:path"
trial-020,c4916f53-d9d5-42be-a921-410a87f4b928,2026-05-02 10:32:24.569336315+00:00,205.172.168.145,GET,/s3-hover-reveal.html,HTTP/2.0,0.389,TLS 1.3,h2,TLS_AES_128_GCM_SHA256,uxbehaviorsuite.com,True,d197d02557781debb1bfe7ce156cd46b,t13d1516h2_8daaf6152771_d8a2da3f94cd,"h2,http/1.1",h2,2,True,True,0.0,h2_first,"2570,772,771","TLS 1.3,TLS 1.2",2,True,True,True,False,0.0,TLS1.3+TLS1.2,True,15,True,0.0,"2570,4865,4866,4867,49195,49199,49196,49200,52393,52392,49171,49172,156,157,47,53",TLS_AES_128_GCM_SHA256_TLS_AES_256_GCM_SHA384_TLS_CHACHA20_POLY1305_SHA256_ECDHE-ECDSA-AES128-GCM_ECDHE-RSA-AES128-GCM_ECDHE-ECDSA-AES256-GCM_ECDHE-RSA-AES256-GCM_ECDHE-ECDSA-CHACHA20_ECDHE-RSA-CHACHA20_ECDHE-RSA-AES128-CBC_ECDHE-RSA-AES256-CBC_RSA-AES128-GCM_RSA-AES256-GCM_RSA-AES128-CBC_RSA-AES256-CBC,4,True,0.0,"2570,4588,29,23,24",X25519MLKEM768_x25519_secp256r1_secp384r1,8,False,,"1027,2052,1025,1283,2053,1281,2054,1537",ecdsa_secp256r1_sha256_rsa_pss_rsae_sha256_rsa_pkcs1_sha256_ecdsa_secp384r1_sha384_rsa_pss_rsae_sha384_rsa_pkcs1_sha384_rsa_pss_rsae_sha512_rsa_pkcs1_sha512,True,t13d1516h2,8daaf6152771,d8a2da3f94cd,t,13,d,15,16,h2,"1:65536;2:0;4:6291456;6:262144|15663105|1:1:0:256,3:1:0:220,5:1:0:256,7:1:5:110,9:1:7:110,11:1:9:110,13:1:0:256,15:1:13:110,17:1:15:110,19:1:17:110,21:1:0:256,23:1:21:110,25:1:23:110,27:1:25:110,29:1:0:256|m,a,s,p",1:65536;2:0;4:6291456;6:262144,15663105.0,"1:1:0:256,3:1:0:220,5:1:0:256,7:1:5:110,9:1:7:110,11:1:9:110,13:1:0:256,15:1:13:110,17:1:15:110,19:1:17:110,21:1:0:256,23:1:21:110,25:1:23:110,27:1:25:110,29:1:0:256","m,a,s,p",15.0,65536.0,0.0,,6291456.0,,262144.0,":method,:authority,:scheme,:path"
trial-020,73640545-47cf-4667-a3fb-9ef022d0b99d,2026-05-02 10:32:24.569993297+00:00,205.172.168.145,POST,/collect,HTTP/2.0,1.0,TLS 1.3,h2,TLS_AES_128_GCM_SHA256,uxbehaviorsuite.com,True,d197d02557781debb1bfe7ce156cd46b,t13d1516h2_8daaf6152771_d8a2da3f94cd,"h2,http/1.1",h2,2,True,True,0.0,h2_first,"2570,772,771","TLS 1.3,TLS 1.2",2,True,True,True,False,0.0,TLS1.3+TLS1.2,True,15,True,0.0,"2570,4865,4866,4867,49195,49199,49196,49200,52393,52392,49171,49172,156,157,47,53",TLS_AES_128_GCM_SHA256_TLS_AES_256_GCM_SHA384_TLS_CHACHA20_POLY1305_SHA256_ECDHE-ECDSA-AES128-GCM_ECDHE-RSA-AES128-GCM_ECDHE-ECDSA-AES256-GCM_ECDHE-RSA-AES256-GCM_ECDHE-ECDSA-CHACHA20_ECDHE-RSA-CHACHA20_ECDHE-RSA-AES128-CBC_ECDHE-RSA-AES256-CBC_RSA-AES128-GCM_RSA-AES256-GCM_RSA-AES128-CBC_RSA-AES256-CBC,4,True,0.0,"2570,4588,29,23,24",X25519MLKEM768_x25519_secp256r1_secp384r1,8,False,,"1027,2052,1025,1283,2053,1281,2054,1537",ecdsa_secp256r1_sha256_rsa_pss_rsae_sha256_rsa_pkcs1_sha256_ecdsa_secp384r1_sha384_rsa_pss_rsae_sha384_rsa_pkcs1_sha384_rsa_pss_rsae_sha512_rsa_pkcs1_sha512,True,t13d1516h2,8daaf6152771,d8a2da3f94cd,t,13,d,15,16,h2,"1:65536;2:0;4:6291456;6:262144|15663105|1:1:0:256,3:1:0:220,5:1:0:256,7:1:5:110,9:1:7:110,11:1:9:110,13:1:0:256,15:1:13:110,17:1:15:110,19:1:17:110,21:1:0:256,23:1:21:110,25:1:23:110,27:1:25:110,29:1:0:256,31:1:29:110|m,a,s,p",1:65536;2:0;4:6291456;6:262144,15663105.0,"1:1:0:256,3:1:0:220,5:1:0:256,7:1:5:110,9:1:7:110,11:1:9:110,13:1:0:256,15:1:13:110,17:1:15:110,19:1:17:110,21:1:0:256,23:1:21:110,25:1:23:110,27:1:25:110,29:1:0:256,31:1:29:110","m,a,s,p",16.0,65536.0,0.0,,6291456.0,,262144.0,":method,:authority,:scheme,:path"
trial-020,0d9c4c4e-bcbb-404b-a108-db8cf276680b,2026-05-02 10:32:24.593034192+00:00,205.172.168.145,POST,/collect,HTTP/2.0,0.262,TLS 1.3,h2,TLS_AES_128_GCM_SHA256,uxbehaviorsuite.com,True,d197d02557781debb1bfe7ce156cd46b,t13d1516h2_8daaf6152771_d8a2da3f94cd,"h2,http/1.1",h2,2,True,True,0.0,h2_first,"2570,772,771","TLS 1.3,TLS 1.2",2,True,True,True,False,0.0,TLS1.3+TLS1.2,True,15,True,0.0,"2570,4865,4866,4867,49195,49199,49196,49200,52393,52392,49171,49172,156,157,47,53",TLS_AES_128_GCM_SHA256_TLS_AES_256_GCM_SHA384_TLS_CHACHA20_POLY1305_SHA256_ECDHE-ECDSA-AES128-GCM_ECDHE-RSA-AES128-GCM_ECDHE-ECDSA-AES256-GCM_ECDHE-RSA-AES256-GCM_ECDHE-ECDSA-CHACHA20_ECDHE-RSA-CHACHA20_ECDHE-RSA-AES128-CBC_ECDHE-RSA-AES256-CBC_RSA-AES128-GCM_RSA-AES256-GCM_RSA-AES128-CBC_RSA-AES256-CBC,4,True,0.0,"2570,4588,29,23,24",X25519MLKEM768_x25519_secp256r1_secp384r1,8,False,,"1027,2052,1025,1283,2053,1281,2054,1537",ecdsa_secp256r1_sha256_rsa_pss_rsae_sha256_rsa_pkcs1_sha256_ecdsa_secp384r1_sha384_rsa_pss_rsae_sha384_rsa_pkcs1_sha384_rsa_pss_rsae_sha512_rsa_pkcs1_sha512,True,t13d1516h2,8daaf6152771,d8a2da3f94cd,t,13,d,15,16,h2,"1:65536;2:0;4:6291456;6:262144|15663105|1:1:0:256,3:1:0:220,5:1:0:256,7:1:5:110,9:1:7:110,11:1:9:110,13:1:0:256,15:1:13:110,17:1:15:110,19:1:17:110,21:1:0:256,23:1:21:110,25:1:23:110,27:1:25:110,29:1:0:256,31:1:29:110,33:1:31:110,35:1:33:110|m,a,s,p",1:65536;2:0;4:6291456;6:262144,15663105.0,"1:1:0:256,3:1:0:220,5:1:0:256,7:1:5:110,9:1:7:110,11:1:9:110,13:1:0:256,15:1:13:110,17:1:15:110,19:1:17:110,21:1:0:256,23:1:21:110,25:1:23:110,27:1:25:110,29:1:0:256,31:1:29:110,33:1:31:110,35:1:33:110","m,a,s,p",18.0,65536.0,0.0,,6291456.0,,262144.0,":method,:authority,:scheme,:path"
trial-020,ec585aa2-318d-4578-8f9d-6be9ff44b96d,2026-05-02 10:32:24.593077074+00:00,205.172.168.145,POST,/collect,HTTP/2.0,0.495,TLS 1.3,h2,TLS_AES_128_GCM_SHA256,uxbehaviorsuite.com,True,d197d02557781debb1bfe7ce156cd46b,t13d1516h2_8daaf6152771_d8a2da3f94cd,"h2,http/1.1",h2,2,True,True,0.0,h2_first,"2570,772,771","TLS 1.3,TLS 1.2",2,True,True,True,False,0.0,TLS1.3+TLS1.2,True,15,True,0.0,"2570,4865,4866,4867,49195,49199,49196,49200,52393,52392,49171,49172,156,157,47,53",TLS_AES_128_GCM_SHA256_TLS_AES_256_GCM_SHA384_TLS_CHACHA20_POLY1305_SHA256_ECDHE-ECDSA-AES128-GCM_ECDHE-RSA-AES128-GCM_ECDHE-ECDSA-AES256-GCM_ECDHE-RSA-AES256-GCM_ECDHE-ECDSA-CHACHA20_ECDHE-RSA-CHACHA20_ECDHE-RSA-AES128-CBC_ECDHE-RSA-AES256-CBC_RSA-AES128-GCM_RSA-AES256-GCM_RSA-AES128-CBC_RSA-AES256-CBC,4,True,0.0,"2570,4588,29,23,24",X25519MLKEM768_x25519_secp256r1_secp384r1,8,False,,"1027,2052,1025,1283,2053,1281,2054,1537",ecdsa_secp256r1_sha256_rsa_pss_rsae_sha256_rsa_pkcs1_sha256_ecdsa_secp384r1_sha384_rsa_pss_rsae_sha384_rsa_pkcs1_sha384_rsa_pss_rsae_sha512_rsa_pkcs1_sha512,True,t13d1516h2,8daaf6152771,d8a2da3f94cd,t,13,d,15,16,h2,"1:65536;2:0;4:6291456;6:262144|15663105|1:1:0:256,3:1:0:220,5:1:0:256,7:1:5:110,9:1:7:110,11:1:9:110,13:1:0:256,15:1:13:110,17:1:15:110,19:1:17:110,21:1:0:256,23:1:21:110,25:1:23:110,27:1:25:110,29:1:0:256,31:1:29:110,33:1:31:110,35:1:33:110|m,a,s,p",1:65536;2:0;4:6291456;6:262144,15663105.0,"1:1:0:256,3:1:0:220,5:1:0:256,7:1:5:110,9:1:7:110,11:1:9:110,13:1:0:256,15:1:13:110,17:1:15:110,19:1:17:110,21:1:0:256,23:1:21:110,25:1:23:110,27:1:25:110,29:1:0:256,31:1:29:110,33:1:31:110,35:1:33:110","m,a,s,p",18.0,65536.0,0.0,,6291456.0,,262144.0,":method,:authority,:scheme,:path"
trial-020,b065a5e2-775e-4091-8180-957a7edabb22,2026-05-02 10:33:53.962916596+00:00,205.172.168.145,GET,/s4-dom-mismatch.html,HTTP/2.0,0.44,TLS 1.3,h2,TLS_AES_128_GCM_SHA256,uxbehaviorsuite.com,True,d197d02557781debb1bfe7ce156cd46b,t13d1516h2_8daaf6152771_d8a2da3f94cd,"h2,http/1.1",h2,2,True,True,0.0,h2_first,"2570,772,771","TLS 1.3,TLS 1.2",2,True,True,True,False,0.0,TLS1.3+TLS1.2,True,15,True,0.0,"2570,4865,4866,4867,49195,49199,49196,49200,52393,52392,49171,49172,156,157,47,53",TLS_AES_128_GCM_SHA256_TLS_AES_256_GCM_SHA384_TLS_CHACHA20_POLY1305_SHA256_ECDHE-ECDSA-AES128-GCM_ECDHE-RSA-AES128-GCM_ECDHE-ECDSA-AES256-GCM_ECDHE-RSA-AES256-GCM_ECDHE-ECDSA-CHACHA20_ECDHE-RSA-CHACHA20_ECDHE-RSA-AES128-CBC_ECDHE-RSA-AES256-CBC_RSA-AES128-GCM_RSA-AES256-GCM_RSA-AES128-CBC_RSA-AES256-CBC,4,True,0.0,"2570,4588,29,23,24",X25519MLKEM768_x25519_secp256r1_secp384r1,8,False,,"1027,2052,1025,1283,2053,1281,2054,1537",ecdsa_secp256r1_sha256_rsa_pss_rsae_sha256_rsa_pkcs1_sha256_ecdsa_secp384r1_sha384_rsa_pss_rsae_sha384_rsa_pkcs1_sha384_rsa_pss_rsae_sha512_rsa_pkcs1_sha512,True,t13d1516h2,8daaf6152771,d8a2da3f94cd,t,13,d,15,16,h2,"1:65536;2:0;4:6291456;6:262144|15663105|1:1:0:256,3:1:0:220,5:1:0:256,7:1:5:110,9:1:7:110,11:1:9:110,13:1:0:256,15:1:13:110,17:1:15:110,19:1:17:110,21:1:0:256,23:1:21:110,25:1:23:110,27:1:25:110,29:1:0:256,31:1:29:110,33:1:31:110,35:1:33:110,37:1:0:256,39:1:37:110|m,a,s,p",1:65536;2:0;4:6291456;6:262144,15663105.0,"1:1:0:256,3:1:0:220,5:1:0:256,7:1:5:110,9:1:7:110,11:1:9:110,13:1:0:256,15:1:13:110,17:1:15:110,19:1:17:110,21:1:0:256,23:1:21:110,25:1:23:110,27:1:25:110,29:1:0:256,31:1:29:110,33:1:31:110,35:1:33:110,37:1:0:256,39:1:37:110","m,a,s,p",20.0,65536.0,0.0,,6291456.0,,262144.0,":method,:authority,:scheme,:path"
trial-020,b8546623-676f-47fd-a0a1-3ed4aadc80d8,2026-05-02 10:33:53.963082583+00:00,205.172.168.145,POST,/collect,HTTP/2.0,0.901,TLS 1.3,h2,TLS_AES_128_GCM_SHA256,uxbehaviorsuite.com,True,d197d02557781debb1bfe7ce156cd46b,t13d1516h2_8daaf6152771_d8a2da3f94cd,"h2,http/1.1",h2,2,True,True,0.0,h2_first,"2570,772,771","TLS 1.3,TLS 1.2",2,True,True,True,False,0.0,TLS1.3+TLS1.2,True,15,True,0.0,"2570,4865,4866,4867,49195,49199,49196,49200,52393,52392,49171,49172,156,157,47,53",TLS_AES_128_GCM_SHA256_TLS_AES_256_GCM_SHA384_TLS_CHACHA20_POLY1305_SHA256_ECDHE-ECDSA-AES128-GCM_ECDHE-RSA-AES128-GCM_ECDHE-ECDSA-AES256-GCM_ECDHE-RSA-AES256-GCM_ECDHE-ECDSA-CHACHA20_ECDHE-RSA-CHACHA20_ECDHE-RSA-AES128-CBC_ECDHE-RSA-AES256-CBC_RSA-AES128-GCM_RSA-AES256-GCM_RSA-AES128-CBC_RSA-AES256-CBC,4,True,0.0,"2570,4588,29,23,24",X25519MLKEM768_x25519_secp256r1_secp384r1,8,False,,"1027,2052,1025,1283,2053,1281,2054,1537",ecdsa_secp256r1_sha256_rsa_pss_rsae_sha256_rsa_pkcs1_sha256_ecdsa_secp384r1_sha384_rsa_pss_rsae_sha384_rsa_pkcs1_sha384_rsa_pss_rsae_sha512_rsa_pkcs1_sha512,True,t13d1516h2,8daaf6152771,d8a2da3f94cd,t,13,d,15,16,h2,"1:65536;2:0;4:6291456;6:262144|15663105|1:1:0:256,3:1:0:220,5:1:0:256,7:1:5:110,9:1:7:110,11:1:9:110,13:1:0:256,15:1:13:110,17:1:15:110,19:1:17:110,21:1:0:256,23:1:21:110,25:1:23:110,27:1:25:110,29:1:0:256,31:1:29:110,33:1:31:110,35:1:33:110,37:1:0:256,39:1:37:110|m,a,s,p",1:65536;2:0;4:6291456;6:262144,15663105.0,"1:1:0:256,3:1:0:220,5:1:0:256,7:1:5:110,9:1:7:110,11:1:9:110,13:1:0:256,15:1:13:110,17:1:15:110,19:1:17:110,21:1:0:256,23:1:21:110,25:1:23:110,27:1:25:110,29:1:0:256,31:1:29:110,33:1:31:110,35:1:33:110,37:1:0:256,39:1:37:110","m,a,s,p",20.0,65536.0,0.0,,6291456.0,,262144.0,":method,:authority,:scheme,:path"
trial-020,e5a5a7b9-cf3c-4929-86a5-7d5ce642687a,2026-05-02 10:33:53.981274248+00:00,205.172.168.145,POST,/collect,HTTP/2.0,0.23,TLS 1.3,h2,TLS_AES_128_GCM_SHA256,uxbehaviorsuite.com,True,d197d02557781debb1bfe7ce156cd46b,t13d1516h2_8daaf6152771_d8a2da3f94cd,"h2,http/1.1",h2,2,True,True,0.0,h2_first,"2570,772,771","TLS 1.3,TLS 1.2",2,True,True,True,False,0.0,TLS1.3+TLS1.2,True,15,True,0.0,"2570,4865,4866,4867,49195,49199,49196,49200,52393,52392,49171,49172,156,157,47,53",TLS_AES_128_GCM_SHA256_TLS_AES_256_GCM_SHA384_TLS_CHACHA20_POLY1305_SHA256_ECDHE-ECDSA-AES128-GCM_ECDHE-RSA-AES128-GCM_ECDHE-ECDSA-AES256-GCM_ECDHE-RSA-AES256-GCM_ECDHE-ECDSA-CHACHA20_ECDHE-RSA-CHACHA20_ECDHE-RSA-AES128-CBC_ECDHE-RSA-AES256-CBC_RSA-AES128-GCM_RSA-AES256-GCM_RSA-AES128-CBC_RSA-AES256-CBC,4,True,0.0,"2570,4588,29,23,24",X25519MLKEM768_x25519_secp256r1_secp384r1,8,False,,"1027,2052,1025,1283,2053,1281,2054,1537",ecdsa_secp256r1_sha256_rsa_pss_rsae_sha256_rsa_pkcs1_sha256_ecdsa_secp384r1_sha384_rsa_pss_rsae_sha384_rsa_pkcs1_sha384_rsa_pss_rsae_sha512_rsa_pkcs1_sha512,True,t13d1516h2,8daaf6152771,d8a2da3f94cd,t,13,d,15,16,h2,"1:65536;2:0;4:6291456;6:262144|15663105|1:1:0:256,3:1:0:220,5:1:0:256,7:1:5:110,9:1:7:110,11:1:9:110,13:1:0:256,15:1:13:110,17:1:15:110,19:1:17:110,21:1:0:256,23:1:21:110,25:1:23:110,27:1:25:110,29:1:0:256,31:1:29:110,33:1:31:110,35:1:33:110,37:1:0:256,39:1:37:110,41:1:39:110|m,a,s,p",1:65536;2:0;4:6291456;6:262144,15663105.0,"1:1:0:256,3:1:0:220,5:1:0:256,7:1:5:110,9:1:7:110,11:1:9:110,13:1:0:256,15:1:13:110,17:1:15:110,19:1:17:110,21:1:0:256,23:1:21:110,25:1:23:110,27:1:25:110,29:1:0:256,31:1:29:110,33:1:31:110,35:1:33:110,37:1:0:256,39:1:37:110,41:1:39:110","m,a,s,p",21.0,65536.0,0.0,,6291456.0,,262144.0,":method,:authority,:scheme,:path"
trial-020,e41f96ef-43dc-46b7-b8b8-53cfecd3be50,2026-05-02 10:33:53.982630171+00:00,205.172.168.145,POST,/collect,HTTP/2.0,0.214,TLS 1.3,h2,TLS_AES_128_GCM_SHA256,uxbehaviorsuite.com,True,d197d02557781debb1bfe7ce156cd46b,t13d1516h2_8daaf6152771_d8a2da3f94cd,"h2,http/1.1",h2,2,True,True,0.0,h2_first,"2570,772,771","TLS 1.3,TLS 1.2",2,True,True,True,False,0.0,TLS1.3+TLS1.2,True,15,True,0.0,"2570,4865,4866,4867,49195,49199,49196,49200,52393,52392,49171,49172,156,157,47,53",TLS_AES_128_GCM_SHA256_TLS_AES_256_GCM_SHA384_TLS_CHACHA20_POLY1305_SHA256_ECDHE-ECDSA-AES128-GCM_ECDHE-RSA-AES128-GCM_ECDHE-ECDSA-AES256-GCM_ECDHE-RSA-AES256-GCM_ECDHE-ECDSA-CHACHA20_ECDHE-RSA-CHACHA20_ECDHE-RSA-AES128-CBC_ECDHE-RSA-AES256-CBC_RSA-AES128-GCM_RSA-AES256-GCM_RSA-AES128-CBC_RSA-AES256-CBC,4,True,0.0,"2570,4588,29,23,24",X25519MLKEM768_x25519_secp256r1_secp384r1,8,False,,"1027,2052,1025,1283,2053,1281,2054,1537",ecdsa_secp256r1_sha256_rsa_pss_rsae_sha256_rsa_pkcs1_sha256_ecdsa_secp384r1_sha384_rsa_pss_rsae_sha384_rsa_pkcs1_sha384_rsa_pss_rsae_sha512_rsa_pkcs1_sha512,True,t13d1516h2,8daaf6152771,d8a2da3f94cd,t,13,d,15,16,h2,"1:65536;2:0;4:6291456;6:262144|15663105|1:1:0:256,3:1:0:220,5:1:0:256,7:1:5:110,9:1:7:110,11:1:9:110,13:1:0:256,15:1:13:110,17:1:15:110,19:1:17:110,21:1:0:256,23:1:21:110,25:1:23:110,27:1:25:110,29:1:0:256,31:1:29:110,33:1:31:110,35:1:33:110,37:1:0:256,39:1:37:110,41:1:39:110,43:1:41:110|m,a,s,p",1:65536;2:0;4:6291456;6:262144,15663105.0,"1:1:0:256,3:1:0:220,5:1:0:256,7:1:5:110,9:1:7:110,11:1:9:110,13:1:0:256,15:1:13:110,17:1:15:110,19:1:17:110,21:1:0:256,23:1:21:110,25:1:23:110,27:1:25:110,29:1:0:256,31:1:29:110,33:1:31:110,35:1:33:110,37:1:0:256,39:1:37:110,41:1:39:110,43:1:41:110","m,a,s,p",22.0,65536.0,0.0,,6291456.0,,262144.0,":method,:authority,:scheme,:path"
trial-020,7b708cfa-8656-4e0f-b834-d10cd3039ebe,2026-05-02 10:34:48.157981224+00:00,165.154.36.91,GET,/,HTTP/1.1,0.293,TLS 1.3,,TLS_AES_128_GCM_SHA256,,False,9460af62ae0af667130bf0d36514f084,t13i190900_9dc949149365_e7c285222651,,,0,False,False,,none,"772,771,770,769","TLS 1.3,TLS 1.2,TLS 1.1,TLS 1.0",4,False,True,True,True,,TLS1.3+TLS1.2+TLS1.1+TLS1.0,True,19,False,,"49195,49199,49196,49200,52393,52392,49161,49171,49162,49172,156,157,47,53,49170,10,4865,4866,4867",ECDHE-ECDSA-AES128-GCM_ECDHE-RSA-AES128-GCM_ECDHE-ECDSA-AES256-GCM_ECDHE-RSA-AES256-GCM_ECDHE-ECDSA-CHACHA20_ECDHE-RSA-CHACHA20_49161_ECDHE-RSA-AES128-CBC_49162_ECDHE-RSA-AES256-CBC_RSA-AES128-GCM_RSA-AES256-GCM_RSA-AES128-CBC_RSA-AES256-CBC_49170_10_TLS_AES_128_GCM_SHA256_TLS_AES_256_GCM_SHA384_TLS_CHACHA20_POLY1305_SHA256,4,False,,"29,23,24,25",x25519_secp256r1_secp384r1_secp521r1,12,False,,"2052,1027,2055,2053,2054,1025,1281,1537,1283,1539,513,515",rsa_pss_rsae_sha256_ecdsa_secp256r1_sha256_2055_rsa_pss_rsae_sha384_rsa_pss_rsae_sha512_rsa_pkcs1_sha256_rsa_pkcs1_sha384_rsa_pkcs1_sha512_ecdsa_secp384r1_sha384_1539_513_ecdsa_sha1,False,t13i190900,9dc949149365,e7c285222651,t,13,i,19,9,00,,,,,,,,,,,,,
trial-020,636e4ef9-6ebc-43a7-9c76-a14942809291,2026-05-02 10:34:50.671939019+00:00,165.154.36.91,GET,/,HTTP/2.0,0.41,TLS 1.3,h2,TLS_AES_128_GCM_SHA256,,False,c817aa2c11bd73320f909678c095d63f,t13i1910h2_9dc949149365_e7c285222651,"h2,http/1.1",h2,2,True,True,0.0,h2_first,"772,771","TLS 1.3,TLS 1.2",2,False,True,True,False,,TLS1.3+TLS1.2,True,19,False,,"49195,49199,49196,49200,52393,52392,49161,49171,49162,49172,156,157,47,53,49170,10,4865,4866,4867",ECDHE-ECDSA-AES128-GCM_ECDHE-RSA-AES128-GCM_ECDHE-ECDSA-AES256-GCM_ECDHE-RSA-AES256-GCM_ECDHE-ECDSA-CHACHA20_ECDHE-RSA-CHACHA20_49161_ECDHE-RSA-AES128-CBC_49162_ECDHE-RSA-AES256-CBC_RSA-AES128-GCM_RSA-AES256-GCM_RSA-AES128-CBC_RSA-AES256-CBC_49170_10_TLS_AES_128_GCM_SHA256_TLS_AES_256_GCM_SHA384_TLS_CHACHA20_POLY1305_SHA256,4,False,,"29,23,24,25",x25519_secp256r1_secp384r1_secp521r1,12,False,,"2052,1027,2055,2053,2054,1025,1281,1537,1283,1539,513,515",rsa_pss_rsae_sha256_ecdsa_secp256r1_sha256_2055_rsa_pss_rsae_sha384_rsa_pss_rsae_sha512_rsa_pkcs1_sha256_rsa_pkcs1_sha384_rsa_pkcs1_sha512_ecdsa_secp384r1_sha384_1539_513_ecdsa_sha1,False,t13i1910h2,9dc949149365,e7c285222651,t,13,i,19,10,h2,"2:0;4:4194304;6:10485760|1073741824|0|a,m,p,s",2:0;4:4194304;6:10485760,1073741824.0,0,"a,m,p,s",1.0,,0.0,,4194304.0,,10485760.0,":authority,:method,:path,:scheme"
trial-020,bb98551c-b32d-48bf-b4d1-91b6bdc91b4f,2026-05-02 10:34:51.052663114+00:00,165.154.36.91,GET,/favicon.ico,HTTP/2.0,0.144,TLS 1.3,h2,TLS_AES_128_GCM_SHA256,,False,c817aa2c11bd73320f909678c095d63f,t13i1910h2_9dc949149365_e7c285222651,"h2,http/1.1",h2,2,True,True,0.0,h2_first,"772,771","TLS 1.3,TLS 1.2",2,False,True,True,False,,TLS1.3+TLS1.2,True,19,False,,"49195,49199,49196,49200,52393,52392,49161,49171,49162,49172,156,157,47,53,49170,10,4865,4866,4867",ECDHE-ECDSA-AES128-GCM_ECDHE-RSA-AES128-GCM_ECDHE-ECDSA-AES256-GCM_ECDHE-RSA-AES256-GCM_ECDHE-ECDSA-CHACHA20_ECDHE-RSA-CHACHA20_49161_ECDHE-RSA-AES128-CBC_49162_ECDHE-RSA-AES256-CBC_RSA-AES128-GCM_RSA-AES256-GCM_RSA-AES128-CBC_RSA-AES256-CBC_49170_10_TLS_AES_128_GCM_SHA256_TLS_AES_256_GCM_SHA384_TLS_CHACHA20_POLY1305_SHA256,4,False,,"29,23,24,25",x25519_secp256r1_secp384r1_secp521r1,12,False,,"2052,1027,2055,2053,2054,1025,1281,1537,1283,1539,513,515",rsa_pss_rsae_sha256_ecdsa_secp256r1_sha256_2055_rsa_pss_rsae_sha384_rsa_pss_rsae_sha512_rsa_pkcs1_sha256_rsa_pkcs1_sha384_rsa_pkcs1_sha512_ecdsa_secp384r1_sha384_1539_513_ecdsa_sha1,False,t13i1910h2,9dc949149365,e7c285222651,t,13,i,19,10,h2,"2:0;4:4194304;6:10485760|1073741824|0|a,m,p,s",2:0;4:4194304;6:10485760,1073741824.0,0,"a,m,p,s",1.0,,0.0,,4194304.0,,10485760.0,":authority,:method,:path,:scheme"
trial-020,d04ac428-e8fd-4acd-85c1-5cf60b297f7c,2026-05-02 10:34:51.303337993+00:00,165.154.36.91,GET,/logger.js,HTTP/2.0,0.457,TLS 1.3,h2,TLS_AES_128_GCM_SHA256,,False,c817aa2c11bd73320f909678c095d63f,t13i1910h2_9dc949149365_e7c285222651,"h2,http/1.1",h2,2,True,True,0.0,h2_first,"772,771","TLS 1.3,TLS 1.2",2,False,True,True,False,,TLS1.3+TLS1.2,True,19,False,,"49195,49199,49196,49200,52393,52392,49161,49171,49162,49172,156,157,47,53,49170,10,4865,4866,4867",ECDHE-ECDSA-AES128-GCM_ECDHE-RSA-AES128-GCM_ECDHE-ECDSA-AES256-GCM_ECDHE-RSA-AES256-GCM_ECDHE-ECDSA-CHACHA20_ECDHE-RSA-CHACHA20_49161_ECDHE-RSA-AES128-CBC_49162_ECDHE-RSA-AES256-CBC_RSA-AES128-GCM_RSA-AES256-GCM_RSA-AES128-CBC_RSA-AES256-CBC_49170_10_TLS_AES_128_GCM_SHA256_TLS_AES_256_GCM_SHA384_TLS_CHACHA20_POLY1305_SHA256,4,False,,"29,23,24,25",x25519_secp256r1_secp384r1_secp521r1,12,False,,"2052,1027,2055,2053,2054,1025,1281,1537,1283,1539,513,515",rsa_pss_rsae_sha256_ecdsa_secp256r1_sha256_2055_rsa_pss_rsae_sha384_rsa_pss_rsae_sha512_rsa_pkcs1_sha256_rsa_pkcs1_sha384_rsa_pkcs1_sha512_ecdsa_secp384r1_sha384_1539_513_ecdsa_sha1,False,t13i1910h2,9dc949149365,e7c285222651,t,13,i,19,10,h2,"2:0;4:4194304;6:10485760|1073741824|0|a,m,p,s",2:0;4:4194304;6:10485760,1073741824.0,0,"a,m,p,s",1.0,,0.0,,4194304.0,,10485760.0,":authority,:method,:path,:scheme"
trial-020,96c25e7b-5dde-4a74-a534-88728e96af9a,2026-05-02 10:34:57.628639341+00:00,205.172.168.145,GET,/s5-delayed-feedback.html,HTTP/2.0,1.166,TLS 1.3,h2,TLS_AES_128_GCM_SHA256,uxbehaviorsuite.com,True,d197d02557781debb1bfe7ce156cd46b,t13d1516h2_8daaf6152771_d8a2da3f94cd,"h2,http/1.1",h2,2,True,True,0.0,h2_first,"2570,772,771","TLS 1.3,TLS 1.2",2,True,True,True,False,0.0,TLS1.3+TLS1.2,True,15,True,0.0,"2570,4865,4866,4867,49195,49199,49196,49200,52393,52392,49171,49172,156,157,47,53",TLS_AES_128_GCM_SHA256_TLS_AES_256_GCM_SHA384_TLS_CHACHA20_POLY1305_SHA256_ECDHE-ECDSA-AES128-GCM_ECDHE-RSA-AES128-GCM_ECDHE-ECDSA-AES256-GCM_ECDHE-RSA-AES256-GCM_ECDHE-ECDSA-CHACHA20_ECDHE-RSA-CHACHA20_ECDHE-RSA-AES128-CBC_ECDHE-RSA-AES256-CBC_RSA-AES128-GCM_RSA-AES256-GCM_RSA-AES128-CBC_RSA-AES256-CBC,4,True,0.0,"2570,4588,29,23,24",X25519MLKEM768_x25519_secp256r1_secp384r1,8,False,,"1027,2052,1025,1283,2053,1281,2054,1537",ecdsa_secp256r1_sha256_rsa_pss_rsae_sha256_rsa_pkcs1_sha256_ecdsa_secp384r1_sha384_rsa_pss_rsae_sha384_rsa_pkcs1_sha384_rsa_pss_rsae_sha512_rsa_pkcs1_sha512,True,t13d1516h2,8daaf6152771,d8a2da3f94cd,t,13,d,15,16,h2,"1:65536;2:0;4:6291456;6:262144|15663105|1:1:0:256,3:1:0:220,5:1:0:256,7:1:5:110,9:1:7:110,11:1:9:110,13:1:0:256,15:1:13:110,17:1:15:110,19:1:17:110,21:1:0:256,23:1:21:110,25:1:23:110,27:1:25:110,29:1:0:256,31:1:29:110,33:1:31:110,35:1:33:110,37:1:0:256,39:1:37:110,41:1:39:110,43:1:41:110,45:1:0:256,47:1:45:110|m,a,s,p",1:65536;2:0;4:6291456;6:262144,15663105.0,"1:1:0:256,3:1:0:220,5:1:0:256,7:1:5:110,9:1:7:110,11:1:9:110,13:1:0:256,15:1:13:110,17:1:15:110,19:1:17:110,21:1:0:256,23:1:21:110,25:1:23:110,27:1:25:110,29:1:0:256,31:1:29:110,33:1:31:110,35:1:33:110,37:1:0:256,39:1:37:110,41:1:39:110,43:1:41:110,45:1:0:256,47:1:45:110","m,a,s,p",24.0,65536.0,0.0,,6291456.0,,262144.0,":method,:authority,:scheme,:path"
trial-020,eda44343-4be3-4061-927d-53972542ac4e,2026-05-02 10:34:57.628719635+00:00,205.172.168.145,POST,/collect,HTTP/2.0,0.366,TLS 1.3,h2,TLS_AES_128_GCM_SHA256,uxbehaviorsuite.com,True,d197d02557781debb1bfe7ce156cd46b,t13d1516h2_8daaf6152771_d8a2da3f94cd,"h2,http/1.1",h2,2,True,True,0.0,h2_first,"2570,772,771","TLS 1.3,TLS 1.2",2,True,True,True,False,0.0,TLS1.3+TLS1.2,True,15,True,0.0,"2570,4865,4866,4867,49195,49199,49196,49200,52393,52392,49171,49172,156,157,47,53",TLS_AES_128_GCM_SHA256_TLS_AES_256_GCM_SHA384_TLS_CHACHA20_POLY1305_SHA256_ECDHE-ECDSA-AES128-GCM_ECDHE-RSA-AES128-GCM_ECDHE-ECDSA-AES256-GCM_ECDHE-RSA-AES256-GCM_ECDHE-ECDSA-CHACHA20_ECDHE-RSA-CHACHA20_ECDHE-RSA-AES128-CBC_ECDHE-RSA-AES256-CBC_RSA-AES128-GCM_RSA-AES256-GCM_RSA-AES128-CBC_RSA-AES256-CBC,4,True,0.0,"2570,4588,29,23,24",X25519MLKEM768_x25519_secp256r1_secp384r1,8,False,,"1027,2052,1025,1283,2053,1281,2054,1537",ecdsa_secp256r1_sha256_rsa_pss_rsae_sha256_rsa_pkcs1_sha256_ecdsa_secp384r1_sha384_rsa_pss_rsae_sha384_rsa_pkcs1_sha384_rsa_pss_rsae_sha512_rsa_pkcs1_sha512,True,t13d1516h2,8daaf6152771,d8a2da3f94cd,t,13,d,15,16,h2,"1:65536;2:0;4:6291456;6:262144|15663105|1:1:0:256,3:1:0:220,5:1:0:256,7:1:5:110,9:1:7:110,11:1:9:110,13:1:0:256,15:1:13:110,17:1:15:110,19:1:17:110,21:1:0:256,23:1:21:110,25:1:23:110,27:1:25:110,29:1:0:256,31:1:29:110,33:1:31:110,35:1:33:110,37:1:0:256,39:1:37:110,41:1:39:110,43:1:41:110,45:1:0:256,47:1:45:110|m,a,s,p",1:65536;2:0;4:6291456;6:262144,15663105.0,"1:1:0:256,3:1:0:220,5:1:0:256,7:1:5:110,9:1:7:110,11:1:9:110,13:1:0:256,15:1:13:110,17:1:15:110,19:1:17:110,21:1:0:256,23:1:21:110,25:1:23:110,27:1:25:110,29:1:0:256,31:1:29:110,33:1:31:110,35:1:33:110,37:1:0:256,39:1:37:110,41:1:39:110,43:1:41:110,45:1:0:256,47:1:45:110","m,a,s,p",24.0,65536.0,0.0,,6291456.0,,262144.0,":method,:authority,:scheme,:path"
trial-020,4f7225d0-3c13-4579-851d-679283c9384b,2026-05-02 10:34:57.648187996+00:00,205.172.168.145,POST,/collect,HTTP/2.0,0.209,TLS 1.3,h2,TLS_AES_128_GCM_SHA256,uxbehaviorsuite.com,True,d197d02557781debb1bfe7ce156cd46b,t13d1516h2_8daaf6152771_d8a2da3f94cd,"h2,http/1.1",h2,2,True,True,0.0,h2_first,"2570,772,771","TLS 1.3,TLS 1.2",2,True,True,True,False,0.0,TLS1.3+TLS1.2,True,15,True,0.0,"2570,4865,4866,4867,49195,49199,49196,49200,52393,52392,49171,49172,156,157,47,53",TLS_AES_128_GCM_SHA256_TLS_AES_256_GCM_SHA384_TLS_CHACHA20_POLY1305_SHA256_ECDHE-ECDSA-AES128-GCM_ECDHE-RSA-AES128-GCM_ECDHE-ECDSA-AES256-GCM_ECDHE-RSA-AES256-GCM_ECDHE-ECDSA-CHACHA20_ECDHE-RSA-CHACHA20_ECDHE-RSA-AES128-CBC_ECDHE-RSA-AES256-CBC_RSA-AES128-GCM_RSA-AES256-GCM_RSA-AES128-CBC_RSA-AES256-CBC,4,True,0.0,"2570,4588,29,23,24",X25519MLKEM768_x25519_secp256r1_secp384r1,8,False,,"1027,2052,1025,1283,2053,1281,2054,1537",ecdsa_secp256r1_sha256_rsa_pss_rsae_sha256_rsa_pkcs1_sha256_ecdsa_secp384r1_sha384_rsa_pss_rsae_sha384_rsa_pkcs1_sha384_rsa_pss_rsae_sha512_rsa_pkcs1_sha512,True,t13d1516h2,8daaf6152771,d8a2da3f94cd,t,13,d,15,16,h2,"1:65536;2:0;4:6291456;6:262144|15663105|1:1:0:256,3:1:0:220,5:1:0:256,7:1:5:110,9:1:7:110,11:1:9:110,13:1:0:256,15:1:13:110,17:1:15:110,19:1:17:110,21:1:0:256,23:1:21:110,25:1:23:110,27:1:25:110,29:1:0:256,31:1:29:110,33:1:31:110,35:1:33:110,37:1:0:256,39:1:37:110,41:1:39:110,43:1:41:110,45:1:0:256,47:1:45:110,49:1:45:110|m,a,s,p",1:65536;2:0;4:6291456;6:262144,15663105.0,"1:1:0:256,3:1:0:220,5:1:0:256,7:1:5:110,9:1:7:110,11:1:9:110,13:1:0:256,15:1:13:110,17:1:15:110,19:1:17:110,21:1:0:256,23:1:21:110,25:1:23:110,27:1:25:110,29:1:0:256,31:1:29:110,33:1:31:110,35:1:33:110,37:1:0:256,39:1:37:110,41:1:39:110,43:1:41:110,45:1:0:256,47:1:45:110,49:1:45:110","m,a,s,p",25.0,65536.0,0.0,,6291456.0,,262144.0,":method,:authority,:scheme,:path"
trial-020,0088fb15-db48-4448-9068-e98fb87d8216,2026-05-02 10:34:57.649962929+00:00,205.172.168.145,POST,/collect,HTTP/2.0,0.215,TLS 1.3,h2,TLS_AES_128_GCM_SHA256,uxbehaviorsuite.com,True,d197d02557781debb1bfe7ce156cd46b,t13d1516h2_8daaf6152771_d8a2da3f94cd,"h2,http/1.1",h2,2,True,True,0.0,h2_first,"2570,772,771","TLS 1.3,TLS 1.2",2,True,True,True,False,0.0,TLS1.3+TLS1.2,True,15,True,0.0,"2570,4865,4866,4867,49195,49199,49196,49200,52393,52392,49171,49172,156,157,47,53",TLS_AES_128_GCM_SHA256_TLS_AES_256_GCM_SHA384_TLS_CHACHA20_POLY1305_SHA256_ECDHE-ECDSA-AES128-GCM_ECDHE-RSA-AES128-GCM_ECDHE-ECDSA-AES256-GCM_ECDHE-RSA-AES256-GCM_ECDHE-ECDSA-CHACHA20_ECDHE-RSA-CHACHA20_ECDHE-RSA-AES128-CBC_ECDHE-RSA-AES256-CBC_RSA-AES128-GCM_RSA-AES256-GCM_RSA-AES128-CBC_RSA-AES256-CBC,4,True,0.0,"2570,4588,29,23,24",X25519MLKEM768_x25519_secp256r1_secp384r1,8,False,,"1027,2052,1025,1283,2053,1281,2054,1537",ecdsa_secp256r1_sha256_rsa_pss_rsae_sha256_rsa_pkcs1_sha256_ecdsa_secp384r1_sha384_rsa_pss_rsae_sha384_rsa_pkcs1_sha384_rsa_pss_rsae_sha512_rsa_pkcs1_sha512,True,t13d1516h2,8daaf6152771,d8a2da3f94cd,t,13,d,15,16,h2,"1:65536;2:0;4:6291456;6:262144|15663105|1:1:0:256,3:1:0:220,5:1:0:256,7:1:5:110,9:1:7:110,11:1:9:110,13:1:0:256,15:1:13:110,17:1:15:110,19:1:17:110,21:1:0:256,23:1:21:110,25:1:23:110,27:1:25:110,29:1:0:256,31:1:29:110,33:1:31:110,35:1:33:110,37:1:0:256,39:1:37:110,41:1:39:110,43:1:41:110,45:1:0:256,47:1:45:110,49:1:45:110,51:1:49:110|m,a,s,p",1:65536;2:0;4:6291456;6:262144,15663105.0,"1:1:0:256,3:1:0:220,5:1:0:256,7:1:5:110,9:1:7:110,11:1:9:110,13:1:0:256,15:1:13:110,17:1:15:110,19:1:17:110,21:1:0:256,23:1:21:110,25:1:23:110,27:1:25:110,29:1:0:256,31:1:29:110,33:1:31:110,35:1:33:110,37:1:0:256,39:1:37:110,41:1:39:110,43:1:41:110,45:1:0:256,47:1:45:110,49:1:45:110,51:1:49:110","m,a,s,p",26.0,65536.0,0.0,,6291456.0,,262144.0,":method,:authority,:scheme,:path"
trial-021,b38f16dc-8ec1-48f4-b8a2-26d872c2a650,2026-05-02 10:48:43.238399067+00:00,205.172.168.145,GET,/subscribe-v1.html,HTTP/2.0,0.506,TLS 1.3,h2,TLS_AES_128_GCM_SHA256,uxbehaviorsuite.com,True,4ed5dc12f866c3ea777ccac40c608396,t13d1516h2_8daaf6152771_d8a2da3f94cd,"h2,http/1.1",h2,2,True,True,0.0,h2_first,"2570,772,771","TLS 1.3,TLS 1.2",2,True,True,True,False,0.0,TLS1.3+TLS1.2,True,15,True,0.0,"2570,4865,4866,4867,49195,49199,49196,49200,52393,52392,49171,49172,156,157,47,53",TLS_AES_128_GCM_SHA256_TLS_AES_256_GCM_SHA384_TLS_CHACHA20_POLY1305_SHA256_ECDHE-ECDSA-AES128-GCM_ECDHE-RSA-AES128-GCM_ECDHE-ECDSA-AES256-GCM_ECDHE-RSA-AES256-GCM_ECDHE-ECDSA-CHACHA20_ECDHE-RSA-CHACHA20_ECDHE-RSA-AES128-CBC_ECDHE-RSA-AES256-CBC_RSA-AES128-GCM_RSA-AES256-GCM_RSA-AES128-CBC_RSA-AES256-CBC,4,True,0.0,"2570,4588,29,23,24",X25519MLKEM768_x25519_secp256r1_secp384r1,8,False,,"1027,2052,1025,1283,2053,1281,2054,1537",ecdsa_secp256r1_sha256_rsa_pss_rsae_sha256_rsa_pkcs1_sha256_ecdsa_secp384r1_sha384_rsa_pss_rsae_sha384_rsa_pkcs1_sha384_rsa_pss_rsae_sha512_rsa_pkcs1_sha512,True,t13d1516h2,8daaf6152771,d8a2da3f94cd,t,13,d,15,16,h2,"1:65536;2:0;4:6291456;6:262144|15663105|1:1:0:256|m,a,s,p",1:65536;2:0;4:6291456;6:262144,15663105.0,1:1:0:256,"m,a,s,p",1.0,65536.0,0.0,,6291456.0,,262144.0,":method,:authority,:scheme,:path"
trial-021,d151315b-e0db-4c46-9f57-3eaec2c29714,2026-05-02 10:48:43.270257599+00:00,205.172.168.145,GET,/logger.js,HTTP/2.0,0.338,TLS 1.3,h2,TLS_AES_128_GCM_SHA256,uxbehaviorsuite.com,True,4ed5dc12f866c3ea777ccac40c608396,t13d1516h2_8daaf6152771_d8a2da3f94cd,"h2,http/1.1",h2,2,True,True,0.0,h2_first,"2570,772,771","TLS 1.3,TLS 1.2",2,True,True,True,False,0.0,TLS1.3+TLS1.2,True,15,True,0.0,"2570,4865,4866,4867,49195,49199,49196,49200,52393,52392,49171,49172,156,157,47,53",TLS_AES_128_GCM_SHA256_TLS_AES_256_GCM_SHA384_TLS_CHACHA20_POLY1305_SHA256_ECDHE-ECDSA-AES128-GCM_ECDHE-RSA-AES128-GCM_ECDHE-ECDSA-AES256-GCM_ECDHE-RSA-AES256-GCM_ECDHE-ECDSA-CHACHA20_ECDHE-RSA-CHACHA20_ECDHE-RSA-AES128-CBC_ECDHE-RSA-AES256-CBC_RSA-AES128-GCM_RSA-AES256-GCM_RSA-AES128-CBC_RSA-AES256-CBC,4,True,0.0,"2570,4588,29,23,24",X25519MLKEM768_x25519_secp256r1_secp384r1,8,False,,"1027,2052,1025,1283,2053,1281,2054,1537",ecdsa_secp256r1_sha256_rsa_pss_rsae_sha256_rsa_pkcs1_sha256_ecdsa_secp384r1_sha384_rsa_pss_rsae_sha384_rsa_pkcs1_sha384_rsa_pss_rsae_sha512_rsa_pkcs1_sha512,True,t13d1516h2,8daaf6152771,d8a2da3f94cd,t,13,d,15,16,h2,"1:65536;2:0;4:6291456;6:262144|15663105|1:1:0:256,3:1:0:220|m,a,s,p",1:65536;2:0;4:6291456;6:262144,15663105.0,"1:1:0:256,3:1:0:220","m,a,s,p",2.0,65536.0,0.0,,6291456.0,,262144.0,":method,:authority,:scheme,:path"
trial-021,f8713899-93fb-4c07-a098-05cbf5314dde,2026-05-02 10:50:24.326173835+00:00,205.172.168.145,GET,/subscribe-v2.html,HTTP/2.0,0.466,TLS 1.3,h2,TLS_AES_128_GCM_SHA256,uxbehaviorsuite.com,True,4ed5dc12f866c3ea777ccac40c608396,t13d1516h2_8daaf6152771_d8a2da3f94cd,"h2,http/1.1",h2,2,True,True,0.0,h2_first,"2570,772,771","TLS 1.3,TLS 1.2",2,True,True,True,False,0.0,TLS1.3+TLS1.2,True,15,True,0.0,"2570,4865,4866,4867,49195,49199,49196,49200,52393,52392,49171,49172,156,157,47,53",TLS_AES_128_GCM_SHA256_TLS_AES_256_GCM_SHA384_TLS_CHACHA20_POLY1305_SHA256_ECDHE-ECDSA-AES128-GCM_ECDHE-RSA-AES128-GCM_ECDHE-ECDSA-AES256-GCM_ECDHE-RSA-AES256-GCM_ECDHE-ECDSA-CHACHA20_ECDHE-RSA-CHACHA20_ECDHE-RSA-AES128-CBC_ECDHE-RSA-AES256-CBC_RSA-AES128-GCM_RSA-AES256-GCM_RSA-AES128-CBC_RSA-AES256-CBC,4,True,0.0,"2570,4588,29,23,24",X25519MLKEM768_x25519_secp256r1_secp384r1,8,False,,"1027,2052,1025,1283,2053,1281,2054,1537",ecdsa_secp256r1_sha256_rsa_pss_rsae_sha256_rsa_pkcs1_sha256_ecdsa_secp384r1_sha384_rsa_pss_rsae_sha384_rsa_pkcs1_sha384_rsa_pss_rsae_sha512_rsa_pkcs1_sha512,True,t13d1516h2,8daaf6152771,d8a2da3f94cd,t,13,d,15,16,h2,"1:65536;2:0;4:6291456;6:262144|15663105|1:1:0:256,3:1:0:220,5:1:0:256,7:1:5:110|m,a,s,p",1:65536;2:0;4:6291456;6:262144,15663105.0,"1:1:0:256,3:1:0:220,5:1:0:256,7:1:5:110","m,a,s,p",4.0,65536.0,0.0,,6291456.0,,262144.0,":method,:authority,:scheme,:path"
trial-021,364a6bd6-0524-4336-9e26-165f8cdb9b04,2026-05-02 10:50:24.326268259+00:00,205.172.168.145,POST,/collect,HTTP/2.0,1.108,TLS 1.3,h2,TLS_AES_128_GCM_SHA256,uxbehaviorsuite.com,True,4ed5dc12f866c3ea777ccac40c608396,t13d1516h2_8daaf6152771_d8a2da3f94cd,"h2,http/1.1",h2,2,True,True,0.0,h2_first,"2570,772,771","TLS 1.3,TLS 1.2",2,True,True,True,False,0.0,TLS1.3+TLS1.2,True,15,True,0.0,"2570,4865,4866,4867,49195,49199,49196,49200,52393,52392,49171,49172,156,157,47,53",TLS_AES_128_GCM_SHA256_TLS_AES_256_GCM_SHA384_TLS_CHACHA20_POLY1305_SHA256_ECDHE-ECDSA-AES128-GCM_ECDHE-RSA-AES128-GCM_ECDHE-ECDSA-AES256-GCM_ECDHE-RSA-AES256-GCM_ECDHE-ECDSA-CHACHA20_ECDHE-RSA-CHACHA20_ECDHE-RSA-AES128-CBC_ECDHE-RSA-AES256-CBC_RSA-AES128-GCM_RSA-AES256-GCM_RSA-AES128-CBC_RSA-AES256-CBC,4,True,0.0,"2570,4588,29,23,24",X25519MLKEM768_x25519_secp256r1_secp384r1,8,False,,"1027,2052,1025,1283,2053,1281,2054,1537",ecdsa_secp256r1_sha256_rsa_pss_rsae_sha256_rsa_pkcs1_sha256_ecdsa_secp384r1_sha384_rsa_pss_rsae_sha384_rsa_pkcs1_sha384_rsa_pss_rsae_sha512_rsa_pkcs1_sha512,True,t13d1516h2,8daaf6152771,d8a2da3f94cd,t,13,d,15,16,h2,"1:65536;2:0;4:6291456;6:262144|15663105|1:1:0:256,3:1:0:220,5:1:0:256,7:1:5:110|m,a,s,p",1:65536;2:0;4:6291456;6:262144,15663105.0,"1:1:0:256,3:1:0:220,5:1:0:256,7:1:5:110","m,a,s,p",4.0,65536.0,0.0,,6291456.0,,262144.0,":method,:authority,:scheme,:path"
trial-021,f2b133f6-2f64-45fe-b5ac-0464f0f8c5b6,2026-05-02 10:50:24.349002126+00:00,205.172.168.145,POST,/collect,HTTP/2.0,0.263,TLS 1.3,h2,TLS_AES_128_GCM_SHA256,uxbehaviorsuite.com,True,4ed5dc12f866c3ea777ccac40c608396,t13d1516h2_8daaf6152771_d8a2da3f94cd,"h2,http/1.1",h2,2,True,True,0.0,h2_first,"2570,772,771","TLS 1.3,TLS 1.2",2,True,True,True,False,0.0,TLS1.3+TLS1.2,True,15,True,0.0,"2570,4865,4866,4867,49195,49199,49196,49200,52393,52392,49171,49172,156,157,47,53",TLS_AES_128_GCM_SHA256_TLS_AES_256_GCM_SHA384_TLS_CHACHA20_POLY1305_SHA256_ECDHE-ECDSA-AES128-GCM_ECDHE-RSA-AES128-GCM_ECDHE-ECDSA-AES256-GCM_ECDHE-RSA-AES256-GCM_ECDHE-ECDSA-CHACHA20_ECDHE-RSA-CHACHA20_ECDHE-RSA-AES128-CBC_ECDHE-RSA-AES256-CBC_RSA-AES128-GCM_RSA-AES256-GCM_RSA-AES128-CBC_RSA-AES256-CBC,4,True,0.0,"2570,4588,29,23,24",X25519MLKEM768_x25519_secp256r1_secp384r1,8,False,,"1027,2052,1025,1283,2053,1281,2054,1537",ecdsa_secp256r1_sha256_rsa_pss_rsae_sha256_rsa_pkcs1_sha256_ecdsa_secp384r1_sha384_rsa_pss_rsae_sha384_rsa_pkcs1_sha384_rsa_pss_rsae_sha512_rsa_pkcs1_sha512,True,t13d1516h2,8daaf6152771,d8a2da3f94cd,t,13,d,15,16,h2,"1:65536;2:0;4:6291456;6:262144|15663105|1:1:0:256,3:1:0:220,5:1:0:256,7:1:5:110,9:1:7:110|m,a,s,p",1:65536;2:0;4:6291456;6:262144,15663105.0,"1:1:0:256,3:1:0:220,5:1:0:256,7:1:5:110,9:1:7:110","m,a,s,p",5.0,65536.0,0.0,,6291456.0,,262144.0,":method,:authority,:scheme,:path"
trial-021,a53fff61-6ed4-4219-bb44-8e85fb157e13,2026-05-02 10:50:24.349436956+00:00,205.172.168.145,POST,/collect,HTTP/2.0,0.193,TLS 1.3,h2,TLS_AES_128_GCM_SHA256,uxbehaviorsuite.com,True,4ed5dc12f866c3ea777ccac40c608396,t13d1516h2_8daaf6152771_d8a2da3f94cd,"h2,http/1.1",h2,2,True,True,0.0,h2_first,"2570,772,771","TLS 1.3,TLS 1.2",2,True,True,True,False,0.0,TLS1.3+TLS1.2,True,15,True,0.0,"2570,4865,4866,4867,49195,49199,49196,49200,52393,52392,49171,49172,156,157,47,53",TLS_AES_128_GCM_SHA256_TLS_AES_256_GCM_SHA384_TLS_CHACHA20_POLY1305_SHA256_ECDHE-ECDSA-AES128-GCM_ECDHE-RSA-AES128-GCM_ECDHE-ECDSA-AES256-GCM_ECDHE-RSA-AES256-GCM_ECDHE-ECDSA-CHACHA20_ECDHE-RSA-CHACHA20_ECDHE-RSA-AES128-CBC_ECDHE-RSA-AES256-CBC_RSA-AES128-GCM_RSA-AES256-GCM_RSA-AES128-CBC_RSA-AES256-CBC,4,True,0.0,"2570,4588,29,23,24",X25519MLKEM768_x25519_secp256r1_secp384r1,8,False,,"1027,2052,1025,1283,2053,1281,2054,1537",ecdsa_secp256r1_sha256_rsa_pss_rsae_sha256_rsa_pkcs1_sha256_ecdsa_secp384r1_sha384_rsa_pss_rsae_sha384_rsa_pkcs1_sha384_rsa_pss_rsae_sha512_rsa_pkcs1_sha512,True,t13d1516h2,8daaf6152771,d8a2da3f94cd,t,13,d,15,16,h2,"1:65536;2:0;4:6291456;6:262144|15663105|1:1:0:256,3:1:0:220,5:1:0:256,7:1:5:110,9:1:7:110,11:1:9:110|m,a,s,p",1:65536;2:0;4:6291456;6:262144,15663105.0,"1:1:0:256,3:1:0:220,5:1:0:256,7:1:5:110,9:1:7:110,11:1:9:110","m,a,s,p",6.0,65536.0,0.0,,6291456.0,,262144.0,":method,:authority,:scheme,:path"
trial-021,7de554f1-d1ed-465b-998c-c3ff55cb88ed,2026-05-02 10:51:31.947299588+00:00,205.172.168.145,GET,/subscribe-v3.html,HTTP/2.0,0.421,TLS 1.3,h2,TLS_AES_128_GCM_SHA256,uxbehaviorsuite.com,True,4ed5dc12f866c3ea777ccac40c608396,t13d1516h2_8daaf6152771_d8a2da3f94cd,"h2,http/1.1",h2,2,True,True,0.0,h2_first,"2570,772,771","TLS 1.3,TLS 1.2",2,True,True,True,False,0.0,TLS1.3+TLS1.2,True,15,True,0.0,"2570,4865,4866,4867,49195,49199,49196,49200,52393,52392,49171,49172,156,157,47,53",TLS_AES_128_GCM_SHA256_TLS_AES_256_GCM_SHA384_TLS_CHACHA20_POLY1305_SHA256_ECDHE-ECDSA-AES128-GCM_ECDHE-RSA-AES128-GCM_ECDHE-ECDSA-AES256-GCM_ECDHE-RSA-AES256-GCM_ECDHE-ECDSA-CHACHA20_ECDHE-RSA-CHACHA20_ECDHE-RSA-AES128-CBC_ECDHE-RSA-AES256-CBC_RSA-AES128-GCM_RSA-AES256-GCM_RSA-AES128-CBC_RSA-AES256-CBC,4,True,0.0,"2570,4588,29,23,24",X25519MLKEM768_x25519_secp256r1_secp384r1,8,False,,"1027,2052,1025,1283,2053,1281,2054,1537",ecdsa_secp256r1_sha256_rsa_pss_rsae_sha256_rsa_pkcs1_sha256_ecdsa_secp384r1_sha384_rsa_pss_rsae_sha384_rsa_pkcs1_sha384_rsa_pss_rsae_sha512_rsa_pkcs1_sha512,True,t13d1516h2,8daaf6152771,d8a2da3f94cd,t,13,d,15,16,h2,"1:65536;2:0;4:6291456;6:262144|15663105|1:1:0:256,3:1:0:220,5:1:0:256,7:1:5:110,9:1:7:110,11:1:9:110,13:1:0:256,15:1:13:110|m,a,s,p",1:65536;2:0;4:6291456;6:262144,15663105.0,"1:1:0:256,3:1:0:220,5:1:0:256,7:1:5:110,9:1:7:110,11:1:9:110,13:1:0:256,15:1:13:110","m,a,s,p",8.0,65536.0,0.0,,6291456.0,,262144.0,":method,:authority,:scheme,:path"
trial-021,a7d8be7f-841b-4056-a18c-56fd402d9035,2026-05-02 10:51:31.947389126+00:00,205.172.168.145,POST,/collect,HTTP/2.0,1.075,TLS 1.3,h2,TLS_AES_128_GCM_SHA256,uxbehaviorsuite.com,True,4ed5dc12f866c3ea777ccac40c608396,t13d1516h2_8daaf6152771_d8a2da3f94cd,"h2,http/1.1",h2,2,True,True,0.0,h2_first,"2570,772,771","TLS 1.3,TLS 1.2",2,True,True,True,False,0.0,TLS1.3+TLS1.2,True,15,True,0.0,"2570,4865,4866,4867,49195,49199,49196,49200,52393,52392,49171,49172,156,157,47,53",TLS_AES_128_GCM_SHA256_TLS_AES_256_GCM_SHA384_TLS_CHACHA20_POLY1305_SHA256_ECDHE-ECDSA-AES128-GCM_ECDHE-RSA-AES128-GCM_ECDHE-ECDSA-AES256-GCM_ECDHE-RSA-AES256-GCM_ECDHE-ECDSA-CHACHA20_ECDHE-RSA-CHACHA20_ECDHE-RSA-AES128-CBC_ECDHE-RSA-AES256-CBC_RSA-AES128-GCM_RSA-AES256-GCM_RSA-AES128-CBC_RSA-AES256-CBC,4,True,0.0,"2570,4588,29,23,24",X25519MLKEM768_x25519_secp256r1_secp384r1,8,False,,"1027,2052,1025,1283,2053,1281,2054,1537",ecdsa_secp256r1_sha256_rsa_pss_rsae_sha256_rsa_pkcs1_sha256_ecdsa_secp384r1_sha384_rsa_pss_rsae_sha384_rsa_pkcs1_sha384_rsa_pss_rsae_sha512_rsa_pkcs1_sha512,True,t13d1516h2,8daaf6152771,d8a2da3f94cd,t,13,d,15,16,h2,"1:65536;2:0;4:6291456;6:262144|15663105|1:1:0:256,3:1:0:220,5:1:0:256,7:1:5:110,9:1:7:110,11:1:9:110,13:1:0:256,15:1:13:110|m,a,s,p",1:65536;2:0;4:6291456;6:262144,15663105.0,"1:1:0:256,3:1:0:220,5:1:0:256,7:1:5:110,9:1:7:110,11:1:9:110,13:1:0:256,15:1:13:110","m,a,s,p",8.0,65536.0,0.0,,6291456.0,,262144.0,":method,:authority,:scheme,:path"
trial-021,d52a4e6c-00c5-44ce-8857-39d6b9805363,2026-05-02 10:51:31.968769990+00:00,205.172.168.145,POST,/collect,HTTP/2.0,0.231,TLS 1.3,h2,TLS_AES_128_GCM_SHA256,uxbehaviorsuite.com,True,4ed5dc12f866c3ea777ccac40c608396,t13d1516h2_8daaf6152771_d8a2da3f94cd,"h2,http/1.1",h2,2,True,True,0.0,h2_first,"2570,772,771","TLS 1.3,TLS 1.2",2,True,True,True,False,0.0,TLS1.3+TLS1.2,True,15,True,0.0,"2570,4865,4866,4867,49195,49199,49196,49200,52393,52392,49171,49172,156,157,47,53",TLS_AES_128_GCM_SHA256_TLS_AES_256_GCM_SHA384_TLS_CHACHA20_POLY1305_SHA256_ECDHE-ECDSA-AES128-GCM_ECDHE-RSA-AES128-GCM_ECDHE-ECDSA-AES256-GCM_ECDHE-RSA-AES256-GCM_ECDHE-ECDSA-CHACHA20_ECDHE-RSA-CHACHA20_ECDHE-RSA-AES128-CBC_ECDHE-RSA-AES256-CBC_RSA-AES128-GCM_RSA-AES256-GCM_RSA-AES128-CBC_RSA-AES256-CBC,4,True,0.0,"2570,4588,29,23,24",X25519MLKEM768_x25519_secp256r1_secp384r1,8,False,,"1027,2052,1025,1283,2053,1281,2054,1537",ecdsa_secp256r1_sha256_rsa_pss_rsae_sha256_rsa_pkcs1_sha256_ecdsa_secp384r1_sha384_rsa_pss_rsae_sha384_rsa_pkcs1_sha384_rsa_pss_rsae_sha512_rsa_pkcs1_sha512,True,t13d1516h2,8daaf6152771,d8a2da3f94cd,t,13,d,15,16,h2,"1:65536;2:0;4:6291456;6:262144|15663105|1:1:0:256,3:1:0:220,5:1:0:256,7:1:5:110,9:1:7:110,11:1:9:110,13:1:0:256,15:1:13:110,17:1:15:110|m,a,s,p",1:65536;2:0;4:6291456;6:262144,15663105.0,"1:1:0:256,3:1:0:220,5:1:0:256,7:1:5:110,9:1:7:110,11:1:9:110,13:1:0:256,15:1:13:110,17:1:15:110","m,a,s,p",9.0,65536.0,0.0,,6291456.0,,262144.0,":method,:authority,:scheme,:path"
trial-021,ce4686f2-9c24-401f-94c1-6b7bd6ec7338,2026-05-02 10:51:31.970970968+00:00,205.172.168.145,POST,/collect,HTTP/2.0,0.321,TLS 1.3,h2,TLS_AES_128_GCM_SHA256,uxbehaviorsuite.com,True,4ed5dc12f866c3ea777ccac40c608396,t13d1516h2_8daaf6152771_d8a2da3f94cd,"h2,http/1.1",h2,2,True,True,0.0,h2_first,"2570,772,771","TLS 1.3,TLS 1.2",2,True,True,True,False,0.0,TLS1.3+TLS1.2,True,15,True,0.0,"2570,4865,4866,4867,49195,49199,49196,49200,52393,52392,49171,49172,156,157,47,53",TLS_AES_128_GCM_SHA256_TLS_AES_256_GCM_SHA384_TLS_CHACHA20_POLY1305_SHA256_ECDHE-ECDSA-AES128-GCM_ECDHE-RSA-AES128-GCM_ECDHE-ECDSA-AES256-GCM_ECDHE-RSA-AES256-GCM_ECDHE-ECDSA-CHACHA20_ECDHE-RSA-CHACHA20_ECDHE-RSA-AES128-CBC_ECDHE-RSA-AES256-CBC_RSA-AES128-GCM_RSA-AES256-GCM_RSA-AES128-CBC_RSA-AES256-CBC,4,True,0.0,"2570,4588,29,23,24",X25519MLKEM768_x25519_secp256r1_secp384r1,8,False,,"1027,2052,1025,1283,2053,1281,2054,1537",ecdsa_secp256r1_sha256_rsa_pss_rsae_sha256_rsa_pkcs1_sha256_ecdsa_secp384r1_sha384_rsa_pss_rsae_sha384_rsa_pkcs1_sha384_rsa_pss_rsae_sha512_rsa_pkcs1_sha512,True,t13d1516h2,8daaf6152771,d8a2da3f94cd,t,13,d,15,16,h2,"1:65536;2:0;4:6291456;6:262144|15663105|1:1:0:256,3:1:0:220,5:1:0:256,7:1:5:110,9:1:7:110,11:1:9:110,13:1:0:256,15:1:13:110,17:1:15:110,19:1:17:110|m,a,s,p",1:65536;2:0;4:6291456;6:262144,15663105.0,"1:1:0:256,3:1:0:220,5:1:0:256,7:1:5:110,9:1:7:110,11:1:9:110,13:1:0:256,15:1:13:110,17:1:15:110,19:1:17:110","m,a,s,p",10.0,65536.0,0.0,,6291456.0,,262144.0,":method,:authority,:scheme,:path"
trial-021,75a228cd-5dbd-4456-9ecf-58449f13b64f,2026-05-02 10:52:45.359773002+00:00,185.12.59.118,GET,/Dr0v,HTTP/1.1,0.112,TLS 1.3,,TLS_CHACHA20_POLY1305_SHA256,,False,35fa0a83e466acbec1cfbb9016d550ab,t13i190800_9dc949149365_97f8aa674fd9,,,0,False,False,,none,"772,771,770,769","TLS 1.3,TLS 1.2,TLS 1.1,TLS 1.0",4,False,True,True,True,,TLS1.3+TLS1.2+TLS1.1+TLS1.0,True,19,False,,"52392,52393,49199,49200,49195,49196,49171,49161,49172,49162,156,157,47,53,49170,10,4867,4865,4866",ECDHE-RSA-CHACHA20_ECDHE-ECDSA-CHACHA20_ECDHE-RSA-AES128-GCM_ECDHE-RSA-AES256-GCM_ECDHE-ECDSA-AES128-GCM_ECDHE-ECDSA-AES256-GCM_ECDHE-RSA-AES128-CBC_49161_ECDHE-RSA-AES256-CBC_49162_RSA-AES128-GCM_RSA-AES256-GCM_RSA-AES128-CBC_RSA-AES256-CBC_49170_10_TLS_CHACHA20_POLY1305_SHA256_TLS_AES_128_GCM_SHA256_TLS_AES_256_GCM_SHA384,4,False,,"29,23,24,25",x25519_secp256r1_secp384r1_secp521r1,12,False,,"2052,1027,2055,2053,2054,1025,1281,1537,1283,1539,513,515",rsa_pss_rsae_sha256_ecdsa_secp256r1_sha256_2055_rsa_pss_rsae_sha384_rsa_pss_rsae_sha512_rsa_pkcs1_sha256_rsa_pkcs1_sha384_rsa_pkcs1_sha512_ecdsa_secp384r1_sha384_1539_513_ecdsa_sha1,False,t13i190800,9dc949149365,97f8aa674fd9,t,13,i,19,8,00,,,,,,,,,,,,,
trial-021,63f2b184-125d-4020-89dc-48378256bba7,2026-05-02 10:52:57.366779690+00:00,205.172.168.145,GET,/s2-scroll-gate.html,HTTP/2.0,0.418,TLS 1.3,h2,TLS_AES_128_GCM_SHA256,uxbehaviorsuite.com,True,4ed5dc12f866c3ea777ccac40c608396,t13d1516h2_8daaf6152771_d8a2da3f94cd,"h2,http/1.1",h2,2,True,True,0.0,h2_first,"2570,772,771","TLS 1.3,TLS 1.2",2,True,True,True,False,0.0,TLS1.3+TLS1.2,True,15,True,0.0,"2570,4865,4866,4867,49195,49199,49196,49200,52393,52392,49171,49172,156,157,47,53",TLS_AES_128_GCM_SHA256_TLS_AES_256_GCM_SHA384_TLS_CHACHA20_POLY1305_SHA256_ECDHE-ECDSA-AES128-GCM_ECDHE-RSA-AES128-GCM_ECDHE-ECDSA-AES256-GCM_ECDHE-RSA-AES256-GCM_ECDHE-ECDSA-CHACHA20_ECDHE-RSA-CHACHA20_ECDHE-RSA-AES128-CBC_ECDHE-RSA-AES256-CBC_RSA-AES128-GCM_RSA-AES256-GCM_RSA-AES128-CBC_RSA-AES256-CBC,4,True,0.0,"2570,4588,29,23,24",X25519MLKEM768_x25519_secp256r1_secp384r1,8,False,,"1027,2052,1025,1283,2053,1281,2054,1537",ecdsa_secp256r1_sha256_rsa_pss_rsae_sha256_rsa_pkcs1_sha256_ecdsa_secp384r1_sha384_rsa_pss_rsae_sha384_rsa_pkcs1_sha384_rsa_pss_rsae_sha512_rsa_pkcs1_sha512,True,t13d1516h2,8daaf6152771,d8a2da3f94cd,t,13,d,15,16,h2,"1:65536;2:0;4:6291456;6:262144|15663105|1:1:0:256,3:1:0:220,5:1:0:256,7:1:5:110,9:1:7:110,11:1:9:110,13:1:0:256,15:1:13:110,17:1:15:110,19:1:17:110,21:1:0:256|m,a,s,p",1:65536;2:0;4:6291456;6:262144,15663105.0,"1:1:0:256,3:1:0:220,5:1:0:256,7:1:5:110,9:1:7:110,11:1:9:110,13:1:0:256,15:1:13:110,17:1:15:110,19:1:17:110,21:1:0:256","m,a,s,p",11.0,65536.0,0.0,,6291456.0,,262144.0,":method,:authority,:scheme,:path"
trial-021,57c531e5-e86d-4cdf-93fc-505072bd4b90,2026-05-02 10:52:57.367814353+00:00,205.172.168.145,POST,/collect,HTTP/2.0,0.372,TLS 1.3,h2,TLS_AES_128_GCM_SHA256,uxbehaviorsuite.com,True,4ed5dc12f866c3ea777ccac40c608396,t13d1516h2_8daaf6152771_d8a2da3f94cd,"h2,http/1.1",h2,2,True,True,0.0,h2_first,"2570,772,771","TLS 1.3,TLS 1.2",2,True,True,True,False,0.0,TLS1.3+TLS1.2,True,15,True,0.0,"2570,4865,4866,4867,49195,49199,49196,49200,52393,52392,49171,49172,156,157,47,53",TLS_AES_128_GCM_SHA256_TLS_AES_256_GCM_SHA384_TLS_CHACHA20_POLY1305_SHA256_ECDHE-ECDSA-AES128-GCM_ECDHE-RSA-AES128-GCM_ECDHE-ECDSA-AES256-GCM_ECDHE-RSA-AES256-GCM_ECDHE-ECDSA-CHACHA20_ECDHE-RSA-CHACHA20_ECDHE-RSA-AES128-CBC_ECDHE-RSA-AES256-CBC_RSA-AES128-GCM_RSA-AES256-GCM_RSA-AES128-CBC_RSA-AES256-CBC,4,True,0.0,"2570,4588,29,23,24",X25519MLKEM768_x25519_secp256r1_secp384r1,8,False,,"1027,2052,1025,1283,2053,1281,2054,1537",ecdsa_secp256r1_sha256_rsa_pss_rsae_sha256_rsa_pkcs1_sha256_ecdsa_secp384r1_sha384_rsa_pss_rsae_sha384_rsa_pkcs1_sha384_rsa_pss_rsae_sha512_rsa_pkcs1_sha512,True,t13d1516h2,8daaf6152771,d8a2da3f94cd,t,13,d,15,16,h2,"1:65536;2:0;4:6291456;6:262144|15663105|1:1:0:256,3:1:0:220,5:1:0:256,7:1:5:110,9:1:7:110,11:1:9:110,13:1:0:256,15:1:13:110,17:1:15:110,19:1:17:110,21:1:0:256,23:1:21:110|m,a,s,p",1:65536;2:0;4:6291456;6:262144,15663105.0,"1:1:0:256,3:1:0:220,5:1:0:256,7:1:5:110,9:1:7:110,11:1:9:110,13:1:0:256,15:1:13:110,17:1:15:110,19:1:17:110,21:1:0:256,23:1:21:110","m,a,s,p",12.0,65536.0,0.0,,6291456.0,,262144.0,":method,:authority,:scheme,:path"
trial-021,3b46524b-0dfd-412f-9f72-516e56c8dc01,2026-05-02 10:52:57.387661109+00:00,205.172.168.145,POST,/collect,HTTP/2.0,0.227,TLS 1.3,h2,TLS_AES_128_GCM_SHA256,uxbehaviorsuite.com,True,4ed5dc12f866c3ea777ccac40c608396,t13d1516h2_8daaf6152771_d8a2da3f94cd,"h2,http/1.1",h2,2,True,True,0.0,h2_first,"2570,772,771","TLS 1.3,TLS 1.2",2,True,True,True,False,0.0,TLS1.3+TLS1.2,True,15,True,0.0,"2570,4865,4866,4867,49195,49199,49196,49200,52393,52392,49171,49172,156,157,47,53",TLS_AES_128_GCM_SHA256_TLS_AES_256_GCM_SHA384_TLS_CHACHA20_POLY1305_SHA256_ECDHE-ECDSA-AES128-GCM_ECDHE-RSA-AES128-GCM_ECDHE-ECDSA-AES256-GCM_ECDHE-RSA-AES256-GCM_ECDHE-ECDSA-CHACHA20_ECDHE-RSA-CHACHA20_ECDHE-RSA-AES128-CBC_ECDHE-RSA-AES256-CBC_RSA-AES128-GCM_RSA-AES256-GCM_RSA-AES128-CBC_RSA-AES256-CBC,4,True,0.0,"2570,4588,29,23,24",X25519MLKEM768_x25519_secp256r1_secp384r1,8,False,,"1027,2052,1025,1283,2053,1281,2054,1537",ecdsa_secp256r1_sha256_rsa_pss_rsae_sha256_rsa_pkcs1_sha256_ecdsa_secp384r1_sha384_rsa_pss_rsae_sha384_rsa_pkcs1_sha384_rsa_pss_rsae_sha512_rsa_pkcs1_sha512,True,t13d1516h2,8daaf6152771,d8a2da3f94cd,t,13,d,15,16,h2,"1:65536;2:0;4:6291456;6:262144|15663105|1:1:0:256,3:1:0:220,5:1:0:256,7:1:5:110,9:1:7:110,11:1:9:110,13:1:0:256,15:1:13:110,17:1:15:110,19:1:17:110,21:1:0:256,23:1:21:110,25:1:23:110|m,a,s,p",1:65536;2:0;4:6291456;6:262144,15663105.0,"1:1:0:256,3:1:0:220,5:1:0:256,7:1:5:110,9:1:7:110,11:1:9:110,13:1:0:256,15:1:13:110,17:1:15:110,19:1:17:110,21:1:0:256,23:1:21:110,25:1:23:110","m,a,s,p",13.0,65536.0,0.0,,6291456.0,,262144.0,":method,:authority,:scheme,:path"
trial-021,1bbce615-9fed-45cc-88a9-64720e11471e,2026-05-02 10:52:57.391631093+00:00,205.172.168.145,POST,/collect,HTTP/2.0,0.219,TLS 1.3,h2,TLS_AES_128_GCM_SHA256,uxbehaviorsuite.com,True,4ed5dc12f866c3ea777ccac40c608396,t13d1516h2_8daaf6152771_d8a2da3f94cd,"h2,http/1.1",h2,2,True,True,0.0,h2_first,"2570,772,771","TLS 1.3,TLS 1.2",2,True,True,True,False,0.0,TLS1.3+TLS1.2,True,15,True,0.0,"2570,4865,4866,4867,49195,49199,49196,49200,52393,52392,49171,49172,156,157,47,53",TLS_AES_128_GCM_SHA256_TLS_AES_256_GCM_SHA384_TLS_CHACHA20_POLY1305_SHA256_ECDHE-ECDSA-AES128-GCM_ECDHE-RSA-AES128-GCM_ECDHE-ECDSA-AES256-GCM_ECDHE-RSA-AES256-GCM_ECDHE-ECDSA-CHACHA20_ECDHE-RSA-CHACHA20_ECDHE-RSA-AES128-CBC_ECDHE-RSA-AES256-CBC_RSA-AES128-GCM_RSA-AES256-GCM_RSA-AES128-CBC_RSA-AES256-CBC,4,True,0.0,"2570,4588,29,23,24",X25519MLKEM768_x25519_secp256r1_secp384r1,8,False,,"1027,2052,1025,1283,2053,1281,2054,1537",ecdsa_secp256r1_sha256_rsa_pss_rsae_sha256_rsa_pkcs1_sha256_ecdsa_secp384r1_sha384_rsa_pss_rsae_sha384_rsa_pkcs1_sha384_rsa_pss_rsae_sha512_rsa_pkcs1_sha512,True,t13d1516h2,8daaf6152771,d8a2da3f94cd,t,13,d,15,16,h2,"1:65536;2:0;4:6291456;6:262144|15663105|1:1:0:256,3:1:0:220,5:1:0:256,7:1:5:110,9:1:7:110,11:1:9:110,13:1:0:256,15:1:13:110,17:1:15:110,19:1:17:110,21:1:0:256,23:1:21:110,25:1:23:110,27:1:25:110|m,a,s,p",1:65536;2:0;4:6291456;6:262144,15663105.0,"1:1:0:256,3:1:0:220,5:1:0:256,7:1:5:110,9:1:7:110,11:1:9:110,13:1:0:256,15:1:13:110,17:1:15:110,19:1:17:110,21:1:0:256,23:1:21:110,25:1:23:110,27:1:25:110","m,a,s,p",14.0,65536.0,0.0,,6291456.0,,262144.0,":method,:authority,:scheme,:path"
trial-021,d7478089-67fc-410b-8fad-708a117fa4f3,2026-05-02 10:53:49.239226233+00:00,205.172.168.145,GET,/s3-hover-reveal.html,HTTP/2.0,1.129,TLS 1.3,h2,TLS_AES_128_GCM_SHA256,uxbehaviorsuite.com,True,4ed5dc12f866c3ea777ccac40c608396,t13d1516h2_8daaf6152771_d8a2da3f94cd,"h2,http/1.1",h2,2,True,True,0.0,h2_first,"2570,772,771","TLS 1.3,TLS 1.2",2,True,True,True,False,0.0,TLS1.3+TLS1.2,True,15,True,0.0,"2570,4865,4866,4867,49195,49199,49196,49200,52393,52392,49171,49172,156,157,47,53",TLS_AES_128_GCM_SHA256_TLS_AES_256_GCM_SHA384_TLS_CHACHA20_POLY1305_SHA256_ECDHE-ECDSA-AES128-GCM_ECDHE-RSA-AES128-GCM_ECDHE-ECDSA-AES256-GCM_ECDHE-RSA-AES256-GCM_ECDHE-ECDSA-CHACHA20_ECDHE-RSA-CHACHA20_ECDHE-RSA-AES128-CBC_ECDHE-RSA-AES256-CBC_RSA-AES128-GCM_RSA-AES256-GCM_RSA-AES128-CBC_RSA-AES256-CBC,4,True,0.0,"2570,4588,29,23,24",X25519MLKEM768_x25519_secp256r1_secp384r1,8,False,,"1027,2052,1025,1283,2053,1281,2054,1537",ecdsa_secp256r1_sha256_rsa_pss_rsae_sha256_rsa_pkcs1_sha256_ecdsa_secp384r1_sha384_rsa_pss_rsae_sha384_rsa_pkcs1_sha384_rsa_pss_rsae_sha512_rsa_pkcs1_sha512,True,t13d1516h2,8daaf6152771,d8a2da3f94cd,t,13,d,15,16,h2,"1:65536;2:0;4:6291456;6:262144|15663105|1:1:0:256,3:1:0:220,5:1:0:256,7:1:5:110,9:1:7:110,11:1:9:110,13:1:0:256,15:1:13:110,17:1:15:110,19:1:17:110,21:1:0:256,23:1:21:110,25:1:23:110,27:1:25:110,29:1:0:256,31:1:29:110|m,a,s,p",1:65536;2:0;4:6291456;6:262144,15663105.0,"1:1:0:256,3:1:0:220,5:1:0:256,7:1:5:110,9:1:7:110,11:1:9:110,13:1:0:256,15:1:13:110,17:1:15:110,19:1:17:110,21:1:0:256,23:1:21:110,25:1:23:110,27:1:25:110,29:1:0:256,31:1:29:110","m,a,s,p",16.0,65536.0,0.0,,6291456.0,,262144.0,":method,:authority,:scheme,:path"
trial-021,0f876a8f-ef59-4445-837c-bd7d7ddbf0d1,2026-05-02 10:53:49.239334033+00:00,205.172.168.145,POST,/collect,HTTP/2.0,0.344,TLS 1.3,h2,TLS_AES_128_GCM_SHA256,uxbehaviorsuite.com,True,4ed5dc12f866c3ea777ccac40c608396,t13d1516h2_8daaf6152771_d8a2da3f94cd,"h2,http/1.1",h2,2,True,True,0.0,h2_first,"2570,772,771","TLS 1.3,TLS 1.2",2,True,True,True,False,0.0,TLS1.3+TLS1.2,True,15,True,0.0,"2570,4865,4866,4867,49195,49199,49196,49200,52393,52392,49171,49172,156,157,47,53",TLS_AES_128_GCM_SHA256_TLS_AES_256_GCM_SHA384_TLS_CHACHA20_POLY1305_SHA256_ECDHE-ECDSA-AES128-GCM_ECDHE-RSA-AES128-GCM_ECDHE-ECDSA-AES256-GCM_ECDHE-RSA-AES256-GCM_ECDHE-ECDSA-CHACHA20_ECDHE-RSA-CHACHA20_ECDHE-RSA-AES128-CBC_ECDHE-RSA-AES256-CBC_RSA-AES128-GCM_RSA-AES256-GCM_RSA-AES128-CBC_RSA-AES256-CBC,4,True,0.0,"2570,4588,29,23,24",X25519MLKEM768_x25519_secp256r1_secp384r1,8,False,,"1027,2052,1025,1283,2053,1281,2054,1537",ecdsa_secp256r1_sha256_rsa_pss_rsae_sha256_rsa_pkcs1_sha256_ecdsa_secp384r1_sha384_rsa_pss_rsae_sha384_rsa_pkcs1_sha384_rsa_pss_rsae_sha512_rsa_pkcs1_sha512,True,t13d1516h2,8daaf6152771,d8a2da3f94cd,t,13,d,15,16,h2,"1:65536;2:0;4:6291456;6:262144|15663105|1:1:0:256,3:1:0:220,5:1:0:256,7:1:5:110,9:1:7:110,11:1:9:110,13:1:0:256,15:1:13:110,17:1:15:110,19:1:17:110,21:1:0:256,23:1:21:110,25:1:23:110,27:1:25:110,29:1:0:256,31:1:29:110|m,a,s,p",1:65536;2:0;4:6291456;6:262144,15663105.0,"1:1:0:256,3:1:0:220,5:1:0:256,7:1:5:110,9:1:7:110,11:1:9:110,13:1:0:256,15:1:13:110,17:1:15:110,19:1:17:110,21:1:0:256,23:1:21:110,25:1:23:110,27:1:25:110,29:1:0:256,31:1:29:110","m,a,s,p",16.0,65536.0,0.0,,6291456.0,,262144.0,":method,:authority,:scheme,:path"
trial-021,7a51299a-26c5-418b-befe-2a3adc7adea1,2026-05-02 10:53:49.260359140+00:00,205.172.168.145,POST,/collect,HTTP/2.0,0.224,TLS 1.3,h2,TLS_AES_128_GCM_SHA256,uxbehaviorsuite.com,True,4ed5dc12f866c3ea777ccac40c608396,t13d1516h2_8daaf6152771_d8a2da3f94cd,"h2,http/1.1",h2,2,True,True,0.0,h2_first,"2570,772,771","TLS 1.3,TLS 1.2",2,True,True,True,False,0.0,TLS1.3+TLS1.2,True,15,True,0.0,"2570,4865,4866,4867,49195,49199,49196,49200,52393,52392,49171,49172,156,157,47,53",TLS_AES_128_GCM_SHA256_TLS_AES_256_GCM_SHA384_TLS_CHACHA20_POLY1305_SHA256_ECDHE-ECDSA-AES128-GCM_ECDHE-RSA-AES128-GCM_ECDHE-ECDSA-AES256-GCM_ECDHE-RSA-AES256-GCM_ECDHE-ECDSA-CHACHA20_ECDHE-RSA-CHACHA20_ECDHE-RSA-AES128-CBC_ECDHE-RSA-AES256-CBC_RSA-AES128-GCM_RSA-AES256-GCM_RSA-AES128-CBC_RSA-AES256-CBC,4,True,0.0,"2570,4588,29,23,24",X25519MLKEM768_x25519_secp256r1_secp384r1,8,False,,"1027,2052,1025,1283,2053,1281,2054,1537",ecdsa_secp256r1_sha256_rsa_pss_rsae_sha256_rsa_pkcs1_sha256_ecdsa_secp384r1_sha384_rsa_pss_rsae_sha384_rsa_pkcs1_sha384_rsa_pss_rsae_sha512_rsa_pkcs1_sha512,True,t13d1516h2,8daaf6152771,d8a2da3f94cd,t,13,d,15,16,h2,"1:65536;2:0;4:6291456;6:262144|15663105|1:1:0:256,3:1:0:220,5:1:0:256,7:1:5:110,9:1:7:110,11:1:9:110,13:1:0:256,15:1:13:110,17:1:15:110,19:1:17:110,21:1:0:256,23:1:21:110,25:1:23:110,27:1:25:110,29:1:0:256,31:1:29:110,33:1:0:110|m,a,s,p",1:65536;2:0;4:6291456;6:262144,15663105.0,"1:1:0:256,3:1:0:220,5:1:0:256,7:1:5:110,9:1:7:110,11:1:9:110,13:1:0:256,15:1:13:110,17:1:15:110,19:1:17:110,21:1:0:256,23:1:21:110,25:1:23:110,27:1:25:110,29:1:0:256,31:1:29:110,33:1:0:110","m,a,s,p",17.0,65536.0,0.0,,6291456.0,,262144.0,":method,:authority,:scheme,:path"
trial-021,f517274c-84b2-484f-ae93-a113b010c4c8,2026-05-02 10:53:49.261976037+00:00,205.172.168.145,POST,/collect,HTTP/2.0,0.284,TLS 1.3,h2,TLS_AES_128_GCM_SHA256,uxbehaviorsuite.com,True,4ed5dc12f866c3ea777ccac40c608396,t13d1516h2_8daaf6152771_d8a2da3f94cd,"h2,http/1.1",h2,2,True,True,0.0,h2_first,"2570,772,771","TLS 1.3,TLS 1.2",2,True,True,True,False,0.0,TLS1.3+TLS1.2,True,15,True,0.0,"2570,4865,4866,4867,49195,49199,49196,49200,52393,52392,49171,49172,156,157,47,53",TLS_AES_128_GCM_SHA256_TLS_AES_256_GCM_SHA384_TLS_CHACHA20_POLY1305_SHA256_ECDHE-ECDSA-AES128-GCM_ECDHE-RSA-AES128-GCM_ECDHE-ECDSA-AES256-GCM_ECDHE-RSA-AES256-GCM_ECDHE-ECDSA-CHACHA20_ECDHE-RSA-CHACHA20_ECDHE-RSA-AES128-CBC_ECDHE-RSA-AES256-CBC_RSA-AES128-GCM_RSA-AES256-GCM_RSA-AES128-CBC_RSA-AES256-CBC,4,True,0.0,"2570,4588,29,23,24",X25519MLKEM768_x25519_secp256r1_secp384r1,8,False,,"1027,2052,1025,1283,2053,1281,2054,1537",ecdsa_secp256r1_sha256_rsa_pss_rsae_sha256_rsa_pkcs1_sha256_ecdsa_secp384r1_sha384_rsa_pss_rsae_sha384_rsa_pkcs1_sha384_rsa_pss_rsae_sha512_rsa_pkcs1_sha512,True,t13d1516h2,8daaf6152771,d8a2da3f94cd,t,13,d,15,16,h2,"1:65536;2:0;4:6291456;6:262144|15663105|1:1:0:256,3:1:0:220,5:1:0:256,7:1:5:110,9:1:7:110,11:1:9:110,13:1:0:256,15:1:13:110,17:1:15:110,19:1:17:110,21:1:0:256,23:1:21:110,25:1:23:110,27:1:25:110,29:1:0:256,31:1:29:110,33:1:0:110,35:1:33:110|m,a,s,p",1:65536;2:0;4:6291456;6:262144,15663105.0,"1:1:0:256,3:1:0:220,5:1:0:256,7:1:5:110,9:1:7:110,11:1:9:110,13:1:0:256,15:1:13:110,17:1:15:110,19:1:17:110,21:1:0:256,23:1:21:110,25:1:23:110,27:1:25:110,29:1:0:256,31:1:29:110,33:1:0:110,35:1:33:110","m,a,s,p",18.0,65536.0,0.0,,6291456.0,,262144.0,":method,:authority,:scheme,:path"
trial-021,69f2275c-2f6e-4454-973e-a0c2183baa7a,2026-05-02 10:54:58.388394315+00:00,66.132.172.44,GET,/robots.txt,HTTP/1.1,0.195,TLS 1.3,,TLS_CHACHA20_POLY1305_SHA256,,False,35fa0a83e466acbec1cfbb9016d550ab,t13i190800_9dc949149365_97f8aa674fd9,,,0,False,False,,none,"772,771,770,769","TLS 1.3,TLS 1.2,TLS 1.1,TLS 1.0",4,False,True,True,True,,TLS1.3+TLS1.2+TLS1.1+TLS1.0,True,19,False,,"52392,52393,49199,49200,49195,49196,49171,49161,49172,49162,156,157,47,53,49170,10,4867,4865,4866",ECDHE-RSA-CHACHA20_ECDHE-ECDSA-CHACHA20_ECDHE-RSA-AES128-GCM_ECDHE-RSA-AES256-GCM_ECDHE-ECDSA-AES128-GCM_ECDHE-ECDSA-AES256-GCM_ECDHE-RSA-AES128-CBC_49161_ECDHE-RSA-AES256-CBC_49162_RSA-AES128-GCM_RSA-AES256-GCM_RSA-AES128-CBC_RSA-AES256-CBC_49170_10_TLS_CHACHA20_POLY1305_SHA256_TLS_AES_128_GCM_SHA256_TLS_AES_256_GCM_SHA384,4,False,,"29,23,24,25",x25519_secp256r1_secp384r1_secp521r1,12,False,,"2052,1027,2055,2053,2054,1025,1281,1537,1283,1539,513,515",rsa_pss_rsae_sha256_ecdsa_secp256r1_sha256_2055_rsa_pss_rsae_sha384_rsa_pss_rsae_sha512_rsa_pkcs1_sha256_rsa_pkcs1_sha384_rsa_pkcs1_sha512_ecdsa_secp384r1_sha384_1539_513_ecdsa_sha1,False,t13i190800,9dc949149365,97f8aa674fd9,t,13,i,19,8,00,,,,,,,,,,,,,
trial-021,af845f3a-72f4-4416-bfc3-d4b0cb2ac85c,2026-05-02 10:55:04.317317833+00:00,66.132.172.44,GET,/favicon.ico,HTTP/1.1,0.114,TLS 1.3,,TLS_AES_128_GCM_SHA256,,False,725543c78edf669194c11dc7a039b56e,t13i131000_f57a46bbacb6_ab7e3b40a677,,,0,False,False,,none,"772,771","TLS 1.3,TLS 1.2",2,False,True,True,False,,TLS1.3+TLS1.2,True,13,False,,"49195,49199,49196,49200,52393,52392,49161,49171,49162,49172,4865,4866,4867",ECDHE-ECDSA-AES128-GCM_ECDHE-RSA-AES128-GCM_ECDHE-ECDSA-AES256-GCM_ECDHE-RSA-AES256-GCM_ECDHE-ECDSA-CHACHA20_ECDHE-RSA-CHACHA20_49161_ECDHE-RSA-AES128-CBC_49162_ECDHE-RSA-AES256-CBC_TLS_AES_128_GCM_SHA256_TLS_AES_256_GCM_SHA384_TLS_CHACHA20_POLY1305_SHA256,7,False,,"4588,4587,4589,29,23,24,25",X25519MLKEM768_4587_4589_x25519_secp256r1_secp384r1_secp521r1,10,False,,"2052,1027,2055,2053,2054,1025,1281,1537,1283,1539",rsa_pss_rsae_sha256_ecdsa_secp256r1_sha256_2055_rsa_pss_rsae_sha384_rsa_pss_rsae_sha512_rsa_pkcs1_sha256_rsa_pkcs1_sha384_rsa_pkcs1_sha512_ecdsa_secp384r1_sha384_1539,True,t13i131000,f57a46bbacb6,ab7e3b40a677,t,13,i,13,10,00,,,,,,,,,,,,,
trial-021,c8dd87ea-bf30-47ae-95a0-80f0c70916e5,2026-05-02 10:55:09.638212765+00:00,66.132.172.44,GET,/3bn52tgh9k_vz,HTTP/1.1,0.118,TLS 1.3,,TLS_CHACHA20_POLY1305_SHA256,,False,35fa0a83e466acbec1cfbb9016d550ab,t13i190800_9dc949149365_97f8aa674fd9,,,0,False,False,,none,"772,771,770,769","TLS 1.3,TLS 1.2,TLS 1.1,TLS 1.0",4,False,True,True,True,,TLS1.3+TLS1.2+TLS1.1+TLS1.0,True,19,False,,"52392,52393,49199,49200,49195,49196,49171,49161,49172,49162,156,157,47,53,49170,10,4867,4865,4866",ECDHE-RSA-CHACHA20_ECDHE-ECDSA-CHACHA20_ECDHE-RSA-AES128-GCM_ECDHE-RSA-AES256-GCM_ECDHE-ECDSA-AES128-GCM_ECDHE-ECDSA-AES256-GCM_ECDHE-RSA-AES128-CBC_49161_ECDHE-RSA-AES256-CBC_49162_RSA-AES128-GCM_RSA-AES256-GCM_RSA-AES128-CBC_RSA-AES256-CBC_49170_10_TLS_CHACHA20_POLY1305_SHA256_TLS_AES_128_GCM_SHA256_TLS_AES_256_GCM_SHA384,4,False,,"29,23,24,25",x25519_secp256r1_secp384r1_secp521r1,12,False,,"2052,1027,2055,2053,2054,1025,1281,1537,1283,1539,513,515",rsa_pss_rsae_sha256_ecdsa_secp256r1_sha256_2055_rsa_pss_rsae_sha384_rsa_pss_rsae_sha512_rsa_pkcs1_sha256_rsa_pkcs1_sha384_rsa_pkcs1_sha512_ecdsa_secp384r1_sha384_1539_513_ecdsa_sha1,False,t13i190800,9dc949149365,97f8aa674fd9,t,13,i,19,8,00,,,,,,,,,,,,,
trial-021,550fc601-fa8f-41d8-ad05-0cc05746e54c,2026-05-02 10:55:17.697917403+00:00,205.172.168.145,GET,/s4-dom-mismatch.html,HTTP/2.0,0.726,TLS 1.3,h2,TLS_AES_128_GCM_SHA256,uxbehaviorsuite.com,True,4ed5dc12f866c3ea777ccac40c608396,t13d1516h2_8daaf6152771_d8a2da3f94cd,"h2,http/1.1",h2,2,True,True,0.0,h2_first,"2570,772,771","TLS 1.3,TLS 1.2",2,True,True,True,False,0.0,TLS1.3+TLS1.2,True,15,True,0.0,"2570,4865,4866,4867,49195,49199,49196,49200,52393,52392,49171,49172,156,157,47,53",TLS_AES_128_GCM_SHA256_TLS_AES_256_GCM_SHA384_TLS_CHACHA20_POLY1305_SHA256_ECDHE-ECDSA-AES128-GCM_ECDHE-RSA-AES128-GCM_ECDHE-ECDSA-AES256-GCM_ECDHE-RSA-AES256-GCM_ECDHE-ECDSA-CHACHA20_ECDHE-RSA-CHACHA20_ECDHE-RSA-AES128-CBC_ECDHE-RSA-AES256-CBC_RSA-AES128-GCM_RSA-AES256-GCM_RSA-AES128-CBC_RSA-AES256-CBC,4,True,0.0,"2570,4588,29,23,24",X25519MLKEM768_x25519_secp256r1_secp384r1,8,False,,"1027,2052,1025,1283,2053,1281,2054,1537",ecdsa_secp256r1_sha256_rsa_pss_rsae_sha256_rsa_pkcs1_sha256_ecdsa_secp384r1_sha384_rsa_pss_rsae_sha384_rsa_pkcs1_sha384_rsa_pss_rsae_sha512_rsa_pkcs1_sha512,True,t13d1516h2,8daaf6152771,d8a2da3f94cd,t,13,d,15,16,h2,"1:65536;2:0;4:6291456;6:262144|15663105|1:1:0:256,3:1:0:220,5:1:0:256,7:1:5:110,9:1:7:110,11:1:9:110,13:1:0:256,15:1:13:110,17:1:15:110,19:1:17:110,21:1:0:256,23:1:21:110,25:1:23:110,27:1:25:110,29:1:0:256,31:1:29:110,33:1:0:110,35:1:33:110,37:1:0:256|m,a,s,p",1:65536;2:0;4:6291456;6:262144,15663105.0,"1:1:0:256,3:1:0:220,5:1:0:256,7:1:5:110,9:1:7:110,11:1:9:110,13:1:0:256,15:1:13:110,17:1:15:110,19:1:17:110,21:1:0:256,23:1:21:110,25:1:23:110,27:1:25:110,29:1:0:256,31:1:29:110,33:1:0:110,35:1:33:110,37:1:0:256","m,a,s,p",19.0,65536.0,0.0,,6291456.0,,262144.0,":method,:authority,:scheme,:path"
trial-021,4e718e1c-8f86-4a41-992f-f82a265fac86,2026-05-02 10:55:17.698424085+00:00,205.172.168.145,POST,/collect,HTTP/2.0,0.496,TLS 1.3,h2,TLS_AES_128_GCM_SHA256,uxbehaviorsuite.com,True,4ed5dc12f866c3ea777ccac40c608396,t13d1516h2_8daaf6152771_d8a2da3f94cd,"h2,http/1.1",h2,2,True,True,0.0,h2_first,"2570,772,771","TLS 1.3,TLS 1.2",2,True,True,True,False,0.0,TLS1.3+TLS1.2,True,15,True,0.0,"2570,4865,4866,4867,49195,49199,49196,49200,52393,52392,49171,49172,156,157,47,53",TLS_AES_128_GCM_SHA256_TLS_AES_256_GCM_SHA384_TLS_CHACHA20_POLY1305_SHA256_ECDHE-ECDSA-AES128-GCM_ECDHE-RSA-AES128-GCM_ECDHE-ECDSA-AES256-GCM_ECDHE-RSA-AES256-GCM_ECDHE-ECDSA-CHACHA20_ECDHE-RSA-CHACHA20_ECDHE-RSA-AES128-CBC_ECDHE-RSA-AES256-CBC_RSA-AES128-GCM_RSA-AES256-GCM_RSA-AES128-CBC_RSA-AES256-CBC,4,True,0.0,"2570,4588,29,23,24",X25519MLKEM768_x25519_secp256r1_secp384r1,8,False,,"1027,2052,1025,1283,2053,1281,2054,1537",ecdsa_secp256r1_sha256_rsa_pss_rsae_sha256_rsa_pkcs1_sha256_ecdsa_secp384r1_sha384_rsa_pss_rsae_sha384_rsa_pkcs1_sha384_rsa_pss_rsae_sha512_rsa_pkcs1_sha512,True,t13d1516h2,8daaf6152771,d8a2da3f94cd,t,13,d,15,16,h2,"1:65536;2:0;4:6291456;6:262144|15663105|1:1:0:256,3:1:0:220,5:1:0:256,7:1:5:110,9:1:7:110,11:1:9:110,13:1:0:256,15:1:13:110,17:1:15:110,19:1:17:110,21:1:0:256,23:1:21:110,25:1:23:110,27:1:25:110,29:1:0:256,31:1:29:110,33:1:0:110,35:1:33:110,37:1:0:256,39:1:37:110|m,a,s,p",1:65536;2:0;4:6291456;6:262144,15663105.0,"1:1:0:256,3:1:0:220,5:1:0:256,7:1:5:110,9:1:7:110,11:1:9:110,13:1:0:256,15:1:13:110,17:1:15:110,19:1:17:110,21:1:0:256,23:1:21:110,25:1:23:110,27:1:25:110,29:1:0:256,31:1:29:110,33:1:0:110,35:1:33:110,37:1:0:256,39:1:37:110","m,a,s,p",20.0,65536.0,0.0,,6291456.0,,262144.0,":method,:authority,:scheme,:path"
trial-021,453688ff-24cd-4faf-90bf-b584aba11022,2026-05-02 10:55:17.720904063+00:00,205.172.168.145,POST,/collect,HTTP/2.0,2.628,TLS 1.3,h2,TLS_AES_128_GCM_SHA256,uxbehaviorsuite.com,True,4ed5dc12f866c3ea777ccac40c608396,t13d1516h2_8daaf6152771_d8a2da3f94cd,"h2,http/1.1",h2,2,True,True,0.0,h2_first,"2570,772,771","TLS 1.3,TLS 1.2",2,True,True,True,False,0.0,TLS1.3+TLS1.2,True,15,True,0.0,"2570,4865,4866,4867,49195,49199,49196,49200,52393,52392,49171,49172,156,157,47,53",TLS_AES_128_GCM_SHA256_TLS_AES_256_GCM_SHA384_TLS_CHACHA20_POLY1305_SHA256_ECDHE-ECDSA-AES128-GCM_ECDHE-RSA-AES128-GCM_ECDHE-ECDSA-AES256-GCM_ECDHE-RSA-AES256-GCM_ECDHE-ECDSA-CHACHA20_ECDHE-RSA-CHACHA20_ECDHE-RSA-AES128-CBC_ECDHE-RSA-AES256-CBC_RSA-AES128-GCM_RSA-AES256-GCM_RSA-AES128-CBC_RSA-AES256-CBC,4,True,0.0,"2570,4588,29,23,24",X25519MLKEM768_x25519_secp256r1_secp384r1,8,False,,"1027,2052,1025,1283,2053,1281,2054,1537",ecdsa_secp256r1_sha256_rsa_pss_rsae_sha256_rsa_pkcs1_sha256_ecdsa_secp384r1_sha384_rsa_pss_rsae_sha384_rsa_pkcs1_sha384_rsa_pss_rsae_sha512_rsa_pkcs1_sha512,True,t13d1516h2,8daaf6152771,d8a2da3f94cd,t,13,d,15,16,h2,"1:65536;2:0;4:6291456;6:262144|15663105|1:1:0:256,3:1:0:220,5:1:0:256,7:1:5:110,9:1:7:110,11:1:9:110,13:1:0:256,15:1:13:110,17:1:15:110,19:1:17:110,21:1:0:256,23:1:21:110,25:1:23:110,27:1:25:110,29:1:0:256,31:1:29:110,33:1:0:110,35:1:33:110,37:1:0:256,39:1:37:110,41:1:39:110|m,a,s,p",1:65536;2:0;4:6291456;6:262144,15663105.0,"1:1:0:256,3:1:0:220,5:1:0:256,7:1:5:110,9:1:7:110,11:1:9:110,13:1:0:256,15:1:13:110,17:1:15:110,19:1:17:110,21:1:0:256,23:1:21:110,25:1:23:110,27:1:25:110,29:1:0:256,31:1:29:110,33:1:0:110,35:1:33:110,37:1:0:256,39:1:37:110,41:1:39:110","m,a,s,p",21.0,65536.0,0.0,,6291456.0,,262144.0,":method,:authority,:scheme,:path"
trial-021,b86436cb-e823-4f38-b094-d84455e18a6b,2026-05-02 10:55:17.723472532+00:00,205.172.168.145,POST,/collect,HTTP/2.0,0.222,TLS 1.3,h2,TLS_AES_128_GCM_SHA256,uxbehaviorsuite.com,True,4ed5dc12f866c3ea777ccac40c608396,t13d1516h2_8daaf6152771_d8a2da3f94cd,"h2,http/1.1",h2,2,True,True,0.0,h2_first,"2570,772,771","TLS 1.3,TLS 1.2",2,True,True,True,False,0.0,TLS1.3+TLS1.2,True,15,True,0.0,"2570,4865,4866,4867,49195,49199,49196,49200,52393,52392,49171,49172,156,157,47,53",TLS_AES_128_GCM_SHA256_TLS_AES_256_GCM_SHA384_TLS_CHACHA20_POLY1305_SHA256_ECDHE-ECDSA-AES128-GCM_ECDHE-RSA-AES128-GCM_ECDHE-ECDSA-AES256-GCM_ECDHE-RSA-AES256-GCM_ECDHE-ECDSA-CHACHA20_ECDHE-RSA-CHACHA20_ECDHE-RSA-AES128-CBC_ECDHE-RSA-AES256-CBC_RSA-AES128-GCM_RSA-AES256-GCM_RSA-AES128-CBC_RSA-AES256-CBC,4,True,0.0,"2570,4588,29,23,24",X25519MLKEM768_x25519_secp256r1_secp384r1,8,False,,"1027,2052,1025,1283,2053,1281,2054,1537",ecdsa_secp256r1_sha256_rsa_pss_rsae_sha256_rsa_pkcs1_sha256_ecdsa_secp384r1_sha384_rsa_pss_rsae_sha384_rsa_pkcs1_sha384_rsa_pss_rsae_sha512_rsa_pkcs1_sha512,True,t13d1516h2,8daaf6152771,d8a2da3f94cd,t,13,d,15,16,h2,"1:65536;2:0;4:6291456;6:262144|15663105|1:1:0:256,3:1:0:220,5:1:0:256,7:1:5:110,9:1:7:110,11:1:9:110,13:1:0:256,15:1:13:110,17:1:15:110,19:1:17:110,21:1:0:256,23:1:21:110,25:1:23:110,27:1:25:110,29:1:0:256,31:1:29:110,33:1:0:110,35:1:33:110,37:1:0:256,39:1:37:110,41:1:39:110,43:1:41:110|m,a,s,p",1:65536;2:0;4:6291456;6:262144,15663105.0,"1:1:0:256,3:1:0:220,5:1:0:256,7:1:5:110,9:1:7:110,11:1:9:110,13:1:0:256,15:1:13:110,17:1:15:110,19:1:17:110,21:1:0:256,23:1:21:110,25:1:23:110,27:1:25:110,29:1:0:256,31:1:29:110,33:1:0:110,35:1:33:110,37:1:0:256,39:1:37:110,41:1:39:110,43:1:41:110","m,a,s,p",22.0,65536.0,0.0,,6291456.0,,262144.0,":method,:authority,:scheme,:path"
trial-021,fd2d27f1-78dd-4c90-8377-6c4edfbabcaa,2026-05-02 10:56:11.503240819+00:00,205.172.168.145,GET,/s5-delayed-feedback.html,HTTP/2.0,0.569,TLS 1.3,h2,TLS_AES_128_GCM_SHA256,uxbehaviorsuite.com,True,4ed5dc12f866c3ea777ccac40c608396,t13d1516h2_8daaf6152771_d8a2da3f94cd,"h2,http/1.1",h2,2,True,True,0.0,h2_first,"2570,772,771","TLS 1.3,TLS 1.2",2,True,True,True,False,0.0,TLS1.3+TLS1.2,True,15,True,0.0,"2570,4865,4866,4867,49195,49199,49196,49200,52393,52392,49171,49172,156,157,47,53",TLS_AES_128_GCM_SHA256_TLS_AES_256_GCM_SHA384_TLS_CHACHA20_POLY1305_SHA256_ECDHE-ECDSA-AES128-GCM_ECDHE-RSA-AES128-GCM_ECDHE-ECDSA-AES256-GCM_ECDHE-RSA-AES256-GCM_ECDHE-ECDSA-CHACHA20_ECDHE-RSA-CHACHA20_ECDHE-RSA-AES128-CBC_ECDHE-RSA-AES256-CBC_RSA-AES128-GCM_RSA-AES256-GCM_RSA-AES128-CBC_RSA-AES256-CBC,4,True,0.0,"2570,4588,29,23,24",X25519MLKEM768_x25519_secp256r1_secp384r1,8,False,,"1027,2052,1025,1283,2053,1281,2054,1537",ecdsa_secp256r1_sha256_rsa_pss_rsae_sha256_rsa_pkcs1_sha256_ecdsa_secp384r1_sha384_rsa_pss_rsae_sha384_rsa_pkcs1_sha384_rsa_pss_rsae_sha512_rsa_pkcs1_sha512,True,t13d1516h2,8daaf6152771,d8a2da3f94cd,t,13,d,15,16,h2,"1:65536;2:0;4:6291456;6:262144|15663105|1:1:0:256,3:1:0:220,5:1:0:256,7:1:5:110,9:1:7:110,11:1:9:110,13:1:0:256,15:1:13:110,17:1:15:110,19:1:17:110,21:1:0:256,23:1:21:110,25:1:23:110,27:1:25:110,29:1:0:256,31:1:29:110,33:1:0:110,35:1:33:110,37:1:0:256,39:1:37:110,41:1:39:110,43:1:41:110,45:1:0:256,47:1:45:110|m,a,s,p",1:65536;2:0;4:6291456;6:262144,15663105.0,"1:1:0:256,3:1:0:220,5:1:0:256,7:1:5:110,9:1:7:110,11:1:9:110,13:1:0:256,15:1:13:110,17:1:15:110,19:1:17:110,21:1:0:256,23:1:21:110,25:1:23:110,27:1:25:110,29:1:0:256,31:1:29:110,33:1:0:110,35:1:33:110,37:1:0:256,39:1:37:110,41:1:39:110,43:1:41:110,45:1:0:256,47:1:45:110","m,a,s,p",24.0,65536.0,0.0,,6291456.0,,262144.0,":method,:authority,:scheme,:path"
trial-021,d463b807-e62b-462a-b8d7-a91abbce628e,2026-05-02 10:56:11.503402965+00:00,205.172.168.145,POST,/collect,HTTP/2.0,0.498,TLS 1.3,h2,TLS_AES_128_GCM_SHA256,uxbehaviorsuite.com,True,4ed5dc12f866c3ea777ccac40c608396,t13d1516h2_8daaf6152771_d8a2da3f94cd,"h2,http/1.1",h2,2,True,True,0.0,h2_first,"2570,772,771","TLS 1.3,TLS 1.2",2,True,True,True,False,0.0,TLS1.3+TLS1.2,True,15,True,0.0,"2570,4865,4866,4867,49195,49199,49196,49200,52393,52392,49171,49172,156,157,47,53",TLS_AES_128_GCM_SHA256_TLS_AES_256_GCM_SHA384_TLS_CHACHA20_POLY1305_SHA256_ECDHE-ECDSA-AES128-GCM_ECDHE-RSA-AES128-GCM_ECDHE-ECDSA-AES256-GCM_ECDHE-RSA-AES256-GCM_ECDHE-ECDSA-CHACHA20_ECDHE-RSA-CHACHA20_ECDHE-RSA-AES128-CBC_ECDHE-RSA-AES256-CBC_RSA-AES128-GCM_RSA-AES256-GCM_RSA-AES128-CBC_RSA-AES256-CBC,4,True,0.0,"2570,4588,29,23,24",X25519MLKEM768_x25519_secp256r1_secp384r1,8,False,,"1027,2052,1025,1283,2053,1281,2054,1537",ecdsa_secp256r1_sha256_rsa_pss_rsae_sha256_rsa_pkcs1_sha256_ecdsa_secp384r1_sha384_rsa_pss_rsae_sha384_rsa_pkcs1_sha384_rsa_pss_rsae_sha512_rsa_pkcs1_sha512,True,t13d1516h2,8daaf6152771,d8a2da3f94cd,t,13,d,15,16,h2,"1:65536;2:0;4:6291456;6:262144|15663105|1:1:0:256,3:1:0:220,5:1:0:256,7:1:5:110,9:1:7:110,11:1:9:110,13:1:0:256,15:1:13:110,17:1:15:110,19:1:17:110,21:1:0:256,23:1:21:110,25:1:23:110,27:1:25:110,29:1:0:256,31:1:29:110,33:1:0:110,35:1:33:110,37:1:0:256,39:1:37:110,41:1:39:110,43:1:41:110,45:1:0:256,47:1:45:110|m,a,s,p",1:65536;2:0;4:6291456;6:262144,15663105.0,"1:1:0:256,3:1:0:220,5:1:0:256,7:1:5:110,9:1:7:110,11:1:9:110,13:1:0:256,15:1:13:110,17:1:15:110,19:1:17:110,21:1:0:256,23:1:21:110,25:1:23:110,27:1:25:110,29:1:0:256,31:1:29:110,33:1:0:110,35:1:33:110,37:1:0:256,39:1:37:110,41:1:39:110,43:1:41:110,45:1:0:256,47:1:45:110","m,a,s,p",24.0,65536.0,0.0,,6291456.0,,262144.0,":method,:authority,:scheme,:path"
trial-021,8b02296c-e9bc-4d10-950d-4eb407e02296,2026-05-02 10:56:11.523053306+00:00,205.172.168.145,POST,/collect,HTTP/2.0,0.25,TLS 1.3,h2,TLS_AES_128_GCM_SHA256,uxbehaviorsuite.com,True,4ed5dc12f866c3ea777ccac40c608396,t13d1516h2_8daaf6152771_d8a2da3f94cd,"h2,http/1.1",h2,2,True,True,0.0,h2_first,"2570,772,771","TLS 1.3,TLS 1.2",2,True,True,True,False,0.0,TLS1.3+TLS1.2,True,15,True,0.0,"2570,4865,4866,4867,49195,49199,49196,49200,52393,52392,49171,49172,156,157,47,53",TLS_AES_128_GCM_SHA256_TLS_AES_256_GCM_SHA384_TLS_CHACHA20_POLY1305_SHA256_ECDHE-ECDSA-AES128-GCM_ECDHE-RSA-AES128-GCM_ECDHE-ECDSA-AES256-GCM_ECDHE-RSA-AES256-GCM_ECDHE-ECDSA-CHACHA20_ECDHE-RSA-CHACHA20_ECDHE-RSA-AES128-CBC_ECDHE-RSA-AES256-CBC_RSA-AES128-GCM_RSA-AES256-GCM_RSA-AES128-CBC_RSA-AES256-CBC,4,True,0.0,"2570,4588,29,23,24",X25519MLKEM768_x25519_secp256r1_secp384r1,8,False,,"1027,2052,1025,1283,2053,1281,2054,1537",ecdsa_secp256r1_sha256_rsa_pss_rsae_sha256_rsa_pkcs1_sha256_ecdsa_secp384r1_sha384_rsa_pss_rsae_sha384_rsa_pkcs1_sha384_rsa_pss_rsae_sha512_rsa_pkcs1_sha512,True,t13d1516h2,8daaf6152771,d8a2da3f94cd,t,13,d,15,16,h2,"1:65536;2:0;4:6291456;6:262144|15663105|1:1:0:256,3:1:0:220,5:1:0:256,7:1:5:110,9:1:7:110,11:1:9:110,13:1:0:256,15:1:13:110,17:1:15:110,19:1:17:110,21:1:0:256,23:1:21:110,25:1:23:110,27:1:25:110,29:1:0:256,31:1:29:110,33:1:0:110,35:1:33:110,37:1:0:256,39:1:37:110,41:1:39:110,43:1:41:110,45:1:0:256,47:1:45:110,49:1:47:110|m,a,s,p",1:65536;2:0;4:6291456;6:262144,15663105.0,"1:1:0:256,3:1:0:220,5:1:0:256,7:1:5:110,9:1:7:110,11:1:9:110,13:1:0:256,15:1:13:110,17:1:15:110,19:1:17:110,21:1:0:256,23:1:21:110,25:1:23:110,27:1:25:110,29:1:0:256,31:1:29:110,33:1:0:110,35:1:33:110,37:1:0:256,39:1:37:110,41:1:39:110,43:1:41:110,45:1:0:256,47:1:45:110,49:1:47:110","m,a,s,p",25.0,65536.0,0.0,,6291456.0,,262144.0,":method,:authority,:scheme,:path"
trial-021,2dda0a84-6d27-4a6a-b4ce-d99af0bb4b91,2026-05-02 10:56:11.526744701+00:00,205.172.168.145,POST,/collect,HTTP/2.0,0.218,TLS 1.3,h2,TLS_AES_128_GCM_SHA256,uxbehaviorsuite.com,True,4ed5dc12f866c3ea777ccac40c608396,t13d1516h2_8daaf6152771_d8a2da3f94cd,"h2,http/1.1",h2,2,True,True,0.0,h2_first,"2570,772,771","TLS 1.3,TLS 1.2",2,True,True,True,False,0.0,TLS1.3+TLS1.2,True,15,True,0.0,"2570,4865,4866,4867,49195,49199,49196,49200,52393,52392,49171,49172,156,157,47,53",TLS_AES_128_GCM_SHA256_TLS_AES_256_GCM_SHA384_TLS_CHACHA20_POLY1305_SHA256_ECDHE-ECDSA-AES128-GCM_ECDHE-RSA-AES128-GCM_ECDHE-ECDSA-AES256-GCM_ECDHE-RSA-AES256-GCM_ECDHE-ECDSA-CHACHA20_ECDHE-RSA-CHACHA20_ECDHE-RSA-AES128-CBC_ECDHE-RSA-AES256-CBC_RSA-AES128-GCM_RSA-AES256-GCM_RSA-AES128-CBC_RSA-AES256-CBC,4,True,0.0,"2570,4588,29,23,24",X25519MLKEM768_x25519_secp256r1_secp384r1,8,False,,"1027,2052,1025,1283,2053,1281,2054,1537",ecdsa_secp256r1_sha256_rsa_pss_rsae_sha256_rsa_pkcs1_sha256_ecdsa_secp384r1_sha384_rsa_pss_rsae_sha384_rsa_pkcs1_sha384_rsa_pss_rsae_sha512_rsa_pkcs1_sha512,True,t13d1516h2,8daaf6152771,d8a2da3f94cd,t,13,d,15,16,h2,"1:65536;2:0;4:6291456;6:262144|15663105|1:1:0:256,3:1:0:220,5:1:0:256,7:1:5:110,9:1:7:110,11:1:9:110,13:1:0:256,15:1:13:110,17:1:15:110,19:1:17:110,21:1:0:256,23:1:21:110,25:1:23:110,27:1:25:110,29:1:0:256,31:1:29:110,33:1:0:110,35:1:33:110,37:1:0:256,39:1:37:110,41:1:39:110,43:1:41:110,45:1:0:256,47:1:45:110,49:1:47:110,51:1:49:110|m,a,s,p",1:65536;2:0;4:6291456;6:262144,15663105.0,"1:1:0:256,3:1:0:220,5:1:0:256,7:1:5:110,9:1:7:110,11:1:9:110,13:1:0:256,15:1:13:110,17:1:15:110,19:1:17:110,21:1:0:256,23:1:21:110,25:1:23:110,27:1:25:110,29:1:0:256,31:1:29:110,33:1:0:110,35:1:33:110,37:1:0:256,39:1:37:110,41:1:39:110,43:1:41:110,45:1:0:256,47:1:45:110,49:1:47:110,51:1:49:110","m,a,s,p",26.0,65536.0,0.0,,6291456.0,,262144.0,":method,:authority,:scheme,:path"
trial-022,e786cf44-2df6-4dd4-9e7d-ab30f464ef34,2026-05-02 11:12:19.694336249+00:00,205.172.168.145,GET,/subscribe-v1.html,HTTP/2.0,0.313,TLS 1.3,h2,TLS_AES_128_GCM_SHA256,uxbehaviorsuite.com,True,018e61cce0943a23826ef6c558c6fcdc,t13d1516h2_8daaf6152771_d8a2da3f94cd,"h2,http/1.1",h2,2,True,True,0.0,h2_first,"2570,772,771","TLS 1.3,TLS 1.2",2,True,True,True,False,0.0,TLS1.3+TLS1.2,True,15,True,0.0,"2570,4865,4866,4867,49195,49199,49196,49200,52393,52392,49171,49172,156,157,47,53",TLS_AES_128_GCM_SHA256_TLS_AES_256_GCM_SHA384_TLS_CHACHA20_POLY1305_SHA256_ECDHE-ECDSA-AES128-GCM_ECDHE-RSA-AES128-GCM_ECDHE-ECDSA-AES256-GCM_ECDHE-RSA-AES256-GCM_ECDHE-ECDSA-CHACHA20_ECDHE-RSA-CHACHA20_ECDHE-RSA-AES128-CBC_ECDHE-RSA-AES256-CBC_RSA-AES128-GCM_RSA-AES256-GCM_RSA-AES128-CBC_RSA-AES256-CBC,4,True,0.0,"2570,4588,29,23,24",X25519MLKEM768_x25519_secp256r1_secp384r1,8,False,,"1027,2052,1025,1283,2053,1281,2054,1537",ecdsa_secp256r1_sha256_rsa_pss_rsae_sha256_rsa_pkcs1_sha256_ecdsa_secp384r1_sha384_rsa_pss_rsae_sha384_rsa_pkcs1_sha384_rsa_pss_rsae_sha512_rsa_pkcs1_sha512,True,t13d1516h2,8daaf6152771,d8a2da3f94cd,t,13,d,15,16,h2,"1:65536;2:0;4:6291456;6:262144|15663105|1:1:0:256|m,a,s,p",1:65536;2:0;4:6291456;6:262144,15663105.0,1:1:0:256,"m,a,s,p",1.0,65536.0,0.0,,6291456.0,,262144.0,":method,:authority,:scheme,:path"
trial-022,bf6ab9a2-b8a7-4aed-a443-bccfed74519a,2026-05-02 11:12:19.727497320+00:00,205.172.168.145,GET,/logger.js,HTTP/2.0,0.327,TLS 1.3,h2,TLS_AES_128_GCM_SHA256,uxbehaviorsuite.com,True,018e61cce0943a23826ef6c558c6fcdc,t13d1516h2_8daaf6152771_d8a2da3f94cd,"h2,http/1.1",h2,2,True,True,0.0,h2_first,"2570,772,771","TLS 1.3,TLS 1.2",2,True,True,True,False,0.0,TLS1.3+TLS1.2,True,15,True,0.0,"2570,4865,4866,4867,49195,49199,49196,49200,52393,52392,49171,49172,156,157,47,53",TLS_AES_128_GCM_SHA256_TLS_AES_256_GCM_SHA384_TLS_CHACHA20_POLY1305_SHA256_ECDHE-ECDSA-AES128-GCM_ECDHE-RSA-AES128-GCM_ECDHE-ECDSA-AES256-GCM_ECDHE-RSA-AES256-GCM_ECDHE-ECDSA-CHACHA20_ECDHE-RSA-CHACHA20_ECDHE-RSA-AES128-CBC_ECDHE-RSA-AES256-CBC_RSA-AES128-GCM_RSA-AES256-GCM_RSA-AES128-CBC_RSA-AES256-CBC,4,True,0.0,"2570,4588,29,23,24",X25519MLKEM768_x25519_secp256r1_secp384r1,8,False,,"1027,2052,1025,1283,2053,1281,2054,1537",ecdsa_secp256r1_sha256_rsa_pss_rsae_sha256_rsa_pkcs1_sha256_ecdsa_secp384r1_sha384_rsa_pss_rsae_sha384_rsa_pkcs1_sha384_rsa_pss_rsae_sha512_rsa_pkcs1_sha512,True,t13d1516h2,8daaf6152771,d8a2da3f94cd,t,13,d,15,16,h2,"1:65536;2:0;4:6291456;6:262144|15663105|1:1:0:256,3:1:0:220|m,a,s,p",1:65536;2:0;4:6291456;6:262144,15663105.0,"1:1:0:256,3:1:0:220","m,a,s,p",2.0,65536.0,0.0,,6291456.0,,262144.0,":method,:authority,:scheme,:path"
trial-022,eaa4fcc6-6d9c-4930-8488-4166e233ff4c,2026-05-02 11:13:40.886431445+00:00,205.172.168.145,GET,/subscribe-v2.html,HTTP/2.0,0.473,TLS 1.3,h2,TLS_AES_128_GCM_SHA256,uxbehaviorsuite.com,True,018e61cce0943a23826ef6c558c6fcdc,t13d1516h2_8daaf6152771_d8a2da3f94cd,"h2,http/1.1",h2,2,True,True,0.0,h2_first,"2570,772,771","TLS 1.3,TLS 1.2",2,True,True,True,False,0.0,TLS1.3+TLS1.2,True,15,True,0.0,"2570,4865,4866,4867,49195,49199,49196,49200,52393,52392,49171,49172,156,157,47,53",TLS_AES_128_GCM_SHA256_TLS_AES_256_GCM_SHA384_TLS_CHACHA20_POLY1305_SHA256_ECDHE-ECDSA-AES128-GCM_ECDHE-RSA-AES128-GCM_ECDHE-ECDSA-AES256-GCM_ECDHE-RSA-AES256-GCM_ECDHE-ECDSA-CHACHA20_ECDHE-RSA-CHACHA20_ECDHE-RSA-AES128-CBC_ECDHE-RSA-AES256-CBC_RSA-AES128-GCM_RSA-AES256-GCM_RSA-AES128-CBC_RSA-AES256-CBC,4,True,0.0,"2570,4588,29,23,24",X25519MLKEM768_x25519_secp256r1_secp384r1,8,False,,"1027,2052,1025,1283,2053,1281,2054,1537",ecdsa_secp256r1_sha256_rsa_pss_rsae_sha256_rsa_pkcs1_sha256_ecdsa_secp384r1_sha384_rsa_pss_rsae_sha384_rsa_pkcs1_sha384_rsa_pss_rsae_sha512_rsa_pkcs1_sha512,True,t13d1516h2,8daaf6152771,d8a2da3f94cd,t,13,d,15,16,h2,"1:65536;2:0;4:6291456;6:262144|15663105|1:1:0:256,3:1:0:220,5:1:0:256|m,a,s,p",1:65536;2:0;4:6291456;6:262144,15663105.0,"1:1:0:256,3:1:0:220,5:1:0:256","m,a,s,p",3.0,65536.0,0.0,,6291456.0,,262144.0,":method,:authority,:scheme,:path"
trial-022,9a2a88b5-6109-43e9-8580-d88d210dc61d,2026-05-02 11:13:40.887053961+00:00,205.172.168.145,POST,/collect,HTTP/2.0,0.506,TLS 1.3,h2,TLS_AES_128_GCM_SHA256,uxbehaviorsuite.com,True,018e61cce0943a23826ef6c558c6fcdc,t13d1516h2_8daaf6152771_d8a2da3f94cd,"h2,http/1.1",h2,2,True,True,0.0,h2_first,"2570,772,771","TLS 1.3,TLS 1.2",2,True,True,True,False,0.0,TLS1.3+TLS1.2,True,15,True,0.0,"2570,4865,4866,4867,49195,49199,49196,49200,52393,52392,49171,49172,156,157,47,53",TLS_AES_128_GCM_SHA256_TLS_AES_256_GCM_SHA384_TLS_CHACHA20_POLY1305_SHA256_ECDHE-ECDSA-AES128-GCM_ECDHE-RSA-AES128-GCM_ECDHE-ECDSA-AES256-GCM_ECDHE-RSA-AES256-GCM_ECDHE-ECDSA-CHACHA20_ECDHE-RSA-CHACHA20_ECDHE-RSA-AES128-CBC_ECDHE-RSA-AES256-CBC_RSA-AES128-GCM_RSA-AES256-GCM_RSA-AES128-CBC_RSA-AES256-CBC,4,True,0.0,"2570,4588,29,23,24",X25519MLKEM768_x25519_secp256r1_secp384r1,8,False,,"1027,2052,1025,1283,2053,1281,2054,1537",ecdsa_secp256r1_sha256_rsa_pss_rsae_sha256_rsa_pkcs1_sha256_ecdsa_secp384r1_sha384_rsa_pss_rsae_sha384_rsa_pkcs1_sha384_rsa_pss_rsae_sha512_rsa_pkcs1_sha512,True,t13d1516h2,8daaf6152771,d8a2da3f94cd,t,13,d,15,16,h2,"1:65536;2:0;4:6291456;6:262144|15663105|1:1:0:256,3:1:0:220,5:1:0:256,7:1:5:110|m,a,s,p",1:65536;2:0;4:6291456;6:262144,15663105.0,"1:1:0:256,3:1:0:220,5:1:0:256,7:1:5:110","m,a,s,p",4.0,65536.0,0.0,,6291456.0,,262144.0,":method,:authority,:scheme,:path"
trial-022,857cf410-b027-49d6-bec6-d10cb977c3f8,2026-05-02 11:13:40.909465163+00:00,205.172.168.145,POST,/collect,HTTP/2.0,0.237,TLS 1.3,h2,TLS_AES_128_GCM_SHA256,uxbehaviorsuite.com,True,018e61cce0943a23826ef6c558c6fcdc,t13d1516h2_8daaf6152771_d8a2da3f94cd,"h2,http/1.1",h2,2,True,True,0.0,h2_first,"2570,772,771","TLS 1.3,TLS 1.2",2,True,True,True,False,0.0,TLS1.3+TLS1.2,True,15,True,0.0,"2570,4865,4866,4867,49195,49199,49196,49200,52393,52392,49171,49172,156,157,47,53",TLS_AES_128_GCM_SHA256_TLS_AES_256_GCM_SHA384_TLS_CHACHA20_POLY1305_SHA256_ECDHE-ECDSA-AES128-GCM_ECDHE-RSA-AES128-GCM_ECDHE-ECDSA-AES256-GCM_ECDHE-RSA-AES256-GCM_ECDHE-ECDSA-CHACHA20_ECDHE-RSA-CHACHA20_ECDHE-RSA-AES128-CBC_ECDHE-RSA-AES256-CBC_RSA-AES128-GCM_RSA-AES256-GCM_RSA-AES128-CBC_RSA-AES256-CBC,4,True,0.0,"2570,4588,29,23,24",X25519MLKEM768_x25519_secp256r1_secp384r1,8,False,,"1027,2052,1025,1283,2053,1281,2054,1537",ecdsa_secp256r1_sha256_rsa_pss_rsae_sha256_rsa_pkcs1_sha256_ecdsa_secp384r1_sha384_rsa_pss_rsae_sha384_rsa_pkcs1_sha384_rsa_pss_rsae_sha512_rsa_pkcs1_sha512,True,t13d1516h2,8daaf6152771,d8a2da3f94cd,t,13,d,15,16,h2,"1:65536;2:0;4:6291456;6:262144|15663105|1:1:0:256,3:1:0:220,5:1:0:256,7:1:5:110,9:1:7:110,11:1:9:110|m,a,s,p",1:65536;2:0;4:6291456;6:262144,15663105.0,"1:1:0:256,3:1:0:220,5:1:0:256,7:1:5:110,9:1:7:110,11:1:9:110","m,a,s,p",6.0,65536.0,0.0,,6291456.0,,262144.0,":method,:authority,:scheme,:path"
trial-022,b788e53b-4406-4163-afb9-f48f65ddcade,2026-05-02 11:13:40.909512301+00:00,205.172.168.145,POST,/collect,HTTP/2.0,0.345,TLS 1.3,h2,TLS_AES_128_GCM_SHA256,uxbehaviorsuite.com,True,018e61cce0943a23826ef6c558c6fcdc,t13d1516h2_8daaf6152771_d8a2da3f94cd,"h2,http/1.1",h2,2,True,True,0.0,h2_first,"2570,772,771","TLS 1.3,TLS 1.2",2,True,True,True,False,0.0,TLS1.3+TLS1.2,True,15,True,0.0,"2570,4865,4866,4867,49195,49199,49196,49200,52393,52392,49171,49172,156,157,47,53",TLS_AES_128_GCM_SHA256_TLS_AES_256_GCM_SHA384_TLS_CHACHA20_POLY1305_SHA256_ECDHE-ECDSA-AES128-GCM_ECDHE-RSA-AES128-GCM_ECDHE-ECDSA-AES256-GCM_ECDHE-RSA-AES256-GCM_ECDHE-ECDSA-CHACHA20_ECDHE-RSA-CHACHA20_ECDHE-RSA-AES128-CBC_ECDHE-RSA-AES256-CBC_RSA-AES128-GCM_RSA-AES256-GCM_RSA-AES128-CBC_RSA-AES256-CBC,4,True,0.0,"2570,4588,29,23,24",X25519MLKEM768_x25519_secp256r1_secp384r1,8,False,,"1027,2052,1025,1283,2053,1281,2054,1537",ecdsa_secp256r1_sha256_rsa_pss_rsae_sha256_rsa_pkcs1_sha256_ecdsa_secp384r1_sha384_rsa_pss_rsae_sha384_rsa_pkcs1_sha384_rsa_pss_rsae_sha512_rsa_pkcs1_sha512,True,t13d1516h2,8daaf6152771,d8a2da3f94cd,t,13,d,15,16,h2,"1:65536;2:0;4:6291456;6:262144|15663105|1:1:0:256,3:1:0:220,5:1:0:256,7:1:5:110,9:1:7:110,11:1:9:110|m,a,s,p",1:65536;2:0;4:6291456;6:262144,15663105.0,"1:1:0:256,3:1:0:220,5:1:0:256,7:1:5:110,9:1:7:110,11:1:9:110","m,a,s,p",6.0,65536.0,0.0,,6291456.0,,262144.0,":method,:authority,:scheme,:path"
trial-022,95bde1e9-f386-4a9a-afe5-21fe084217d8,2026-05-02 11:14:48.772974831+00:00,205.172.168.145,GET,/subscribe-v3.html,HTTP/2.0,0.737,TLS 1.3,h2,TLS_AES_128_GCM_SHA256,uxbehaviorsuite.com,True,018e61cce0943a23826ef6c558c6fcdc,t13d1516h2_8daaf6152771_d8a2da3f94cd,"h2,http/1.1",h2,2,True,True,0.0,h2_first,"2570,772,771","TLS 1.3,TLS 1.2",2,True,True,True,False,0.0,TLS1.3+TLS1.2,True,15,True,0.0,"2570,4865,4866,4867,49195,49199,49196,49200,52393,52392,49171,49172,156,157,47,53",TLS_AES_128_GCM_SHA256_TLS_AES_256_GCM_SHA384_TLS_CHACHA20_POLY1305_SHA256_ECDHE-ECDSA-AES128-GCM_ECDHE-RSA-AES128-GCM_ECDHE-ECDSA-AES256-GCM_ECDHE-RSA-AES256-GCM_ECDHE-ECDSA-CHACHA20_ECDHE-RSA-CHACHA20_ECDHE-RSA-AES128-CBC_ECDHE-RSA-AES256-CBC_RSA-AES128-GCM_RSA-AES256-GCM_RSA-AES128-CBC_RSA-AES256-CBC,4,True,0.0,"2570,4588,29,23,24",X25519MLKEM768_x25519_secp256r1_secp384r1,8,False,,"1027,2052,1025,1283,2053,1281,2054,1537",ecdsa_secp256r1_sha256_rsa_pss_rsae_sha256_rsa_pkcs1_sha256_ecdsa_secp384r1_sha384_rsa_pss_rsae_sha384_rsa_pkcs1_sha384_rsa_pss_rsae_sha512_rsa_pkcs1_sha512,True,t13d1516h2,8daaf6152771,d8a2da3f94cd,t,13,d,15,16,h2,"1:65536;2:0;4:6291456;6:262144|15663105|1:1:0:256,3:1:0:220,5:1:0:256,7:1:5:110,9:1:7:110,11:1:9:110,13:1:0:256,15:1:13:110|m,a,s,p",1:65536;2:0;4:6291456;6:262144,15663105.0,"1:1:0:256,3:1:0:220,5:1:0:256,7:1:5:110,9:1:7:110,11:1:9:110,13:1:0:256,15:1:13:110","m,a,s,p",8.0,65536.0,0.0,,6291456.0,,262144.0,":method,:authority,:scheme,:path"
trial-022,a45b67a4-c37f-486b-b789-1e13369f661d,2026-05-02 11:14:48.773117726+00:00,205.172.168.145,POST,/collect,HTTP/2.0,0.359,TLS 1.3,h2,TLS_AES_128_GCM_SHA256,uxbehaviorsuite.com,True,018e61cce0943a23826ef6c558c6fcdc,t13d1516h2_8daaf6152771_d8a2da3f94cd,"h2,http/1.1",h2,2,True,True,0.0,h2_first,"2570,772,771","TLS 1.3,TLS 1.2",2,True,True,True,False,0.0,TLS1.3+TLS1.2,True,15,True,0.0,"2570,4865,4866,4867,49195,49199,49196,49200,52393,52392,49171,49172,156,157,47,53",TLS_AES_128_GCM_SHA256_TLS_AES_256_GCM_SHA384_TLS_CHACHA20_POLY1305_SHA256_ECDHE-ECDSA-AES128-GCM_ECDHE-RSA-AES128-GCM_ECDHE-ECDSA-AES256-GCM_ECDHE-RSA-AES256-GCM_ECDHE-ECDSA-CHACHA20_ECDHE-RSA-CHACHA20_ECDHE-RSA-AES128-CBC_ECDHE-RSA-AES256-CBC_RSA-AES128-GCM_RSA-AES256-GCM_RSA-AES128-CBC_RSA-AES256-CBC,4,True,0.0,"2570,4588,29,23,24",X25519MLKEM768_x25519_secp256r1_secp384r1,8,False,,"1027,2052,1025,1283,2053,1281,2054,1537",ecdsa_secp256r1_sha256_rsa_pss_rsae_sha256_rsa_pkcs1_sha256_ecdsa_secp384r1_sha384_rsa_pss_rsae_sha384_rsa_pkcs1_sha384_rsa_pss_rsae_sha512_rsa_pkcs1_sha512,True,t13d1516h2,8daaf6152771,d8a2da3f94cd,t,13,d,15,16,h2,"1:65536;2:0;4:6291456;6:262144|15663105|1:1:0:256,3:1:0:220,5:1:0:256,7:1:5:110,9:1:7:110,11:1:9:110,13:1:0:256,15:1:13:110|m,a,s,p",1:65536;2:0;4:6291456;6:262144,15663105.0,"1:1:0:256,3:1:0:220,5:1:0:256,7:1:5:110,9:1:7:110,11:1:9:110,13:1:0:256,15:1:13:110","m,a,s,p",8.0,65536.0,0.0,,6291456.0,,262144.0,":method,:authority,:scheme,:path"
trial-022,5fe00ba5-2557-46fb-9162-50c3cfcf2238,2026-05-02 11:14:48.795674295+00:00,205.172.168.145,POST,/collect,HTTP/2.0,0.307,TLS 1.3,h2,TLS_AES_128_GCM_SHA256,uxbehaviorsuite.com,True,018e61cce0943a23826ef6c558c6fcdc,t13d1516h2_8daaf6152771_d8a2da3f94cd,"h2,http/1.1",h2,2,True,True,0.0,h2_first,"2570,772,771","TLS 1.3,TLS 1.2",2,True,True,True,False,0.0,TLS1.3+TLS1.2,True,15,True,0.0,"2570,4865,4866,4867,49195,49199,49196,49200,52393,52392,49171,49172,156,157,47,53",TLS_AES_128_GCM_SHA256_TLS_AES_256_GCM_SHA384_TLS_CHACHA20_POLY1305_SHA256_ECDHE-ECDSA-AES128-GCM_ECDHE-RSA-AES128-GCM_ECDHE-ECDSA-AES256-GCM_ECDHE-RSA-AES256-GCM_ECDHE-ECDSA-CHACHA20_ECDHE-RSA-CHACHA20_ECDHE-RSA-AES128-CBC_ECDHE-RSA-AES256-CBC_RSA-AES128-GCM_RSA-AES256-GCM_RSA-AES128-CBC_RSA-AES256-CBC,4,True,0.0,"2570,4588,29,23,24",X25519MLKEM768_x25519_secp256r1_secp384r1,8,False,,"1027,2052,1025,1283,2053,1281,2054,1537",ecdsa_secp256r1_sha256_rsa_pss_rsae_sha256_rsa_pkcs1_sha256_ecdsa_secp384r1_sha384_rsa_pss_rsae_sha384_rsa_pkcs1_sha384_rsa_pss_rsae_sha512_rsa_pkcs1_sha512,True,t13d1516h2,8daaf6152771,d8a2da3f94cd,t,13,d,15,16,h2,"1:65536;2:0;4:6291456;6:262144|15663105|1:1:0:256,3:1:0:220,5:1:0:256,7:1:5:110,9:1:7:110,11:1:9:110,13:1:0:256,15:1:13:110,17:1:13:110|m,a,s,p",1:65536;2:0;4:6291456;6:262144,15663105.0,"1:1:0:256,3:1:0:220,5:1:0:256,7:1:5:110,9:1:7:110,11:1:9:110,13:1:0:256,15:1:13:110,17:1:13:110","m,a,s,p",9.0,65536.0,0.0,,6291456.0,,262144.0,":method,:authority,:scheme,:path"
trial-022,2e56ec71-0491-401a-b126-849f9523e37d,2026-05-02 11:14:48.796304921+00:00,205.172.168.145,POST,/collect,HTTP/2.0,0.183,TLS 1.3,h2,TLS_AES_128_GCM_SHA256,uxbehaviorsuite.com,True,018e61cce0943a23826ef6c558c6fcdc,t13d1516h2_8daaf6152771_d8a2da3f94cd,"h2,http/1.1",h2,2,True,True,0.0,h2_first,"2570,772,771","TLS 1.3,TLS 1.2",2,True,True,True,False,0.0,TLS1.3+TLS1.2,True,15,True,0.0,"2570,4865,4866,4867,49195,49199,49196,49200,52393,52392,49171,49172,156,157,47,53",TLS_AES_128_GCM_SHA256_TLS_AES_256_GCM_SHA384_TLS_CHACHA20_POLY1305_SHA256_ECDHE-ECDSA-AES128-GCM_ECDHE-RSA-AES128-GCM_ECDHE-ECDSA-AES256-GCM_ECDHE-RSA-AES256-GCM_ECDHE-ECDSA-CHACHA20_ECDHE-RSA-CHACHA20_ECDHE-RSA-AES128-CBC_ECDHE-RSA-AES256-CBC_RSA-AES128-GCM_RSA-AES256-GCM_RSA-AES128-CBC_RSA-AES256-CBC,4,True,0.0,"2570,4588,29,23,24",X25519MLKEM768_x25519_secp256r1_secp384r1,8,False,,"1027,2052,1025,1283,2053,1281,2054,1537",ecdsa_secp256r1_sha256_rsa_pss_rsae_sha256_rsa_pkcs1_sha256_ecdsa_secp384r1_sha384_rsa_pss_rsae_sha384_rsa_pkcs1_sha384_rsa_pss_rsae_sha512_rsa_pkcs1_sha512,True,t13d1516h2,8daaf6152771,d8a2da3f94cd,t,13,d,15,16,h2,"1:65536;2:0;4:6291456;6:262144|15663105|1:1:0:256,3:1:0:220,5:1:0:256,7:1:5:110,9:1:7:110,11:1:9:110,13:1:0:256,15:1:13:110,17:1:13:110,19:1:17:110|m,a,s,p",1:65536;2:0;4:6291456;6:262144,15663105.0,"1:1:0:256,3:1:0:220,5:1:0:256,7:1:5:110,9:1:7:110,11:1:9:110,13:1:0:256,15:1:13:110,17:1:13:110,19:1:17:110","m,a,s,p",10.0,65536.0,0.0,,6291456.0,,262144.0,":method,:authority,:scheme,:path"
trial-022,a29fd3a2-9940-4174-b33d-a6a8be12f84f,2026-05-02 11:15:43.023406404+00:00,205.172.168.145,GET,/s2-scroll-gate.html,HTTP/2.0,1.099,TLS 1.3,h2,TLS_AES_128_GCM_SHA256,uxbehaviorsuite.com,True,018e61cce0943a23826ef6c558c6fcdc,t13d1516h2_8daaf6152771_d8a2da3f94cd,"h2,http/1.1",h2,2,True,True,0.0,h2_first,"2570,772,771","TLS 1.3,TLS 1.2",2,True,True,True,False,0.0,TLS1.3+TLS1.2,True,15,True,0.0,"2570,4865,4866,4867,49195,49199,49196,49200,52393,52392,49171,49172,156,157,47,53",TLS_AES_128_GCM_SHA256_TLS_AES_256_GCM_SHA384_TLS_CHACHA20_POLY1305_SHA256_ECDHE-ECDSA-AES128-GCM_ECDHE-RSA-AES128-GCM_ECDHE-ECDSA-AES256-GCM_ECDHE-RSA-AES256-GCM_ECDHE-ECDSA-CHACHA20_ECDHE-RSA-CHACHA20_ECDHE-RSA-AES128-CBC_ECDHE-RSA-AES256-CBC_RSA-AES128-GCM_RSA-AES256-GCM_RSA-AES128-CBC_RSA-AES256-CBC,4,True,0.0,"2570,4588,29,23,24",X25519MLKEM768_x25519_secp256r1_secp384r1,8,False,,"1027,2052,1025,1283,2053,1281,2054,1537",ecdsa_secp256r1_sha256_rsa_pss_rsae_sha256_rsa_pkcs1_sha256_ecdsa_secp384r1_sha384_rsa_pss_rsae_sha384_rsa_pkcs1_sha384_rsa_pss_rsae_sha512_rsa_pkcs1_sha512,True,t13d1516h2,8daaf6152771,d8a2da3f94cd,t,13,d,15,16,h2,"1:65536;2:0;4:6291456;6:262144|15663105|1:1:0:256,3:1:0:220,5:1:0:256,7:1:5:110,9:1:7:110,11:1:9:110,13:1:0:256,15:1:13:110,17:1:13:110,19:1:17:110,21:1:0:256,23:1:21:110|m,a,s,p",1:65536;2:0;4:6291456;6:262144,15663105.0,"1:1:0:256,3:1:0:220,5:1:0:256,7:1:5:110,9:1:7:110,11:1:9:110,13:1:0:256,15:1:13:110,17:1:13:110,19:1:17:110,21:1:0:256,23:1:21:110","m,a,s,p",12.0,65536.0,0.0,,6291456.0,,262144.0,":method,:authority,:scheme,:path"
trial-022,1673bccf-955c-412f-9e3e-d6c3e970b01c,2026-05-02 11:15:43.023568308+00:00,205.172.168.145,POST,/collect,HTTP/2.0,0.339,TLS 1.3,h2,TLS_AES_128_GCM_SHA256,uxbehaviorsuite.com,True,018e61cce0943a23826ef6c558c6fcdc,t13d1516h2_8daaf6152771_d8a2da3f94cd,"h2,http/1.1",h2,2,True,True,0.0,h2_first,"2570,772,771","TLS 1.3,TLS 1.2",2,True,True,True,False,0.0,TLS1.3+TLS1.2,True,15,True,0.0,"2570,4865,4866,4867,49195,49199,49196,49200,52393,52392,49171,49172,156,157,47,53",TLS_AES_128_GCM_SHA256_TLS_AES_256_GCM_SHA384_TLS_CHACHA20_POLY1305_SHA256_ECDHE-ECDSA-AES128-GCM_ECDHE-RSA-AES128-GCM_ECDHE-ECDSA-AES256-GCM_ECDHE-RSA-AES256-GCM_ECDHE-ECDSA-CHACHA20_ECDHE-RSA-CHACHA20_ECDHE-RSA-AES128-CBC_ECDHE-RSA-AES256-CBC_RSA-AES128-GCM_RSA-AES256-GCM_RSA-AES128-CBC_RSA-AES256-CBC,4,True,0.0,"2570,4588,29,23,24",X25519MLKEM768_x25519_secp256r1_secp384r1,8,False,,"1027,2052,1025,1283,2053,1281,2054,1537",ecdsa_secp256r1_sha256_rsa_pss_rsae_sha256_rsa_pkcs1_sha256_ecdsa_secp384r1_sha384_rsa_pss_rsae_sha384_rsa_pkcs1_sha384_rsa_pss_rsae_sha512_rsa_pkcs1_sha512,True,t13d1516h2,8daaf6152771,d8a2da3f94cd,t,13,d,15,16,h2,"1:65536;2:0;4:6291456;6:262144|15663105|1:1:0:256,3:1:0:220,5:1:0:256,7:1:5:110,9:1:7:110,11:1:9:110,13:1:0:256,15:1:13:110,17:1:13:110,19:1:17:110,21:1:0:256,23:1:21:110|m,a,s,p",1:65536;2:0;4:6291456;6:262144,15663105.0,"1:1:0:256,3:1:0:220,5:1:0:256,7:1:5:110,9:1:7:110,11:1:9:110,13:1:0:256,15:1:13:110,17:1:13:110,19:1:17:110,21:1:0:256,23:1:21:110","m,a,s,p",12.0,65536.0,0.0,,6291456.0,,262144.0,":method,:authority,:scheme,:path"
trial-022,3afb8d06-b5dd-4470-9bc8-ea06e39ba243,2026-05-02 11:15:43.045700980+00:00,205.172.168.145,POST,/collect,HTTP/2.0,0.238,TLS 1.3,h2,TLS_AES_128_GCM_SHA256,uxbehaviorsuite.com,True,018e61cce0943a23826ef6c558c6fcdc,t13d1516h2_8daaf6152771_d8a2da3f94cd,"h2,http/1.1",h2,2,True,True,0.0,h2_first,"2570,772,771","TLS 1.3,TLS 1.2",2,True,True,True,False,0.0,TLS1.3+TLS1.2,True,15,True,0.0,"2570,4865,4866,4867,49195,49199,49196,49200,52393,52392,49171,49172,156,157,47,53",TLS_AES_128_GCM_SHA256_TLS_AES_256_GCM_SHA384_TLS_CHACHA20_POLY1305_SHA256_ECDHE-ECDSA-AES128-GCM_ECDHE-RSA-AES128-GCM_ECDHE-ECDSA-AES256-GCM_ECDHE-RSA-AES256-GCM_ECDHE-ECDSA-CHACHA20_ECDHE-RSA-CHACHA20_ECDHE-RSA-AES128-CBC_ECDHE-RSA-AES256-CBC_RSA-AES128-GCM_RSA-AES256-GCM_RSA-AES128-CBC_RSA-AES256-CBC,4,True,0.0,"2570,4588,29,23,24",X25519MLKEM768_x25519_secp256r1_secp384r1,8,False,,"1027,2052,1025,1283,2053,1281,2054,1537",ecdsa_secp256r1_sha256_rsa_pss_rsae_sha256_rsa_pkcs1_sha256_ecdsa_secp384r1_sha384_rsa_pss_rsae_sha384_rsa_pkcs1_sha384_rsa_pss_rsae_sha512_rsa_pkcs1_sha512,True,t13d1516h2,8daaf6152771,d8a2da3f94cd,t,13,d,15,16,h2,"1:65536;2:0;4:6291456;6:262144|15663105|1:1:0:256,3:1:0:220,5:1:0:256,7:1:5:110,9:1:7:110,11:1:9:110,13:1:0:256,15:1:13:110,17:1:13:110,19:1:17:110,21:1:0:256,23:1:21:110,25:1:21:110|m,a,s,p",1:65536;2:0;4:6291456;6:262144,15663105.0,"1:1:0:256,3:1:0:220,5:1:0:256,7:1:5:110,9:1:7:110,11:1:9:110,13:1:0:256,15:1:13:110,17:1:13:110,19:1:17:110,21:1:0:256,23:1:21:110,25:1:21:110","m,a,s,p",13.0,65536.0,0.0,,6291456.0,,262144.0,":method,:authority,:scheme,:path"
trial-022,92aa0d0a-55c9-4ee3-82ca-8f11b8766958,2026-05-02 11:15:43.048350808+00:00,205.172.168.145,POST,/collect,HTTP/2.0,0.213,TLS 1.3,h2,TLS_AES_128_GCM_SHA256,uxbehaviorsuite.com,True,018e61cce0943a23826ef6c558c6fcdc,t13d1516h2_8daaf6152771_d8a2da3f94cd,"h2,http/1.1",h2,2,True,True,0.0,h2_first,"2570,772,771","TLS 1.3,TLS 1.2",2,True,True,True,False,0.0,TLS1.3+TLS1.2,True,15,True,0.0,"2570,4865,4866,4867,49195,49199,49196,49200,52393,52392,49171,49172,156,157,47,53",TLS_AES_128_GCM_SHA256_TLS_AES_256_GCM_SHA384_TLS_CHACHA20_POLY1305_SHA256_ECDHE-ECDSA-AES128-GCM_ECDHE-RSA-AES128-GCM_ECDHE-ECDSA-AES256-GCM_ECDHE-RSA-AES256-GCM_ECDHE-ECDSA-CHACHA20_ECDHE-RSA-CHACHA20_ECDHE-RSA-AES128-CBC_ECDHE-RSA-AES256-CBC_RSA-AES128-GCM_RSA-AES256-GCM_RSA-AES128-CBC_RSA-AES256-CBC,4,True,0.0,"2570,4588,29,23,24",X25519MLKEM768_x25519_secp256r1_secp384r1,8,False,,"1027,2052,1025,1283,2053,1281,2054,1537",ecdsa_secp256r1_sha256_rsa_pss_rsae_sha256_rsa_pkcs1_sha256_ecdsa_secp384r1_sha384_rsa_pss_rsae_sha384_rsa_pkcs1_sha384_rsa_pss_rsae_sha512_rsa_pkcs1_sha512,True,t13d1516h2,8daaf6152771,d8a2da3f94cd,t,13,d,15,16,h2,"1:65536;2:0;4:6291456;6:262144|15663105|1:1:0:256,3:1:0:220,5:1:0:256,7:1:5:110,9:1:7:110,11:1:9:110,13:1:0:256,15:1:13:110,17:1:13:110,19:1:17:110,21:1:0:256,23:1:21:110,25:1:21:110,27:1:25:110|m,a,s,p",1:65536;2:0;4:6291456;6:262144,15663105.0,"1:1:0:256,3:1:0:220,5:1:0:256,7:1:5:110,9:1:7:110,11:1:9:110,13:1:0:256,15:1:13:110,17:1:13:110,19:1:17:110,21:1:0:256,23:1:21:110,25:1:21:110,27:1:25:110","m,a,s,p",14.0,65536.0,0.0,,6291456.0,,262144.0,":method,:authority,:scheme,:path"
trial-022,f779bdf2-89b1-49fe-8fa5-c71fb708da6b,2026-05-02 11:30:44.970210714+00:00,216.73.216.163,GET,/robots.txt,HTTP/2.0,0.17,TLS 1.3,h2,TLS_AES_128_GCM_SHA256,uxbehaviorsuite.com,True,6fcb638d020dad051d9325fe9541c5e8,t13d1011h2_61a7ad8aa9b6_3fcd1a44f3e3,"h2,http/1.1",h2,2,True,True,0.0,h2_first,"772,771","TLS 1.3,TLS 1.2",2,False,True,True,False,,TLS1.3+TLS1.2,True,10,False,,"4866,4865,4867,49196,49195,52393,49200,49199,52392,255",TLS_AES_256_GCM_SHA384_TLS_AES_128_GCM_SHA256_TLS_CHACHA20_POLY1305_SHA256_ECDHE-ECDSA-AES256-GCM_ECDHE-ECDSA-AES128-GCM_ECDHE-ECDSA-CHACHA20_ECDHE-RSA-AES256-GCM_ECDHE-RSA-AES128-GCM_ECDHE-RSA-CHACHA20_EMPTY_RENEGOTIATION,3,False,,"29,23,24",x25519_secp256r1_secp384r1,9,False,,"1283,1027,2055,2054,2053,2052,1537,1281,1025",ecdsa_secp384r1_sha384_ecdsa_secp256r1_sha256_2055_rsa_pss_rsae_sha512_rsa_pss_rsae_sha384_rsa_pss_rsae_sha256_rsa_pkcs1_sha512_rsa_pkcs1_sha384_rsa_pkcs1_sha256,False,t13d1011h2,61a7ad8aa9b6,3fcd1a44f3e3,t,13,d,10,11,h2,"2:0;4:2097152;5:16384;6:16384|5177345|0|m,s,a,p",2:0;4:2097152;5:16384;6:16384,5177345.0,0,"m,s,a,p",1.0,,0.0,,2097152.0,16384.0,16384.0,":method,:scheme,:authority,:path"
trial-022,0d723e84-a0c0-4ea1-95a0-b108ac461bbe,2026-05-02 11:30:44.990549518+00:00,216.73.216.163,GET,/sitemap.xml,HTTP/2.0,0.088,TLS 1.3,h2,TLS_AES_128_GCM_SHA256,uxbehaviorsuite.com,True,6fcb638d020dad051d9325fe9541c5e8,t13d1011h2_61a7ad8aa9b6_3fcd1a44f3e3,"h2,http/1.1",h2,2,True,True,0.0,h2_first,"772,771","TLS 1.3,TLS 1.2",2,False,True,True,False,,TLS1.3+TLS1.2,True,10,False,,"4866,4865,4867,49196,49195,52393,49200,49199,52392,255",TLS_AES_256_GCM_SHA384_TLS_AES_128_GCM_SHA256_TLS_CHACHA20_POLY1305_SHA256_ECDHE-ECDSA-AES256-GCM_ECDHE-ECDSA-AES128-GCM_ECDHE-ECDSA-CHACHA20_ECDHE-RSA-AES256-GCM_ECDHE-RSA-AES128-GCM_ECDHE-RSA-CHACHA20_EMPTY_RENEGOTIATION,3,False,,"29,23,24",x25519_secp256r1_secp384r1,9,False,,"1283,1027,2055,2054,2053,2052,1537,1281,1025",ecdsa_secp384r1_sha384_ecdsa_secp256r1_sha256_2055_rsa_pss_rsae_sha512_rsa_pss_rsae_sha384_rsa_pss_rsae_sha256_rsa_pkcs1_sha512_rsa_pkcs1_sha384_rsa_pkcs1_sha256,False,t13d1011h2,61a7ad8aa9b6,3fcd1a44f3e3,t,13,d,10,11,h2,"2:0;4:2097152;5:16384;6:16384|5177345|0|m,s,a,p",2:0;4:2097152;5:16384;6:16384,5177345.0,0,"m,s,a,p",1.0,,0.0,,2097152.0,16384.0,16384.0,":method,:scheme,:authority,:path"
trial-022,c2cd6c41-4dc2-48c3-82e8-7e531e7d277d,2026-05-02 11:37:01.818675175+00:00,205.172.168.145,GET,/s3-hover-reveal.html,HTTP/2.0,0.502,TLS 1.3,h2,TLS_AES_128_GCM_SHA256,uxbehaviorsuite.com,True,018e61cce0943a23826ef6c558c6fcdc,t13d1516h2_8daaf6152771_d8a2da3f94cd,"h2,http/1.1",h2,2,True,True,0.0,h2_first,"2570,772,771","TLS 1.3,TLS 1.2",2,True,True,True,False,0.0,TLS1.3+TLS1.2,True,15,True,0.0,"2570,4865,4866,4867,49195,49199,49196,49200,52393,52392,49171,49172,156,157,47,53",TLS_AES_128_GCM_SHA256_TLS_AES_256_GCM_SHA384_TLS_CHACHA20_POLY1305_SHA256_ECDHE-ECDSA-AES128-GCM_ECDHE-RSA-AES128-GCM_ECDHE-ECDSA-AES256-GCM_ECDHE-RSA-AES256-GCM_ECDHE-ECDSA-CHACHA20_ECDHE-RSA-CHACHA20_ECDHE-RSA-AES128-CBC_ECDHE-RSA-AES256-CBC_RSA-AES128-GCM_RSA-AES256-GCM_RSA-AES128-CBC_RSA-AES256-CBC,4,True,0.0,"2570,4588,29,23,24",X25519MLKEM768_x25519_secp256r1_secp384r1,8,False,,"1027,2052,1025,1283,2053,1281,2054,1537",ecdsa_secp256r1_sha256_rsa_pss_rsae_sha256_rsa_pkcs1_sha256_ecdsa_secp384r1_sha384_rsa_pss_rsae_sha384_rsa_pkcs1_sha384_rsa_pss_rsae_sha512_rsa_pkcs1_sha512,True,t13d1516h2,8daaf6152771,d8a2da3f94cd,t,13,d,15,16,h2,"1:65536;2:0;4:6291456;6:262144|15663105|1:1:0:256,3:1:0:220,5:1:0:256,7:1:5:110,9:1:7:110,11:1:9:110,13:1:0:256,15:1:13:110,17:1:13:110,19:1:17:110,21:1:0:256,23:1:21:110,25:1:21:110,27:1:25:110,29:1:0:256|m,a,s,p",1:65536;2:0;4:6291456;6:262144,15663105.0,"1:1:0:256,3:1:0:220,5:1:0:256,7:1:5:110,9:1:7:110,11:1:9:110,13:1:0:256,15:1:13:110,17:1:13:110,19:1:17:110,21:1:0:256,23:1:21:110,25:1:21:110,27:1:25:110,29:1:0:256","m,a,s,p",15.0,65536.0,0.0,,6291456.0,,262144.0,":method,:authority,:scheme,:path"
trial-022,01121d8d-bf0b-44ca-a6fe-eec55e9adcd6,2026-05-02 11:37:01.819188587+00:00,205.172.168.145,POST,/collect,HTTP/2.0,0.403,TLS 1.3,h2,TLS_AES_128_GCM_SHA256,uxbehaviorsuite.com,True,018e61cce0943a23826ef6c558c6fcdc,t13d1516h2_8daaf6152771_d8a2da3f94cd,"h2,http/1.1",h2,2,True,True,0.0,h2_first,"2570,772,771","TLS 1.3,TLS 1.2",2,True,True,True,False,0.0,TLS1.3+TLS1.2,True,15,True,0.0,"2570,4865,4866,4867,49195,49199,49196,49200,52393,52392,49171,49172,156,157,47,53",TLS_AES_128_GCM_SHA256_TLS_AES_256_GCM_SHA384_TLS_CHACHA20_POLY1305_SHA256_ECDHE-ECDSA-AES128-GCM_ECDHE-RSA-AES128-GCM_ECDHE-ECDSA-AES256-GCM_ECDHE-RSA-AES256-GCM_ECDHE-ECDSA-CHACHA20_ECDHE-RSA-CHACHA20_ECDHE-RSA-AES128-CBC_ECDHE-RSA-AES256-CBC_RSA-AES128-GCM_RSA-AES256-GCM_RSA-AES128-CBC_RSA-AES256-CBC,4,True,0.0,"2570,4588,29,23,24",X25519MLKEM768_x25519_secp256r1_secp384r1,8,False,,"1027,2052,1025,1283,2053,1281,2054,1537",ecdsa_secp256r1_sha256_rsa_pss_rsae_sha256_rsa_pkcs1_sha256_ecdsa_secp384r1_sha384_rsa_pss_rsae_sha384_rsa_pkcs1_sha384_rsa_pss_rsae_sha512_rsa_pkcs1_sha512,True,t13d1516h2,8daaf6152771,d8a2da3f94cd,t,13,d,15,16,h2,"1:65536;2:0;4:6291456;6:262144|15663105|1:1:0:256,3:1:0:220,5:1:0:256,7:1:5:110,9:1:7:110,11:1:9:110,13:1:0:256,15:1:13:110,17:1:13:110,19:1:17:110,21:1:0:256,23:1:21:110,25:1:21:110,27:1:25:110,29:1:0:256,31:1:29:110|m,a,s,p",1:65536;2:0;4:6291456;6:262144,15663105.0,"1:1:0:256,3:1:0:220,5:1:0:256,7:1:5:110,9:1:7:110,11:1:9:110,13:1:0:256,15:1:13:110,17:1:13:110,19:1:17:110,21:1:0:256,23:1:21:110,25:1:21:110,27:1:25:110,29:1:0:256,31:1:29:110","m,a,s,p",16.0,65536.0,0.0,,6291456.0,,262144.0,":method,:authority,:scheme,:path"
trial-022,2a43b954-7ebe-4240-8395-2b6403a7ee80,2026-05-02 11:37:01.841663852+00:00,205.172.168.145,POST,/collect,HTTP/2.0,0.287,TLS 1.3,h2,TLS_AES_128_GCM_SHA256,uxbehaviorsuite.com,True,018e61cce0943a23826ef6c558c6fcdc,t13d1516h2_8daaf6152771_d8a2da3f94cd,"h2,http/1.1",h2,2,True,True,0.0,h2_first,"2570,772,771","TLS 1.3,TLS 1.2",2,True,True,True,False,0.0,TLS1.3+TLS1.2,True,15,True,0.0,"2570,4865,4866,4867,49195,49199,49196,49200,52393,52392,49171,49172,156,157,47,53",TLS_AES_128_GCM_SHA256_TLS_AES_256_GCM_SHA384_TLS_CHACHA20_POLY1305_SHA256_ECDHE-ECDSA-AES128-GCM_ECDHE-RSA-AES128-GCM_ECDHE-ECDSA-AES256-GCM_ECDHE-RSA-AES256-GCM_ECDHE-ECDSA-CHACHA20_ECDHE-RSA-CHACHA20_ECDHE-RSA-AES128-CBC_ECDHE-RSA-AES256-CBC_RSA-AES128-GCM_RSA-AES256-GCM_RSA-AES128-CBC_RSA-AES256-CBC,4,True,0.0,"2570,4588,29,23,24",X25519MLKEM768_x25519_secp256r1_secp384r1,8,False,,"1027,2052,1025,1283,2053,1281,2054,1537",ecdsa_secp256r1_sha256_rsa_pss_rsae_sha256_rsa_pkcs1_sha256_ecdsa_secp384r1_sha384_rsa_pss_rsae_sha384_rsa_pkcs1_sha384_rsa_pss_rsae_sha512_rsa_pkcs1_sha512,True,t13d1516h2,8daaf6152771,d8a2da3f94cd,t,13,d,15,16,h2,"1:65536;2:0;4:6291456;6:262144|15663105|1:1:0:256,3:1:0:220,5:1:0:256,7:1:5:110,9:1:7:110,11:1:9:110,13:1:0:256,15:1:13:110,17:1:13:110,19:1:17:110,21:1:0:256,23:1:21:110,25:1:21:110,27:1:25:110,29:1:0:256,31:1:29:110,33:1:31:110|m,a,s,p",1:65536;2:0;4:6291456;6:262144,15663105.0,"1:1:0:256,3:1:0:220,5:1:0:256,7:1:5:110,9:1:7:110,11:1:9:110,13:1:0:256,15:1:13:110,17:1:13:110,19:1:17:110,21:1:0:256,23:1:21:110,25:1:21:110,27:1:25:110,29:1:0:256,31:1:29:110,33:1:31:110","m,a,s,p",17.0,65536.0,0.0,,6291456.0,,262144.0,":method,:authority,:scheme,:path"
trial-022,9966fa48-47c4-4964-8a4d-b531546540f2,2026-05-02 11:37:01.843050076+00:00,205.172.168.145,POST,/collect,HTTP/2.0,0.203,TLS 1.3,h2,TLS_AES_128_GCM_SHA256,uxbehaviorsuite.com,True,018e61cce0943a23826ef6c558c6fcdc,t13d1516h2_8daaf6152771_d8a2da3f94cd,"h2,http/1.1",h2,2,True,True,0.0,h2_first,"2570,772,771","TLS 1.3,TLS 1.2",2,True,True,True,False,0.0,TLS1.3+TLS1.2,True,15,True,0.0,"2570,4865,4866,4867,49195,49199,49196,49200,52393,52392,49171,49172,156,157,47,53",TLS_AES_128_GCM_SHA256_TLS_AES_256_GCM_SHA384_TLS_CHACHA20_POLY1305_SHA256_ECDHE-ECDSA-AES128-GCM_ECDHE-RSA-AES128-GCM_ECDHE-ECDSA-AES256-GCM_ECDHE-RSA-AES256-GCM_ECDHE-ECDSA-CHACHA20_ECDHE-RSA-CHACHA20_ECDHE-RSA-AES128-CBC_ECDHE-RSA-AES256-CBC_RSA-AES128-GCM_RSA-AES256-GCM_RSA-AES128-CBC_RSA-AES256-CBC,4,True,0.0,"2570,4588,29,23,24",X25519MLKEM768_x25519_secp256r1_secp384r1,8,False,,"1027,2052,1025,1283,2053,1281,2054,1537",ecdsa_secp256r1_sha256_rsa_pss_rsae_sha256_rsa_pkcs1_sha256_ecdsa_secp384r1_sha384_rsa_pss_rsae_sha384_rsa_pkcs1_sha384_rsa_pss_rsae_sha512_rsa_pkcs1_sha512,True,t13d1516h2,8daaf6152771,d8a2da3f94cd,t,13,d,15,16,h2,"1:65536;2:0;4:6291456;6:262144|15663105|1:1:0:256,3:1:0:220,5:1:0:256,7:1:5:110,9:1:7:110,11:1:9:110,13:1:0:256,15:1:13:110,17:1:13:110,19:1:17:110,21:1:0:256,23:1:21:110,25:1:21:110,27:1:25:110,29:1:0:256,31:1:29:110,33:1:31:110,35:1:33:110|m,a,s,p",1:65536;2:0;4:6291456;6:262144,15663105.0,"1:1:0:256,3:1:0:220,5:1:0:256,7:1:5:110,9:1:7:110,11:1:9:110,13:1:0:256,15:1:13:110,17:1:13:110,19:1:17:110,21:1:0:256,23:1:21:110,25:1:21:110,27:1:25:110,29:1:0:256,31:1:29:110,33:1:31:110,35:1:33:110","m,a,s,p",18.0,65536.0,0.0,,6291456.0,,262144.0,":method,:authority,:scheme,:path"
trial-022,a915297d-9c3b-4071-a040-33ed252d83ca,2026-05-02 11:38:33.972562307+00:00,205.172.168.145,GET,/s4-dom-mismatch.html,HTTP/2.0,0.425,TLS 1.3,h2,TLS_AES_128_GCM_SHA256,uxbehaviorsuite.com,True,018e61cce0943a23826ef6c558c6fcdc,t13d1516h2_8daaf6152771_d8a2da3f94cd,"h2,http/1.1",h2,2,True,True,0.0,h2_first,"2570,772,771","TLS 1.3,TLS 1.2",2,True,True,True,False,0.0,TLS1.3+TLS1.2,True,15,True,0.0,"2570,4865,4866,4867,49195,49199,49196,49200,52393,52392,49171,49172,156,157,47,53",TLS_AES_128_GCM_SHA256_TLS_AES_256_GCM_SHA384_TLS_CHACHA20_POLY1305_SHA256_ECDHE-ECDSA-AES128-GCM_ECDHE-RSA-AES128-GCM_ECDHE-ECDSA-AES256-GCM_ECDHE-RSA-AES256-GCM_ECDHE-ECDSA-CHACHA20_ECDHE-RSA-CHACHA20_ECDHE-RSA-AES128-CBC_ECDHE-RSA-AES256-CBC_RSA-AES128-GCM_RSA-AES256-GCM_RSA-AES128-CBC_RSA-AES256-CBC,4,True,0.0,"2570,4588,29,23,24",X25519MLKEM768_x25519_secp256r1_secp384r1,8,False,,"1027,2052,1025,1283,2053,1281,2054,1537",ecdsa_secp256r1_sha256_rsa_pss_rsae_sha256_rsa_pkcs1_sha256_ecdsa_secp384r1_sha384_rsa_pss_rsae_sha384_rsa_pkcs1_sha384_rsa_pss_rsae_sha512_rsa_pkcs1_sha512,True,t13d1516h2,8daaf6152771,d8a2da3f94cd,t,13,d,15,16,h2,"1:65536;2:0;4:6291456;6:262144|15663105|1:1:0:256,3:1:0:220,5:1:0:256,7:1:5:110,9:1:7:110,11:1:9:110,13:1:0:256,15:1:13:110,17:1:13:110,19:1:17:110,21:1:0:256,23:1:21:110,25:1:21:110,27:1:25:110,29:1:0:256,31:1:29:110,33:1:31:110,35:1:33:110,37:1:0:256|m,a,s,p",1:65536;2:0;4:6291456;6:262144,15663105.0,"1:1:0:256,3:1:0:220,5:1:0:256,7:1:5:110,9:1:7:110,11:1:9:110,13:1:0:256,15:1:13:110,17:1:13:110,19:1:17:110,21:1:0:256,23:1:21:110,25:1:21:110,27:1:25:110,29:1:0:256,31:1:29:110,33:1:31:110,35:1:33:110,37:1:0:256","m,a,s,p",19.0,65536.0,0.0,,6291456.0,,262144.0,":method,:authority,:scheme,:path"
trial-022,5dd16277-3807-478e-bcc3-3b58e23fd6ec,2026-05-02 11:38:33.973196085+00:00,205.172.168.145,POST,/collect,HTTP/2.0,0.348,TLS 1.3,h2,TLS_AES_128_GCM_SHA256,uxbehaviorsuite.com,True,018e61cce0943a23826ef6c558c6fcdc,t13d1516h2_8daaf6152771_d8a2da3f94cd,"h2,http/1.1",h2,2,True,True,0.0,h2_first,"2570,772,771","TLS 1.3,TLS 1.2",2,True,True,True,False,0.0,TLS1.3+TLS1.2,True,15,True,0.0,"2570,4865,4866,4867,49195,49199,49196,49200,52393,52392,49171,49172,156,157,47,53",TLS_AES_128_GCM_SHA256_TLS_AES_256_GCM_SHA384_TLS_CHACHA20_POLY1305_SHA256_ECDHE-ECDSA-AES128-GCM_ECDHE-RSA-AES128-GCM_ECDHE-ECDSA-AES256-GCM_ECDHE-RSA-AES256-GCM_ECDHE-ECDSA-CHACHA20_ECDHE-RSA-CHACHA20_ECDHE-RSA-AES128-CBC_ECDHE-RSA-AES256-CBC_RSA-AES128-GCM_RSA-AES256-GCM_RSA-AES128-CBC_RSA-AES256-CBC,4,True,0.0,"2570,4588,29,23,24",X25519MLKEM768_x25519_secp256r1_secp384r1,8,False,,"1027,2052,1025,1283,2053,1281,2054,1537",ecdsa_secp256r1_sha256_rsa_pss_rsae_sha256_rsa_pkcs1_sha256_ecdsa_secp384r1_sha384_rsa_pss_rsae_sha384_rsa_pkcs1_sha384_rsa_pss_rsae_sha512_rsa_pkcs1_sha512,True,t13d1516h2,8daaf6152771,d8a2da3f94cd,t,13,d,15,16,h2,"1:65536;2:0;4:6291456;6:262144|15663105|1:1:0:256,3:1:0:220,5:1:0:256,7:1:5:110,9:1:7:110,11:1:9:110,13:1:0:256,15:1:13:110,17:1:13:110,19:1:17:110,21:1:0:256,23:1:21:110,25:1:21:110,27:1:25:110,29:1:0:256,31:1:29:110,33:1:31:110,35:1:33:110,37:1:0:256,39:1:37:110|m,a,s,p",1:65536;2:0;4:6291456;6:262144,15663105.0,"1:1:0:256,3:1:0:220,5:1:0:256,7:1:5:110,9:1:7:110,11:1:9:110,13:1:0:256,15:1:13:110,17:1:13:110,19:1:17:110,21:1:0:256,23:1:21:110,25:1:21:110,27:1:25:110,29:1:0:256,31:1:29:110,33:1:31:110,35:1:33:110,37:1:0:256,39:1:37:110","m,a,s,p",20.0,65536.0,0.0,,6291456.0,,262144.0,":method,:authority,:scheme,:path"
trial-022,e9b0970c-c21e-415c-9b94-69ecef50032b,2026-05-02 11:38:33.993589078+00:00,205.172.168.145,POST,/collect,HTTP/2.0,0.379,TLS 1.3,h2,TLS_AES_128_GCM_SHA256,uxbehaviorsuite.com,True,018e61cce0943a23826ef6c558c6fcdc,t13d1516h2_8daaf6152771_d8a2da3f94cd,"h2,http/1.1",h2,2,True,True,0.0,h2_first,"2570,772,771","TLS 1.3,TLS 1.2",2,True,True,True,False,0.0,TLS1.3+TLS1.2,True,15,True,0.0,"2570,4865,4866,4867,49195,49199,49196,49200,52393,52392,49171,49172,156,157,47,53",TLS_AES_128_GCM_SHA256_TLS_AES_256_GCM_SHA384_TLS_CHACHA20_POLY1305_SHA256_ECDHE-ECDSA-AES128-GCM_ECDHE-RSA-AES128-GCM_ECDHE-ECDSA-AES256-GCM_ECDHE-RSA-AES256-GCM_ECDHE-ECDSA-CHACHA20_ECDHE-RSA-CHACHA20_ECDHE-RSA-AES128-CBC_ECDHE-RSA-AES256-CBC_RSA-AES128-GCM_RSA-AES256-GCM_RSA-AES128-CBC_RSA-AES256-CBC,4,True,0.0,"2570,4588,29,23,24",X25519MLKEM768_x25519_secp256r1_secp384r1,8,False,,"1027,2052,1025,1283,2053,1281,2054,1537",ecdsa_secp256r1_sha256_rsa_pss_rsae_sha256_rsa_pkcs1_sha256_ecdsa_secp384r1_sha384_rsa_pss_rsae_sha384_rsa_pkcs1_sha384_rsa_pss_rsae_sha512_rsa_pkcs1_sha512,True,t13d1516h2,8daaf6152771,d8a2da3f94cd,t,13,d,15,16,h2,"1:65536;2:0;4:6291456;6:262144|15663105|1:1:0:256,3:1:0:220,5:1:0:256,7:1:5:110,9:1:7:110,11:1:9:110,13:1:0:256,15:1:13:110,17:1:13:110,19:1:17:110,21:1:0:256,23:1:21:110,25:1:21:110,27:1:25:110,29:1:0:256,31:1:29:110,33:1:31:110,35:1:33:110,37:1:0:256,39:1:37:110,41:1:39:110|m,a,s,p",1:65536;2:0;4:6291456;6:262144,15663105.0,"1:1:0:256,3:1:0:220,5:1:0:256,7:1:5:110,9:1:7:110,11:1:9:110,13:1:0:256,15:1:13:110,17:1:13:110,19:1:17:110,21:1:0:256,23:1:21:110,25:1:21:110,27:1:25:110,29:1:0:256,31:1:29:110,33:1:31:110,35:1:33:110,37:1:0:256,39:1:37:110,41:1:39:110","m,a,s,p",21.0,65536.0,0.0,,6291456.0,,262144.0,":method,:authority,:scheme,:path"
trial-022,c23c8333-b9f9-4165-a102-ecb325138e6d,2026-05-02 11:38:33.993897266+00:00,205.172.168.145,POST,/collect,HTTP/2.0,0.226,TLS 1.3,h2,TLS_AES_128_GCM_SHA256,uxbehaviorsuite.com,True,018e61cce0943a23826ef6c558c6fcdc,t13d1516h2_8daaf6152771_d8a2da3f94cd,"h2,http/1.1",h2,2,True,True,0.0,h2_first,"2570,772,771","TLS 1.3,TLS 1.2",2,True,True,True,False,0.0,TLS1.3+TLS1.2,True,15,True,0.0,"2570,4865,4866,4867,49195,49199,49196,49200,52393,52392,49171,49172,156,157,47,53",TLS_AES_128_GCM_SHA256_TLS_AES_256_GCM_SHA384_TLS_CHACHA20_POLY1305_SHA256_ECDHE-ECDSA-AES128-GCM_ECDHE-RSA-AES128-GCM_ECDHE-ECDSA-AES256-GCM_ECDHE-RSA-AES256-GCM_ECDHE-ECDSA-CHACHA20_ECDHE-RSA-CHACHA20_ECDHE-RSA-AES128-CBC_ECDHE-RSA-AES256-CBC_RSA-AES128-GCM_RSA-AES256-GCM_RSA-AES128-CBC_RSA-AES256-CBC,4,True,0.0,"2570,4588,29,23,24",X25519MLKEM768_x25519_secp256r1_secp384r1,8,False,,"1027,2052,1025,1283,2053,1281,2054,1537",ecdsa_secp256r1_sha256_rsa_pss_rsae_sha256_rsa_pkcs1_sha256_ecdsa_secp384r1_sha384_rsa_pss_rsae_sha384_rsa_pkcs1_sha384_rsa_pss_rsae_sha512_rsa_pkcs1_sha512,True,t13d1516h2,8daaf6152771,d8a2da3f94cd,t,13,d,15,16,h2,"1:65536;2:0;4:6291456;6:262144|15663105|1:1:0:256,3:1:0:220,5:1:0:256,7:1:5:110,9:1:7:110,11:1:9:110,13:1:0:256,15:1:13:110,17:1:13:110,19:1:17:110,21:1:0:256,23:1:21:110,25:1:21:110,27:1:25:110,29:1:0:256,31:1:29:110,33:1:31:110,35:1:33:110,37:1:0:256,39:1:37:110,41:1:39:110,43:1:41:110|m,a,s,p",1:65536;2:0;4:6291456;6:262144,15663105.0,"1:1:0:256,3:1:0:220,5:1:0:256,7:1:5:110,9:1:7:110,11:1:9:110,13:1:0:256,15:1:13:110,17:1:13:110,19:1:17:110,21:1:0:256,23:1:21:110,25:1:21:110,27:1:25:110,29:1:0:256,31:1:29:110,33:1:31:110,35:1:33:110,37:1:0:256,39:1:37:110,41:1:39:110,43:1:41:110","m,a,s,p",22.0,65536.0,0.0,,6291456.0,,262144.0,":method,:authority,:scheme,:path"
trial-022,c26c22b2-f2a8-4339-8691-798ca09c7683,2026-05-02 11:39:13.215839645+00:00,93.123.109.232,GET,/,HTTP/1.1,0.332,TLS 1.3,,TLS_AES_128_GCM_SHA256,,False,19e29534fd49dd27d09234e639c4057e,t13i190800_9dc949149365_97f8aa674fd9,,,0,False,False,,none,"772,771","TLS 1.3,TLS 1.2",2,False,True,True,False,,TLS1.3+TLS1.2,True,19,False,,"49195,49199,49196,49200,52393,52392,49161,49171,49162,49172,156,157,47,53,49170,10,4865,4866,4867",ECDHE-ECDSA-AES128-GCM_ECDHE-RSA-AES128-GCM_ECDHE-ECDSA-AES256-GCM_ECDHE-RSA-AES256-GCM_ECDHE-ECDSA-CHACHA20_ECDHE-RSA-CHACHA20_49161_ECDHE-RSA-AES128-CBC_49162_ECDHE-RSA-AES256-CBC_RSA-AES128-GCM_RSA-AES256-GCM_RSA-AES128-CBC_RSA-AES256-CBC_49170_10_TLS_AES_128_GCM_SHA256_TLS_AES_256_GCM_SHA384_TLS_CHACHA20_POLY1305_SHA256,4,False,,"29,23,24,25",x25519_secp256r1_secp384r1_secp521r1,12,False,,"2052,1027,2055,2053,2054,1025,1281,1537,1283,1539,513,515",rsa_pss_rsae_sha256_ecdsa_secp256r1_sha256_2055_rsa_pss_rsae_sha384_rsa_pss_rsae_sha512_rsa_pkcs1_sha256_rsa_pkcs1_sha384_rsa_pkcs1_sha512_ecdsa_secp384r1_sha384_1539_513_ecdsa_sha1,False,t13i190800,9dc949149365,97f8aa674fd9,t,13,i,19,8,00,,,,,,,,,,,,,
trial-022,c35a170c-64e7-479f-912d-8e79fd8b8105,2026-05-02 11:39:33.554541061+00:00,45.144.212.92,GET,/,HTTP/1.1,0.295,TLS 1.3,,TLS_AES_128_GCM_SHA256,,False,9460af62ae0af667130bf0d36514f084,t13i190900_9dc949149365_e7c285222651,,,0,False,False,,none,"772,771,770,769","TLS 1.3,TLS 1.2,TLS 1.1,TLS 1.0",4,False,True,True,True,,TLS1.3+TLS1.2+TLS1.1+TLS1.0,True,19,False,,"49195,49199,49196,49200,52393,52392,49161,49171,49162,49172,156,157,47,53,49170,10,4865,4866,4867",ECDHE-ECDSA-AES128-GCM_ECDHE-RSA-AES128-GCM_ECDHE-ECDSA-AES256-GCM_ECDHE-RSA-AES256-GCM_ECDHE-ECDSA-CHACHA20_ECDHE-RSA-CHACHA20_49161_ECDHE-RSA-AES128-CBC_49162_ECDHE-RSA-AES256-CBC_RSA-AES128-GCM_RSA-AES256-GCM_RSA-AES128-CBC_RSA-AES256-CBC_49170_10_TLS_AES_128_GCM_SHA256_TLS_AES_256_GCM_SHA384_TLS_CHACHA20_POLY1305_SHA256,4,False,,"29,23,24,25",x25519_secp256r1_secp384r1_secp521r1,12,False,,"2052,1027,2055,2053,2054,1025,1281,1537,1283,1539,513,515",rsa_pss_rsae_sha256_ecdsa_secp256r1_sha256_2055_rsa_pss_rsae_sha384_rsa_pss_rsae_sha512_rsa_pkcs1_sha256_rsa_pkcs1_sha384_rsa_pkcs1_sha512_ecdsa_secp384r1_sha384_1539_513_ecdsa_sha1,False,t13i190900,9dc949149365,e7c285222651,t,13,i,19,9,00,,,,,,,,,,,,,
trial-022,965bc744-e994-4483-8df9-98f970a67198,2026-05-02 11:39:33.593759956+00:00,93.123.109.232,GET,/logger.js,HTTP/1.1,0.236,TLS 1.3,,TLS_AES_128_GCM_SHA256,,False,19e29534fd49dd27d09234e639c4057e,t13i190800_9dc949149365_97f8aa674fd9,,,0,False,False,,none,"772,771","TLS 1.3,TLS 1.2",2,False,True,True,False,,TLS1.3+TLS1.2,True,19,False,,"49195,49199,49196,49200,52393,52392,49161,49171,49162,49172,156,157,47,53,49170,10,4865,4866,4867",ECDHE-ECDSA-AES128-GCM_ECDHE-RSA-AES128-GCM_ECDHE-ECDSA-AES256-GCM_ECDHE-RSA-AES256-GCM_ECDHE-ECDSA-CHACHA20_ECDHE-RSA-CHACHA20_49161_ECDHE-RSA-AES128-CBC_49162_ECDHE-RSA-AES256-CBC_RSA-AES128-GCM_RSA-AES256-GCM_RSA-AES128-CBC_RSA-AES256-CBC_49170_10_TLS_AES_128_GCM_SHA256_TLS_AES_256_GCM_SHA384_TLS_CHACHA20_POLY1305_SHA256,4,False,,"29,23,24,25",x25519_secp256r1_secp384r1_secp521r1,12,False,,"2052,1027,2055,2053,2054,1025,1281,1537,1283,1539,513,515",rsa_pss_rsae_sha256_ecdsa_secp256r1_sha256_2055_rsa_pss_rsae_sha384_rsa_pss_rsae_sha512_rsa_pkcs1_sha256_rsa_pkcs1_sha384_rsa_pkcs1_sha512_ecdsa_secp384r1_sha384_1539_513_ecdsa_sha1,False,t13i190800,9dc949149365,97f8aa674fd9,t,13,i,19,8,00,,,,,,,,,,,,,
trial-022,30241442-40db-49e6-a091-c308be8ae7ad,2026-05-02 11:39:59.805348955+00:00,205.172.168.145,GET,/s5-delayed-feedback.html,HTTP/2.0,0.425,TLS 1.3,h2,TLS_AES_128_GCM_SHA256,uxbehaviorsuite.com,True,018e61cce0943a23826ef6c558c6fcdc,t13d1516h2_8daaf6152771_d8a2da3f94cd,"h2,http/1.1",h2,2,True,True,0.0,h2_first,"2570,772,771","TLS 1.3,TLS 1.2",2,True,True,True,False,0.0,TLS1.3+TLS1.2,True,15,True,0.0,"2570,4865,4866,4867,49195,49199,49196,49200,52393,52392,49171,49172,156,157,47,53",TLS_AES_128_GCM_SHA256_TLS_AES_256_GCM_SHA384_TLS_CHACHA20_POLY1305_SHA256_ECDHE-ECDSA-AES128-GCM_ECDHE-RSA-AES128-GCM_ECDHE-ECDSA-AES256-GCM_ECDHE-RSA-AES256-GCM_ECDHE-ECDSA-CHACHA20_ECDHE-RSA-CHACHA20_ECDHE-RSA-AES128-CBC_ECDHE-RSA-AES256-CBC_RSA-AES128-GCM_RSA-AES256-GCM_RSA-AES128-CBC_RSA-AES256-CBC,4,True,0.0,"2570,4588,29,23,24",X25519MLKEM768_x25519_secp256r1_secp384r1,8,False,,"1027,2052,1025,1283,2053,1281,2054,1537",ecdsa_secp256r1_sha256_rsa_pss_rsae_sha256_rsa_pkcs1_sha256_ecdsa_secp384r1_sha384_rsa_pss_rsae_sha384_rsa_pkcs1_sha384_rsa_pss_rsae_sha512_rsa_pkcs1_sha512,True,t13d1516h2,8daaf6152771,d8a2da3f94cd,t,13,d,15,16,h2,"1:65536;2:0;4:6291456;6:262144|15663105|1:1:0:256,3:1:0:220,5:1:0:256,7:1:5:110,9:1:7:110,11:1:9:110,13:1:0:256,15:1:13:110,17:1:13:110,19:1:17:110,21:1:0:256,23:1:21:110,25:1:21:110,27:1:25:110,29:1:0:256,31:1:29:110,33:1:31:110,35:1:33:110,37:1:0:256,39:1:37:110,41:1:39:110,43:1:41:110,45:1:0:256|m,a,s,p",1:65536;2:0;4:6291456;6:262144,15663105.0,"1:1:0:256,3:1:0:220,5:1:0:256,7:1:5:110,9:1:7:110,11:1:9:110,13:1:0:256,15:1:13:110,17:1:13:110,19:1:17:110,21:1:0:256,23:1:21:110,25:1:21:110,27:1:25:110,29:1:0:256,31:1:29:110,33:1:31:110,35:1:33:110,37:1:0:256,39:1:37:110,41:1:39:110,43:1:41:110,45:1:0:256","m,a,s,p",23.0,65536.0,0.0,,6291456.0,,262144.0,":method,:authority,:scheme,:path"
trial-022,b78df8b1-153c-4598-af8a-12bcfd34e2a3,2026-05-02 11:39:59.806230002+00:00,205.172.168.145,POST,/collect,HTTP/2.0,0.338,TLS 1.3,h2,TLS_AES_128_GCM_SHA256,uxbehaviorsuite.com,True,018e61cce0943a23826ef6c558c6fcdc,t13d1516h2_8daaf6152771_d8a2da3f94cd,"h2,http/1.1",h2,2,True,True,0.0,h2_first,"2570,772,771","TLS 1.3,TLS 1.2",2,True,True,True,False,0.0,TLS1.3+TLS1.2,True,15,True,0.0,"2570,4865,4866,4867,49195,49199,49196,49200,52393,52392,49171,49172,156,157,47,53",TLS_AES_128_GCM_SHA256_TLS_AES_256_GCM_SHA384_TLS_CHACHA20_POLY1305_SHA256_ECDHE-ECDSA-AES128-GCM_ECDHE-RSA-AES128-GCM_ECDHE-ECDSA-AES256-GCM_ECDHE-RSA-AES256-GCM_ECDHE-ECDSA-CHACHA20_ECDHE-RSA-CHACHA20_ECDHE-RSA-AES128-CBC_ECDHE-RSA-AES256-CBC_RSA-AES128-GCM_RSA-AES256-GCM_RSA-AES128-CBC_RSA-AES256-CBC,4,True,0.0,"2570,4588,29,23,24",X25519MLKEM768_x25519_secp256r1_secp384r1,8,False,,"1027,2052,1025,1283,2053,1281,2054,1537",ecdsa_secp256r1_sha256_rsa_pss_rsae_sha256_rsa_pkcs1_sha256_ecdsa_secp384r1_sha384_rsa_pss_rsae_sha384_rsa_pkcs1_sha384_rsa_pss_rsae_sha512_rsa_pkcs1_sha512,True,t13d1516h2,8daaf6152771,d8a2da3f94cd,t,13,d,15,16,h2,"1:65536;2:0;4:6291456;6:262144|15663105|1:1:0:256,3:1:0:220,5:1:0:256,7:1:5:110,9:1:7:110,11:1:9:110,13:1:0:256,15:1:13:110,17:1:13:110,19:1:17:110,21:1:0:256,23:1:21:110,25:1:21:110,27:1:25:110,29:1:0:256,31:1:29:110,33:1:31:110,35:1:33:110,37:1:0:256,39:1:37:110,41:1:39:110,43:1:41:110,45:1:0:256,47:1:45:110|m,a,s,p",1:65536;2:0;4:6291456;6:262144,15663105.0,"1:1:0:256,3:1:0:220,5:1:0:256,7:1:5:110,9:1:7:110,11:1:9:110,13:1:0:256,15:1:13:110,17:1:13:110,19:1:17:110,21:1:0:256,23:1:21:110,25:1:21:110,27:1:25:110,29:1:0:256,31:1:29:110,33:1:31:110,35:1:33:110,37:1:0:256,39:1:37:110,41:1:39:110,43:1:41:110,45:1:0:256,47:1:45:110","m,a,s,p",24.0,65536.0,0.0,,6291456.0,,262144.0,":method,:authority,:scheme,:path"
trial-022,2254fbae-c55c-40bb-9838-85086d73f8fc,2026-05-02 11:39:59.827181391+00:00,205.172.168.145,POST,/collect,HTTP/2.0,0.253,TLS 1.3,h2,TLS_AES_128_GCM_SHA256,uxbehaviorsuite.com,True,018e61cce0943a23826ef6c558c6fcdc,t13d1516h2_8daaf6152771_d8a2da3f94cd,"h2,http/1.1",h2,2,True,True,0.0,h2_first,"2570,772,771","TLS 1.3,TLS 1.2",2,True,True,True,False,0.0,TLS1.3+TLS1.2,True,15,True,0.0,"2570,4865,4866,4867,49195,49199,49196,49200,52393,52392,49171,49172,156,157,47,53",TLS_AES_128_GCM_SHA256_TLS_AES_256_GCM_SHA384_TLS_CHACHA20_POLY1305_SHA256_ECDHE-ECDSA-AES128-GCM_ECDHE-RSA-AES128-GCM_ECDHE-ECDSA-AES256-GCM_ECDHE-RSA-AES256-GCM_ECDHE-ECDSA-CHACHA20_ECDHE-RSA-CHACHA20_ECDHE-RSA-AES128-CBC_ECDHE-RSA-AES256-CBC_RSA-AES128-GCM_RSA-AES256-GCM_RSA-AES128-CBC_RSA-AES256-CBC,4,True,0.0,"2570,4588,29,23,24",X25519MLKEM768_x25519_secp256r1_secp384r1,8,False,,"1027,2052,1025,1283,2053,1281,2054,1537",ecdsa_secp256r1_sha256_rsa_pss_rsae_sha256_rsa_pkcs1_sha256_ecdsa_secp384r1_sha384_rsa_pss_rsae_sha384_rsa_pkcs1_sha384_rsa_pss_rsae_sha512_rsa_pkcs1_sha512,True,t13d1516h2,8daaf6152771,d8a2da3f94cd,t,13,d,15,16,h2,"1:65536;2:0;4:6291456;6:262144|15663105|1:1:0:256,3:1:0:220,5:1:0:256,7:1:5:110,9:1:7:110,11:1:9:110,13:1:0:256,15:1:13:110,17:1:13:110,19:1:17:110,21:1:0:256,23:1:21:110,25:1:21:110,27:1:25:110,29:1:0:256,31:1:29:110,33:1:31:110,35:1:33:110,37:1:0:256,39:1:37:110,41:1:39:110,43:1:41:110,45:1:0:256,47:1:45:110,49:1:47:110|m,a,s,p",1:65536;2:0;4:6291456;6:262144,15663105.0,"1:1:0:256,3:1:0:220,5:1:0:256,7:1:5:110,9:1:7:110,11:1:9:110,13:1:0:256,15:1:13:110,17:1:13:110,19:1:17:110,21:1:0:256,23:1:21:110,25:1:21:110,27:1:25:110,29:1:0:256,31:1:29:110,33:1:31:110,35:1:33:110,37:1:0:256,39:1:37:110,41:1:39:110,43:1:41:110,45:1:0:256,47:1:45:110,49:1:47:110","m,a,s,p",25.0,65536.0,0.0,,6291456.0,,262144.0,":method,:authority,:scheme,:path"
trial-022,793ef77e-2ad7-4cec-9737-9957074fab59,2026-05-02 11:39:59.828768138+00:00,205.172.168.145,POST,/collect,HTTP/2.0,0.377,TLS 1.3,h2,TLS_AES_128_GCM_SHA256,uxbehaviorsuite.com,True,018e61cce0943a23826ef6c558c6fcdc,t13d1516h2_8daaf6152771_d8a2da3f94cd,"h2,http/1.1",h2,2,True,True,0.0,h2_first,"2570,772,771","TLS 1.3,TLS 1.2",2,True,True,True,False,0.0,TLS1.3+TLS1.2,True,15,True,0.0,"2570,4865,4866,4867,49195,49199,49196,49200,52393,52392,49171,49172,156,157,47,53",TLS_AES_128_GCM_SHA256_TLS_AES_256_GCM_SHA384_TLS_CHACHA20_POLY1305_SHA256_ECDHE-ECDSA-AES128-GCM_ECDHE-RSA-AES128-GCM_ECDHE-ECDSA-AES256-GCM_ECDHE-RSA-AES256-GCM_ECDHE-ECDSA-CHACHA20_ECDHE-RSA-CHACHA20_ECDHE-RSA-AES128-CBC_ECDHE-RSA-AES256-CBC_RSA-AES128-GCM_RSA-AES256-GCM_RSA-AES128-CBC_RSA-AES256-CBC,4,True,0.0,"2570,4588,29,23,24",X25519MLKEM768_x25519_secp256r1_secp384r1,8,False,,"1027,2052,1025,1283,2053,1281,2054,1537",ecdsa_secp256r1_sha256_rsa_pss_rsae_sha256_rsa_pkcs1_sha256_ecdsa_secp384r1_sha384_rsa_pss_rsae_sha384_rsa_pkcs1_sha384_rsa_pss_rsae_sha512_rsa_pkcs1_sha512,True,t13d1516h2,8daaf6152771,d8a2da3f94cd,t,13,d,15,16,h2,"1:65536;2:0;4:6291456;6:262144|15663105|1:1:0:256,3:1:0:220,5:1:0:256,7:1:5:110,9:1:7:110,11:1:9:110,13:1:0:256,15:1:13:110,17:1:13:110,19:1:17:110,21:1:0:256,23:1:21:110,25:1:21:110,27:1:25:110,29:1:0:256,31:1:29:110,33:1:31:110,35:1:33:110,37:1:0:256,39:1:37:110,41:1:39:110,43:1:41:110,45:1:0:256,47:1:45:110,49:1:47:110,51:1:49:110|m,a,s,p",1:65536;2:0;4:6291456;6:262144,15663105.0,"1:1:0:256,3:1:0:220,5:1:0:256,7:1:5:110,9:1:7:110,11:1:9:110,13:1:0:256,15:1:13:110,17:1:13:110,19:1:17:110,21:1:0:256,23:1:21:110,25:1:21:110,27:1:25:110,29:1:0:256,31:1:29:110,33:1:31:110,35:1:33:110,37:1:0:256,39:1:37:110,41:1:39:110,43:1:41:110,45:1:0:256,47:1:45:110,49:1:47:110,51:1:49:110","m,a,s,p",26.0,65536.0,0.0,,6291456.0,,262144.0,":method,:authority,:scheme,:path"
trial-023,b6546a28-aaeb-4990-8b8e-b04efe86a1ed,2026-05-02 11:55:57.150162566+00:00,205.172.168.145,GET,/subscribe-v1.html,HTTP/2.0,0.423,TLS 1.3,h2,TLS_AES_128_GCM_SHA256,uxbehaviorsuite.com,True,ff4ac641c48cefa128d95613e1d8c792,t13d1516h2_8daaf6152771_d8a2da3f94cd,"h2,http/1.1",h2,2,True,True,0.0,h2_first,"2570,772,771","TLS 1.3,TLS 1.2",2,True,True,True,False,0.0,TLS1.3+TLS1.2,True,15,True,0.0,"2570,4865,4866,4867,49195,49199,49196,49200,52393,52392,49171,49172,156,157,47,53",TLS_AES_128_GCM_SHA256_TLS_AES_256_GCM_SHA384_TLS_CHACHA20_POLY1305_SHA256_ECDHE-ECDSA-AES128-GCM_ECDHE-RSA-AES128-GCM_ECDHE-ECDSA-AES256-GCM_ECDHE-RSA-AES256-GCM_ECDHE-ECDSA-CHACHA20_ECDHE-RSA-CHACHA20_ECDHE-RSA-AES128-CBC_ECDHE-RSA-AES256-CBC_RSA-AES128-GCM_RSA-AES256-GCM_RSA-AES128-CBC_RSA-AES256-CBC,4,True,0.0,"2570,4588,29,23,24",X25519MLKEM768_x25519_secp256r1_secp384r1,8,False,,"1027,2052,1025,1283,2053,1281,2054,1537",ecdsa_secp256r1_sha256_rsa_pss_rsae_sha256_rsa_pkcs1_sha256_ecdsa_secp384r1_sha384_rsa_pss_rsae_sha384_rsa_pkcs1_sha384_rsa_pss_rsae_sha512_rsa_pkcs1_sha512,True,t13d1516h2,8daaf6152771,d8a2da3f94cd,t,13,d,15,16,h2,"1:65536;2:0;4:6291456;6:262144|15663105|1:1:0:256|m,a,s,p",1:65536;2:0;4:6291456;6:262144,15663105.0,1:1:0:256,"m,a,s,p",1.0,65536.0,0.0,,6291456.0,,262144.0,":method,:authority,:scheme,:path"
trial-023,22fe7f56-4f66-4320-8c42-083a6e6892ec,2026-05-02 11:55:57.192763045+00:00,205.172.168.145,GET,/logger.js,HTTP/2.0,0.335,TLS 1.3,h2,TLS_AES_128_GCM_SHA256,uxbehaviorsuite.com,True,ff4ac641c48cefa128d95613e1d8c792,t13d1516h2_8daaf6152771_d8a2da3f94cd,"h2,http/1.1",h2,2,True,True,0.0,h2_first,"2570,772,771","TLS 1.3,TLS 1.2",2,True,True,True,False,0.0,TLS1.3+TLS1.2,True,15,True,0.0,"2570,4865,4866,4867,49195,49199,49196,49200,52393,52392,49171,49172,156,157,47,53",TLS_AES_128_GCM_SHA256_TLS_AES_256_GCM_SHA384_TLS_CHACHA20_POLY1305_SHA256_ECDHE-ECDSA-AES128-GCM_ECDHE-RSA-AES128-GCM_ECDHE-ECDSA-AES256-GCM_ECDHE-RSA-AES256-GCM_ECDHE-ECDSA-CHACHA20_ECDHE-RSA-CHACHA20_ECDHE-RSA-AES128-CBC_ECDHE-RSA-AES256-CBC_RSA-AES128-GCM_RSA-AES256-GCM_RSA-AES128-CBC_RSA-AES256-CBC,4,True,0.0,"2570,4588,29,23,24",X25519MLKEM768_x25519_secp256r1_secp384r1,8,False,,"1027,2052,1025,1283,2053,1281,2054,1537",ecdsa_secp256r1_sha256_rsa_pss_rsae_sha256_rsa_pkcs1_sha256_ecdsa_secp384r1_sha384_rsa_pss_rsae_sha384_rsa_pkcs1_sha384_rsa_pss_rsae_sha512_rsa_pkcs1_sha512,True,t13d1516h2,8daaf6152771,d8a2da3f94cd,t,13,d,15,16,h2,"1:65536;2:0;4:6291456;6:262144|15663105|1:1:0:256,3:1:0:220|m,a,s,p",1:65536;2:0;4:6291456;6:262144,15663105.0,"1:1:0:256,3:1:0:220","m,a,s,p",2.0,65536.0,0.0,,6291456.0,,262144.0,":method,:authority,:scheme,:path"
trial-023,81f40a3a-89bc-40d2-aabb-750d13b5fde5,2026-05-02 11:56:00.233519202+00:00,172.71.164.99,GET,/wp-admin/install.php,HTTP/2.0,0.128,TLS 1.3,h2,TLS_AES_128_GCM_SHA256,uxbehaviorsuite.com,True,1449472ba4c4ddb602762f628f080be4,t13d1412h2_e33ad33b3d25_6b314db333b6,"h2,http/1.1",h2,2,True,True,0.0,h2_first,"772,771,770,769","TLS 1.3,TLS 1.2,TLS 1.1,TLS 1.0",4,False,True,True,True,,TLS1.3+TLS1.2+TLS1.1+TLS1.0,True,14,False,,"4865,4866,4867,49195,49196,49199,49200,49171,49192,156,157,47,53,10",TLS_AES_128_GCM_SHA256_TLS_AES_256_GCM_SHA384_TLS_CHACHA20_POLY1305_SHA256_ECDHE-ECDSA-AES128-GCM_ECDHE-ECDSA-AES256-GCM_ECDHE-RSA-AES128-GCM_ECDHE-RSA-AES256-GCM_ECDHE-RSA-AES128-CBC_49192_RSA-AES128-GCM_RSA-AES256-GCM_RSA-AES128-CBC_RSA-AES256-CBC_10,7,False,,"29,23,24,25,4588,25497,65074",x25519_secp256r1_secp384r1_secp521r1_X25519MLKEM768_x25519Kyber768_65074,10,False,,"1027,2052,1025,1283,2053,1281,2054,1537,513,1539",ecdsa_secp256r1_sha256_rsa_pss_rsae_sha256_rsa_pkcs1_sha256_ecdsa_secp384r1_sha384_rsa_pss_rsae_sha384_rsa_pkcs1_sha384_rsa_pss_rsae_sha512_rsa_pkcs1_sha512_513_1539,True,t13d1412h2,e33ad33b3d25,6b314db333b6,t,13,d,14,12,h2,"2:0;3:1;4:8388608;5:65536|8323073|0|m,s,a,p",2:0;3:1;4:8388608;5:65536,8323073.0,0,"m,s,a,p",1.0,,0.0,1.0,8388608.0,65536.0,,":method,:scheme,:authority,:path"
trial-023,dd7a8f5e-7c62-4303-8e29-42ee3d23aa2a,2026-05-02 11:57:54.429572488+00:00,205.172.168.145,GET,/subscribe-v2.html,HTTP/2.0,0.352,TLS 1.3,h2,TLS_AES_128_GCM_SHA256,uxbehaviorsuite.com,True,ff4ac641c48cefa128d95613e1d8c792,t13d1516h2_8daaf6152771_d8a2da3f94cd,"h2,http/1.1",h2,2,True,True,0.0,h2_first,"2570,772,771","TLS 1.3,TLS 1.2",2,True,True,True,False,0.0,TLS1.3+TLS1.2,True,15,True,0.0,"2570,4865,4866,4867,49195,49199,49196,49200,52393,52392,49171,49172,156,157,47,53",TLS_AES_128_GCM_SHA256_TLS_AES_256_GCM_SHA384_TLS_CHACHA20_POLY1305_SHA256_ECDHE-ECDSA-AES128-GCM_ECDHE-RSA-AES128-GCM_ECDHE-ECDSA-AES256-GCM_ECDHE-RSA-AES256-GCM_ECDHE-ECDSA-CHACHA20_ECDHE-RSA-CHACHA20_ECDHE-RSA-AES128-CBC_ECDHE-RSA-AES256-CBC_RSA-AES128-GCM_RSA-AES256-GCM_RSA-AES128-CBC_RSA-AES256-CBC,4,True,0.0,"2570,4588,29,23,24",X25519MLKEM768_x25519_secp256r1_secp384r1,8,False,,"1027,2052,1025,1283,2053,1281,2054,1537",ecdsa_secp256r1_sha256_rsa_pss_rsae_sha256_rsa_pkcs1_sha256_ecdsa_secp384r1_sha384_rsa_pss_rsae_sha384_rsa_pkcs1_sha384_rsa_pss_rsae_sha512_rsa_pkcs1_sha512,True,t13d1516h2,8daaf6152771,d8a2da3f94cd,t,13,d,15,16,h2,"1:65536;2:0;4:6291456;6:262144|15663105|1:1:0:256,3:1:0:220,5:1:0:256|m,a,s,p",1:65536;2:0;4:6291456;6:262144,15663105.0,"1:1:0:256,3:1:0:220,5:1:0:256","m,a,s,p",3.0,65536.0,0.0,,6291456.0,,262144.0,":method,:authority,:scheme,:path"
trial-023,39b4e5a7-e0ab-4262-9128-517f5495626c,2026-05-02 11:57:54.430159578+00:00,205.172.168.145,POST,/collect,HTTP/2.0,0.504,TLS 1.3,h2,TLS_AES_128_GCM_SHA256,uxbehaviorsuite.com,True,ff4ac641c48cefa128d95613e1d8c792,t13d1516h2_8daaf6152771_d8a2da3f94cd,"h2,http/1.1",h2,2,True,True,0.0,h2_first,"2570,772,771","TLS 1.3,TLS 1.2",2,True,True,True,False,0.0,TLS1.3+TLS1.2,True,15,True,0.0,"2570,4865,4866,4867,49195,49199,49196,49200,52393,52392,49171,49172,156,157,47,53",TLS_AES_128_GCM_SHA256_TLS_AES_256_GCM_SHA384_TLS_CHACHA20_POLY1305_SHA256_ECDHE-ECDSA-AES128-GCM_ECDHE-RSA-AES128-GCM_ECDHE-ECDSA-AES256-GCM_ECDHE-RSA-AES256-GCM_ECDHE-ECDSA-CHACHA20_ECDHE-RSA-CHACHA20_ECDHE-RSA-AES128-CBC_ECDHE-RSA-AES256-CBC_RSA-AES128-GCM_RSA-AES256-GCM_RSA-AES128-CBC_RSA-AES256-CBC,4,True,0.0,"2570,4588,29,23,24",X25519MLKEM768_x25519_secp256r1_secp384r1,8,False,,"1027,2052,1025,1283,2053,1281,2054,1537",ecdsa_secp256r1_sha256_rsa_pss_rsae_sha256_rsa_pkcs1_sha256_ecdsa_secp384r1_sha384_rsa_pss_rsae_sha384_rsa_pkcs1_sha384_rsa_pss_rsae_sha512_rsa_pkcs1_sha512,True,t13d1516h2,8daaf6152771,d8a2da3f94cd,t,13,d,15,16,h2,"1:65536;2:0;4:6291456;6:262144|15663105|1:1:0:256,3:1:0:220,5:1:0:256,7:1:5:110|m,a,s,p",1:65536;2:0;4:6291456;6:262144,15663105.0,"1:1:0:256,3:1:0:220,5:1:0:256,7:1:5:110","m,a,s,p",4.0,65536.0,0.0,,6291456.0,,262144.0,":method,:authority,:scheme,:path"
trial-023,ce458521-fafd-47b3-8ac0-ea67be50d49a,2026-05-02 11:57:54.452596135+00:00,205.172.168.145,POST,/collect,HTTP/2.0,0.214,TLS 1.3,h2,TLS_AES_128_GCM_SHA256,uxbehaviorsuite.com,True,ff4ac641c48cefa128d95613e1d8c792,t13d1516h2_8daaf6152771_d8a2da3f94cd,"h2,http/1.1",h2,2,True,True,0.0,h2_first,"2570,772,771","TLS 1.3,TLS 1.2",2,True,True,True,False,0.0,TLS1.3+TLS1.2,True,15,True,0.0,"2570,4865,4866,4867,49195,49199,49196,49200,52393,52392,49171,49172,156,157,47,53",TLS_AES_128_GCM_SHA256_TLS_AES_256_GCM_SHA384_TLS_CHACHA20_POLY1305_SHA256_ECDHE-ECDSA-AES128-GCM_ECDHE-RSA-AES128-GCM_ECDHE-ECDSA-AES256-GCM_ECDHE-RSA-AES256-GCM_ECDHE-ECDSA-CHACHA20_ECDHE-RSA-CHACHA20_ECDHE-RSA-AES128-CBC_ECDHE-RSA-AES256-CBC_RSA-AES128-GCM_RSA-AES256-GCM_RSA-AES128-CBC_RSA-AES256-CBC,4,True,0.0,"2570,4588,29,23,24",X25519MLKEM768_x25519_secp256r1_secp384r1,8,False,,"1027,2052,1025,1283,2053,1281,2054,1537",ecdsa_secp256r1_sha256_rsa_pss_rsae_sha256_rsa_pkcs1_sha256_ecdsa_secp384r1_sha384_rsa_pss_rsae_sha384_rsa_pkcs1_sha384_rsa_pss_rsae_sha512_rsa_pkcs1_sha512,True,t13d1516h2,8daaf6152771,d8a2da3f94cd,t,13,d,15,16,h2,"1:65536;2:0;4:6291456;6:262144|15663105|1:1:0:256,3:1:0:220,5:1:0:256,7:1:5:110,9:1:7:110|m,a,s,p",1:65536;2:0;4:6291456;6:262144,15663105.0,"1:1:0:256,3:1:0:220,5:1:0:256,7:1:5:110,9:1:7:110","m,a,s,p",5.0,65536.0,0.0,,6291456.0,,262144.0,":method,:authority,:scheme,:path"
trial-023,4fadcf96-7bdd-4671-a9dd-ada0027f2587,2026-05-02 11:57:54.455016104+00:00,205.172.168.145,POST,/collect,HTTP/2.0,0.215,TLS 1.3,h2,TLS_AES_128_GCM_SHA256,uxbehaviorsuite.com,True,ff4ac641c48cefa128d95613e1d8c792,t13d1516h2_8daaf6152771_d8a2da3f94cd,"h2,http/1.1",h2,2,True,True,0.0,h2_first,"2570,772,771","TLS 1.3,TLS 1.2",2,True,True,True,False,0.0,TLS1.3+TLS1.2,True,15,True,0.0,"2570,4865,4866,4867,49195,49199,49196,49200,52393,52392,49171,49172,156,157,47,53",TLS_AES_128_GCM_SHA256_TLS_AES_256_GCM_SHA384_TLS_CHACHA20_POLY1305_SHA256_ECDHE-ECDSA-AES128-GCM_ECDHE-RSA-AES128-GCM_ECDHE-ECDSA-AES256-GCM_ECDHE-RSA-AES256-GCM_ECDHE-ECDSA-CHACHA20_ECDHE-RSA-CHACHA20_ECDHE-RSA-AES128-CBC_ECDHE-RSA-AES256-CBC_RSA-AES128-GCM_RSA-AES256-GCM_RSA-AES128-CBC_RSA-AES256-CBC,4,True,0.0,"2570,4588,29,23,24",X25519MLKEM768_x25519_secp256r1_secp384r1,8,False,,"1027,2052,1025,1283,2053,1281,2054,1537",ecdsa_secp256r1_sha256_rsa_pss_rsae_sha256_rsa_pkcs1_sha256_ecdsa_secp384r1_sha384_rsa_pss_rsae_sha384_rsa_pkcs1_sha384_rsa_pss_rsae_sha512_rsa_pkcs1_sha512,True,t13d1516h2,8daaf6152771,d8a2da3f94cd,t,13,d,15,16,h2,"1:65536;2:0;4:6291456;6:262144|15663105|1:1:0:256,3:1:0:220,5:1:0:256,7:1:5:110,9:1:7:110,11:1:9:110|m,a,s,p",1:65536;2:0;4:6291456;6:262144,15663105.0,"1:1:0:256,3:1:0:220,5:1:0:256,7:1:5:110,9:1:7:110,11:1:9:110","m,a,s,p",6.0,65536.0,0.0,,6291456.0,,262144.0,":method,:authority,:scheme,:path"
trial-023,96b02de9-6811-4551-82e3-0bac354a9d66,2026-05-02 12:00:39.737469786+00:00,205.172.168.145,GET,/subscribe-v3.html,HTTP/2.0,0.521,TLS 1.3,h2,TLS_AES_128_GCM_SHA256,uxbehaviorsuite.com,True,ff4ac641c48cefa128d95613e1d8c792,t13d1516h2_8daaf6152771_d8a2da3f94cd,"h2,http/1.1",h2,2,True,True,0.0,h2_first,"2570,772,771","TLS 1.3,TLS 1.2",2,True,True,True,False,0.0,TLS1.3+TLS1.2,True,15,True,0.0,"2570,4865,4866,4867,49195,49199,49196,49200,52393,52392,49171,49172,156,157,47,53",TLS_AES_128_GCM_SHA256_TLS_AES_256_GCM_SHA384_TLS_CHACHA20_POLY1305_SHA256_ECDHE-ECDSA-AES128-GCM_ECDHE-RSA-AES128-GCM_ECDHE-ECDSA-AES256-GCM_ECDHE-RSA-AES256-GCM_ECDHE-ECDSA-CHACHA20_ECDHE-RSA-CHACHA20_ECDHE-RSA-AES128-CBC_ECDHE-RSA-AES256-CBC_RSA-AES128-GCM_RSA-AES256-GCM_RSA-AES128-CBC_RSA-AES256-CBC,4,True,0.0,"2570,4588,29,23,24",X25519MLKEM768_x25519_secp256r1_secp384r1,8,False,,"1027,2052,1025,1283,2053,1281,2054,1537",ecdsa_secp256r1_sha256_rsa_pss_rsae_sha256_rsa_pkcs1_sha256_ecdsa_secp384r1_sha384_rsa_pss_rsae_sha384_rsa_pkcs1_sha384_rsa_pss_rsae_sha512_rsa_pkcs1_sha512,True,t13d1516h2,8daaf6152771,d8a2da3f94cd,t,13,d,15,16,h2,"1:65536;2:0;4:6291456;6:262144|15663105|1:1:0:256,3:1:0:220,5:1:0:256,7:1:5:110,9:1:7:110,11:1:9:110,13:1:0:256,15:1:13:110|m,a,s,p",1:65536;2:0;4:6291456;6:262144,15663105.0,"1:1:0:256,3:1:0:220,5:1:0:256,7:1:5:110,9:1:7:110,11:1:9:110,13:1:0:256,15:1:13:110","m,a,s,p",8.0,65536.0,0.0,,6291456.0,,262144.0,":method,:authority,:scheme,:path"
trial-023,3308dcb8-54d5-4b8c-80b1-0b116cf2aac8,2026-05-02 12:00:39.737600693+00:00,205.172.168.145,POST,/collect,HTTP/2.0,0.442,TLS 1.3,h2,TLS_AES_128_GCM_SHA256,uxbehaviorsuite.com,True,ff4ac641c48cefa128d95613e1d8c792,t13d1516h2_8daaf6152771_d8a2da3f94cd,"h2,http/1.1",h2,2,True,True,0.0,h2_first,"2570,772,771","TLS 1.3,TLS 1.2",2,True,True,True,False,0.0,TLS1.3+TLS1.2,True,15,True,0.0,"2570,4865,4866,4867,49195,49199,49196,49200,52393,52392,49171,49172,156,157,47,53",TLS_AES_128_GCM_SHA256_TLS_AES_256_GCM_SHA384_TLS_CHACHA20_POLY1305_SHA256_ECDHE-ECDSA-AES128-GCM_ECDHE-RSA-AES128-GCM_ECDHE-ECDSA-AES256-GCM_ECDHE-RSA-AES256-GCM_ECDHE-ECDSA-CHACHA20_ECDHE-RSA-CHACHA20_ECDHE-RSA-AES128-CBC_ECDHE-RSA-AES256-CBC_RSA-AES128-GCM_RSA-AES256-GCM_RSA-AES128-CBC_RSA-AES256-CBC,4,True,0.0,"2570,4588,29,23,24",X25519MLKEM768_x25519_secp256r1_secp384r1,8,False,,"1027,2052,1025,1283,2053,1281,2054,1537",ecdsa_secp256r1_sha256_rsa_pss_rsae_sha256_rsa_pkcs1_sha256_ecdsa_secp384r1_sha384_rsa_pss_rsae_sha384_rsa_pkcs1_sha384_rsa_pss_rsae_sha512_rsa_pkcs1_sha512,True,t13d1516h2,8daaf6152771,d8a2da3f94cd,t,13,d,15,16,h2,"1:65536;2:0;4:6291456;6:262144|15663105|1:1:0:256,3:1:0:220,5:1:0:256,7:1:5:110,9:1:7:110,11:1:9:110,13:1:0:256,15:1:13:110|m,a,s,p",1:65536;2:0;4:6291456;6:262144,15663105.0,"1:1:0:256,3:1:0:220,5:1:0:256,7:1:5:110,9:1:7:110,11:1:9:110,13:1:0:256,15:1:13:110","m,a,s,p",8.0,65536.0,0.0,,6291456.0,,262144.0,":method,:authority,:scheme,:path"
trial-023,5ad6b03b-a770-4dfd-b673-12cd3f95ba2f,2026-05-02 12:00:39.759116074+00:00,205.172.168.145,POST,/collect,HTTP/2.0,0.183,TLS 1.3,h2,TLS_AES_128_GCM_SHA256,uxbehaviorsuite.com,True,ff4ac641c48cefa128d95613e1d8c792,t13d1516h2_8daaf6152771_d8a2da3f94cd,"h2,http/1.1",h2,2,True,True,0.0,h2_first,"2570,772,771","TLS 1.3,TLS 1.2",2,True,True,True,False,0.0,TLS1.3+TLS1.2,True,15,True,0.0,"2570,4865,4866,4867,49195,49199,49196,49200,52393,52392,49171,49172,156,157,47,53",TLS_AES_128_GCM_SHA256_TLS_AES_256_GCM_SHA384_TLS_CHACHA20_POLY1305_SHA256_ECDHE-ECDSA-AES128-GCM_ECDHE-RSA-AES128-GCM_ECDHE-ECDSA-AES256-GCM_ECDHE-RSA-AES256-GCM_ECDHE-ECDSA-CHACHA20_ECDHE-RSA-CHACHA20_ECDHE-RSA-AES128-CBC_ECDHE-RSA-AES256-CBC_RSA-AES128-GCM_RSA-AES256-GCM_RSA-AES128-CBC_RSA-AES256-CBC,4,True,0.0,"2570,4588,29,23,24",X25519MLKEM768_x25519_secp256r1_secp384r1,8,False,,"1027,2052,1025,1283,2053,1281,2054,1537",ecdsa_secp256r1_sha256_rsa_pss_rsae_sha256_rsa_pkcs1_sha256_ecdsa_secp384r1_sha384_rsa_pss_rsae_sha384_rsa_pkcs1_sha384_rsa_pss_rsae_sha512_rsa_pkcs1_sha512,True,t13d1516h2,8daaf6152771,d8a2da3f94cd,t,13,d,15,16,h2,"1:65536;2:0;4:6291456;6:262144|15663105|1:1:0:256,3:1:0:220,5:1:0:256,7:1:5:110,9:1:7:110,11:1:9:110,13:1:0:256,15:1:13:110,17:1:15:110|m,a,s,p",1:65536;2:0;4:6291456;6:262144,15663105.0,"1:1:0:256,3:1:0:220,5:1:0:256,7:1:5:110,9:1:7:110,11:1:9:110,13:1:0:256,15:1:13:110,17:1:15:110","m,a,s,p",9.0,65536.0,0.0,,6291456.0,,262144.0,":method,:authority,:scheme,:path"
trial-023,4bed8e80-d364-4047-a9e6-ce82d6577f92,2026-05-02 12:00:39.759385473+00:00,205.172.168.145,POST,/collect,HTTP/2.0,0.147,TLS 1.3,h2,TLS_AES_128_GCM_SHA256,uxbehaviorsuite.com,True,ff4ac641c48cefa128d95613e1d8c792,t13d1516h2_8daaf6152771_d8a2da3f94cd,"h2,http/1.1",h2,2,True,True,0.0,h2_first,"2570,772,771","TLS 1.3,TLS 1.2",2,True,True,True,False,0.0,TLS1.3+TLS1.2,True,15,True,0.0,"2570,4865,4866,4867,49195,49199,49196,49200,52393,52392,49171,49172,156,157,47,53",TLS_AES_128_GCM_SHA256_TLS_AES_256_GCM_SHA384_TLS_CHACHA20_POLY1305_SHA256_ECDHE-ECDSA-AES128-GCM_ECDHE-RSA-AES128-GCM_ECDHE-ECDSA-AES256-GCM_ECDHE-RSA-AES256-GCM_ECDHE-ECDSA-CHACHA20_ECDHE-RSA-CHACHA20_ECDHE-RSA-AES128-CBC_ECDHE-RSA-AES256-CBC_RSA-AES128-GCM_RSA-AES256-GCM_RSA-AES128-CBC_RSA-AES256-CBC,4,True,0.0,"2570,4588,29,23,24",X25519MLKEM768_x25519_secp256r1_secp384r1,8,False,,"1027,2052,1025,1283,2053,1281,2054,1537",ecdsa_secp256r1_sha256_rsa_pss_rsae_sha256_rsa_pkcs1_sha256_ecdsa_secp384r1_sha384_rsa_pss_rsae_sha384_rsa_pkcs1_sha384_rsa_pss_rsae_sha512_rsa_pkcs1_sha512,True,t13d1516h2,8daaf6152771,d8a2da3f94cd,t,13,d,15,16,h2,"1:65536;2:0;4:6291456;6:262144|15663105|1:1:0:256,3:1:0:220,5:1:0:256,7:1:5:110,9:1:7:110,11:1:9:110,13:1:0:256,15:1:13:110,17:1:15:110,19:1:17:110|m,a,s,p",1:65536;2:0;4:6291456;6:262144,15663105.0,"1:1:0:256,3:1:0:220,5:1:0:256,7:1:5:110,9:1:7:110,11:1:9:110,13:1:0:256,15:1:13:110,17:1:15:110,19:1:17:110","m,a,s,p",10.0,65536.0,0.0,,6291456.0,,262144.0,":method,:authority,:scheme,:path"
trial-023,cb7fb0d9-8a54-4010-9515-fa54492cb80a,2026-05-02 12:02:24.691322849+00:00,205.172.168.145,GET,/s2-scroll-gate.html,HTTP/2.0,0.903,TLS 1.3,h2,TLS_AES_128_GCM_SHA256,uxbehaviorsuite.com,True,ff4ac641c48cefa128d95613e1d8c792,t13d1516h2_8daaf6152771_d8a2da3f94cd,"h2,http/1.1",h2,2,True,True,0.0,h2_first,"2570,772,771","TLS 1.3,TLS 1.2",2,True,True,True,False,0.0,TLS1.3+TLS1.2,True,15,True,0.0,"2570,4865,4866,4867,49195,49199,49196,49200,52393,52392,49171,49172,156,157,47,53",TLS_AES_128_GCM_SHA256_TLS_AES_256_GCM_SHA384_TLS_CHACHA20_POLY1305_SHA256_ECDHE-ECDSA-AES128-GCM_ECDHE-RSA-AES128-GCM_ECDHE-ECDSA-AES256-GCM_ECDHE-RSA-AES256-GCM_ECDHE-ECDSA-CHACHA20_ECDHE-RSA-CHACHA20_ECDHE-RSA-AES128-CBC_ECDHE-RSA-AES256-CBC_RSA-AES128-GCM_RSA-AES256-GCM_RSA-AES128-CBC_RSA-AES256-CBC,4,True,0.0,"2570,4588,29,23,24",X25519MLKEM768_x25519_secp256r1_secp384r1,8,False,,"1027,2052,1025,1283,2053,1281,2054,1537",ecdsa_secp256r1_sha256_rsa_pss_rsae_sha256_rsa_pkcs1_sha256_ecdsa_secp384r1_sha384_rsa_pss_rsae_sha384_rsa_pkcs1_sha384_rsa_pss_rsae_sha512_rsa_pkcs1_sha512,True,t13d1516h2,8daaf6152771,d8a2da3f94cd,t,13,d,15,16,h2,"1:65536;2:0;4:6291456;6:262144|15663105|1:1:0:256,3:1:0:220,5:1:0:256,7:1:5:110,9:1:7:110,11:1:9:110,13:1:0:256,15:1:13:110,17:1:15:110,19:1:17:110,21:1:0:256,23:1:21:110|m,a,s,p",1:65536;2:0;4:6291456;6:262144,15663105.0,"1:1:0:256,3:1:0:220,5:1:0:256,7:1:5:110,9:1:7:110,11:1:9:110,13:1:0:256,15:1:13:110,17:1:15:110,19:1:17:110,21:1:0:256,23:1:21:110","m,a,s,p",12.0,65536.0,0.0,,6291456.0,,262144.0,":method,:authority,:scheme,:path"
trial-023,7b7943a3-b977-414b-acd0-df74c40f7091,2026-05-02 12:02:24.691642245+00:00,205.172.168.145,POST,/collect,HTTP/2.0,0.588,TLS 1.3,h2,TLS_AES_128_GCM_SHA256,uxbehaviorsuite.com,True,ff4ac641c48cefa128d95613e1d8c792,t13d1516h2_8daaf6152771_d8a2da3f94cd,"h2,http/1.1",h2,2,True,True,0.0,h2_first,"2570,772,771","TLS 1.3,TLS 1.2",2,True,True,True,False,0.0,TLS1.3+TLS1.2,True,15,True,0.0,"2570,4865,4866,4867,49195,49199,49196,49200,52393,52392,49171,49172,156,157,47,53",TLS_AES_128_GCM_SHA256_TLS_AES_256_GCM_SHA384_TLS_CHACHA20_POLY1305_SHA256_ECDHE-ECDSA-AES128-GCM_ECDHE-RSA-AES128-GCM_ECDHE-ECDSA-AES256-GCM_ECDHE-RSA-AES256-GCM_ECDHE-ECDSA-CHACHA20_ECDHE-RSA-CHACHA20_ECDHE-RSA-AES128-CBC_ECDHE-RSA-AES256-CBC_RSA-AES128-GCM_RSA-AES256-GCM_RSA-AES128-CBC_RSA-AES256-CBC,4,True,0.0,"2570,4588,29,23,24",X25519MLKEM768_x25519_secp256r1_secp384r1,8,False,,"1027,2052,1025,1283,2053,1281,2054,1537",ecdsa_secp256r1_sha256_rsa_pss_rsae_sha256_rsa_pkcs1_sha256_ecdsa_secp384r1_sha384_rsa_pss_rsae_sha384_rsa_pkcs1_sha384_rsa_pss_rsae_sha512_rsa_pkcs1_sha512,True,t13d1516h2,8daaf6152771,d8a2da3f94cd,t,13,d,15,16,h2,"1:65536;2:0;4:6291456;6:262144|15663105|1:1:0:256,3:1:0:220,5:1:0:256,7:1:5:110,9:1:7:110,11:1:9:110,13:1:0:256,15:1:13:110,17:1:15:110,19:1:17:110,21:1:0:256,23:1:21:110|m,a,s,p",1:65536;2:0;4:6291456;6:262144,15663105.0,"1:1:0:256,3:1:0:220,5:1:0:256,7:1:5:110,9:1:7:110,11:1:9:110,13:1:0:256,15:1:13:110,17:1:15:110,19:1:17:110,21:1:0:256,23:1:21:110","m,a,s,p",12.0,65536.0,0.0,,6291456.0,,262144.0,":method,:authority,:scheme,:path"
trial-023,0868ce33-1841-4bf0-94b4-049e2100b7b6,2026-05-02 12:02:24.711992029+00:00,205.172.168.145,POST,/collect,HTTP/2.0,0.266,TLS 1.3,h2,TLS_AES_128_GCM_SHA256,uxbehaviorsuite.com,True,ff4ac641c48cefa128d95613e1d8c792,t13d1516h2_8daaf6152771_d8a2da3f94cd,"h2,http/1.1",h2,2,True,True,0.0,h2_first,"2570,772,771","TLS 1.3,TLS 1.2",2,True,True,True,False,0.0,TLS1.3+TLS1.2,True,15,True,0.0,"2570,4865,4866,4867,49195,49199,49196,49200,52393,52392,49171,49172,156,157,47,53",TLS_AES_128_GCM_SHA256_TLS_AES_256_GCM_SHA384_TLS_CHACHA20_POLY1305_SHA256_ECDHE-ECDSA-AES128-GCM_ECDHE-RSA-AES128-GCM_ECDHE-ECDSA-AES256-GCM_ECDHE-RSA-AES256-GCM_ECDHE-ECDSA-CHACHA20_ECDHE-RSA-CHACHA20_ECDHE-RSA-AES128-CBC_ECDHE-RSA-AES256-CBC_RSA-AES128-GCM_RSA-AES256-GCM_RSA-AES128-CBC_RSA-AES256-CBC,4,True,0.0,"2570,4588,29,23,24",X25519MLKEM768_x25519_secp256r1_secp384r1,8,False,,"1027,2052,1025,1283,2053,1281,2054,1537",ecdsa_secp256r1_sha256_rsa_pss_rsae_sha256_rsa_pkcs1_sha256_ecdsa_secp384r1_sha384_rsa_pss_rsae_sha384_rsa_pkcs1_sha384_rsa_pss_rsae_sha512_rsa_pkcs1_sha512,True,t13d1516h2,8daaf6152771,d8a2da3f94cd,t,13,d,15,16,h2,"1:65536;2:0;4:6291456;6:262144|15663105|1:1:0:256,3:1:0:220,5:1:0:256,7:1:5:110,9:1:7:110,11:1:9:110,13:1:0:256,15:1:13:110,17:1:15:110,19:1:17:110,21:1:0:256,23:1:21:110,25:1:23:110|m,a,s,p",1:65536;2:0;4:6291456;6:262144,15663105.0,"1:1:0:256,3:1:0:220,5:1:0:256,7:1:5:110,9:1:7:110,11:1:9:110,13:1:0:256,15:1:13:110,17:1:15:110,19:1:17:110,21:1:0:256,23:1:21:110,25:1:23:110","m,a,s,p",13.0,65536.0,0.0,,6291456.0,,262144.0,":method,:authority,:scheme,:path"
trial-023,9dd25918-934d-4a25-815b-8eb95061291a,2026-05-02 12:02:24.713104947+00:00,205.172.168.145,POST,/collect,HTTP/2.0,0.203,TLS 1.3,h2,TLS_AES_128_GCM_SHA256,uxbehaviorsuite.com,True,ff4ac641c48cefa128d95613e1d8c792,t13d1516h2_8daaf6152771_d8a2da3f94cd,"h2,http/1.1",h2,2,True,True,0.0,h2_first,"2570,772,771","TLS 1.3,TLS 1.2",2,True,True,True,False,0.0,TLS1.3+TLS1.2,True,15,True,0.0,"2570,4865,4866,4867,49195,49199,49196,49200,52393,52392,49171,49172,156,157,47,53",TLS_AES_128_GCM_SHA256_TLS_AES_256_GCM_SHA384_TLS_CHACHA20_POLY1305_SHA256_ECDHE-ECDSA-AES128-GCM_ECDHE-RSA-AES128-GCM_ECDHE-ECDSA-AES256-GCM_ECDHE-RSA-AES256-GCM_ECDHE-ECDSA-CHACHA20_ECDHE-RSA-CHACHA20_ECDHE-RSA-AES128-CBC_ECDHE-RSA-AES256-CBC_RSA-AES128-GCM_RSA-AES256-GCM_RSA-AES128-CBC_RSA-AES256-CBC,4,True,0.0,"2570,4588,29,23,24",X25519MLKEM768_x25519_secp256r1_secp384r1,8,False,,"1027,2052,1025,1283,2053,1281,2054,1537",ecdsa_secp256r1_sha256_rsa_pss_rsae_sha256_rsa_pkcs1_sha256_ecdsa_secp384r1_sha384_rsa_pss_rsae_sha384_rsa_pkcs1_sha384_rsa_pss_rsae_sha512_rsa_pkcs1_sha512,True,t13d1516h2,8daaf6152771,d8a2da3f94cd,t,13,d,15,16,h2,"1:65536;2:0;4:6291456;6:262144|15663105|1:1:0:256,3:1:0:220,5:1:0:256,7:1:5:110,9:1:7:110,11:1:9:110,13:1:0:256,15:1:13:110,17:1:15:110,19:1:17:110,21:1:0:256,23:1:21:110,25:1:23:110,27:1:25:110|m,a,s,p",1:65536;2:0;4:6291456;6:262144,15663105.0,"1:1:0:256,3:1:0:220,5:1:0:256,7:1:5:110,9:1:7:110,11:1:9:110,13:1:0:256,15:1:13:110,17:1:15:110,19:1:17:110,21:1:0:256,23:1:21:110,25:1:23:110,27:1:25:110","m,a,s,p",14.0,65536.0,0.0,,6291456.0,,262144.0,":method,:authority,:scheme,:path"
trial-023,bc48318b-f4fb-4209-99e7-a3a83dade84b,2026-05-02 12:04:16.532766460+00:00,205.172.168.145,GET,/s3-hover-reveal.html,HTTP/2.0,0.539,TLS 1.3,h2,TLS_AES_128_GCM_SHA256,uxbehaviorsuite.com,True,ff4ac641c48cefa128d95613e1d8c792,t13d1516h2_8daaf6152771_d8a2da3f94cd,"h2,http/1.1",h2,2,True,True,0.0,h2_first,"2570,772,771","TLS 1.3,TLS 1.2",2,True,True,True,False,0.0,TLS1.3+TLS1.2,True,15,True,0.0,"2570,4865,4866,4867,49195,49199,49196,49200,52393,52392,49171,49172,156,157,47,53",TLS_AES_128_GCM_SHA256_TLS_AES_256_GCM_SHA384_TLS_CHACHA20_POLY1305_SHA256_ECDHE-ECDSA-AES128-GCM_ECDHE-RSA-AES128-GCM_ECDHE-ECDSA-AES256-GCM_ECDHE-RSA-AES256-GCM_ECDHE-ECDSA-CHACHA20_ECDHE-RSA-CHACHA20_ECDHE-RSA-AES128-CBC_ECDHE-RSA-AES256-CBC_RSA-AES128-GCM_RSA-AES256-GCM_RSA-AES128-CBC_RSA-AES256-CBC,4,True,0.0,"2570,4588,29,23,24",X25519MLKEM768_x25519_secp256r1_secp384r1,8,False,,"1027,2052,1025,1283,2053,1281,2054,1537",ecdsa_secp256r1_sha256_rsa_pss_rsae_sha256_rsa_pkcs1_sha256_ecdsa_secp384r1_sha384_rsa_pss_rsae_sha384_rsa_pkcs1_sha384_rsa_pss_rsae_sha512_rsa_pkcs1_sha512,True,t13d1516h2,8daaf6152771,d8a2da3f94cd,t,13,d,15,16,h2,"1:65536;2:0;4:6291456;6:262144|15663105|1:1:0:256,3:1:0:220,5:1:0:256,7:1:5:110,9:1:7:110,11:1:9:110,13:1:0:256,15:1:13:110,17:1:15:110,19:1:17:110,21:1:0:256,23:1:21:110,25:1:23:110,27:1:25:110,29:1:0:256,31:1:29:110|m,a,s,p",1:65536;2:0;4:6291456;6:262144,15663105.0,"1:1:0:256,3:1:0:220,5:1:0:256,7:1:5:110,9:1:7:110,11:1:9:110,13:1:0:256,15:1:13:110,17:1:15:110,19:1:17:110,21:1:0:256,23:1:21:110,25:1:23:110,27:1:25:110,29:1:0:256,31:1:29:110","m,a,s,p",16.0,65536.0,0.0,,6291456.0,,262144.0,":method,:authority,:scheme,:path"
trial-023,71db68b5-8df9-4ae8-bc12-434104aef7a0,2026-05-02 12:04:16.532839299+00:00,205.172.168.145,POST,/collect,HTTP/2.0,0.357,TLS 1.3,h2,TLS_AES_128_GCM_SHA256,uxbehaviorsuite.com,True,ff4ac641c48cefa128d95613e1d8c792,t13d1516h2_8daaf6152771_d8a2da3f94cd,"h2,http/1.1",h2,2,True,True,0.0,h2_first,"2570,772,771","TLS 1.3,TLS 1.2",2,True,True,True,False,0.0,TLS1.3+TLS1.2,True,15,True,0.0,"2570,4865,4866,4867,49195,49199,49196,49200,52393,52392,49171,49172,156,157,47,53",TLS_AES_128_GCM_SHA256_TLS_AES_256_GCM_SHA384_TLS_CHACHA20_POLY1305_SHA256_ECDHE-ECDSA-AES128-GCM_ECDHE-RSA-AES128-GCM_ECDHE-ECDSA-AES256-GCM_ECDHE-RSA-AES256-GCM_ECDHE-ECDSA-CHACHA20_ECDHE-RSA-CHACHA20_ECDHE-RSA-AES128-CBC_ECDHE-RSA-AES256-CBC_RSA-AES128-GCM_RSA-AES256-GCM_RSA-AES128-CBC_RSA-AES256-CBC,4,True,0.0,"2570,4588,29,23,24",X25519MLKEM768_x25519_secp256r1_secp384r1,8,False,,"1027,2052,1025,1283,2053,1281,2054,1537",ecdsa_secp256r1_sha256_rsa_pss_rsae_sha256_rsa_pkcs1_sha256_ecdsa_secp384r1_sha384_rsa_pss_rsae_sha384_rsa_pkcs1_sha384_rsa_pss_rsae_sha512_rsa_pkcs1_sha512,True,t13d1516h2,8daaf6152771,d8a2da3f94cd,t,13,d,15,16,h2,"1:65536;2:0;4:6291456;6:262144|15663105|1:1:0:256,3:1:0:220,5:1:0:256,7:1:5:110,9:1:7:110,11:1:9:110,13:1:0:256,15:1:13:110,17:1:15:110,19:1:17:110,21:1:0:256,23:1:21:110,25:1:23:110,27:1:25:110,29:1:0:256,31:1:29:110|m,a,s,p",1:65536;2:0;4:6291456;6:262144,15663105.0,"1:1:0:256,3:1:0:220,5:1:0:256,7:1:5:110,9:1:7:110,11:1:9:110,13:1:0:256,15:1:13:110,17:1:15:110,19:1:17:110,21:1:0:256,23:1:21:110,25:1:23:110,27:1:25:110,29:1:0:256,31:1:29:110","m,a,s,p",16.0,65536.0,0.0,,6291456.0,,262144.0,":method,:authority,:scheme,:path"
trial-023,ab490794-37ae-4800-becd-b29ac032e15b,2026-05-02 12:04:16.553507215+00:00,205.172.168.145,POST,/collect,HTTP/2.0,0.253,TLS 1.3,h2,TLS_AES_128_GCM_SHA256,uxbehaviorsuite.com,True,ff4ac641c48cefa128d95613e1d8c792,t13d1516h2_8daaf6152771_d8a2da3f94cd,"h2,http/1.1",h2,2,True,True,0.0,h2_first,"2570,772,771","TLS 1.3,TLS 1.2",2,True,True,True,False,0.0,TLS1.3+TLS1.2,True,15,True,0.0,"2570,4865,4866,4867,49195,49199,49196,49200,52393,52392,49171,49172,156,157,47,53",TLS_AES_128_GCM_SHA256_TLS_AES_256_GCM_SHA384_TLS_CHACHA20_POLY1305_SHA256_ECDHE-ECDSA-AES128-GCM_ECDHE-RSA-AES128-GCM_ECDHE-ECDSA-AES256-GCM_ECDHE-RSA-AES256-GCM_ECDHE-ECDSA-CHACHA20_ECDHE-RSA-CHACHA20_ECDHE-RSA-AES128-CBC_ECDHE-RSA-AES256-CBC_RSA-AES128-GCM_RSA-AES256-GCM_RSA-AES128-CBC_RSA-AES256-CBC,4,True,0.0,"2570,4588,29,23,24",X25519MLKEM768_x25519_secp256r1_secp384r1,8,False,,"1027,2052,1025,1283,2053,1281,2054,1537",ecdsa_secp256r1_sha256_rsa_pss_rsae_sha256_rsa_pkcs1_sha256_ecdsa_secp384r1_sha384_rsa_pss_rsae_sha384_rsa_pkcs1_sha384_rsa_pss_rsae_sha512_rsa_pkcs1_sha512,True,t13d1516h2,8daaf6152771,d8a2da3f94cd,t,13,d,15,16,h2,"1:65536;2:0;4:6291456;6:262144|15663105|1:1:0:256,3:1:0:220,5:1:0:256,7:1:5:110,9:1:7:110,11:1:9:110,13:1:0:256,15:1:13:110,17:1:15:110,19:1:17:110,21:1:0:256,23:1:21:110,25:1:23:110,27:1:25:110,29:1:0:256,31:1:29:110,33:1:0:110|m,a,s,p",1:65536;2:0;4:6291456;6:262144,15663105.0,"1:1:0:256,3:1:0:220,5:1:0:256,7:1:5:110,9:1:7:110,11:1:9:110,13:1:0:256,15:1:13:110,17:1:15:110,19:1:17:110,21:1:0:256,23:1:21:110,25:1:23:110,27:1:25:110,29:1:0:256,31:1:29:110,33:1:0:110","m,a,s,p",17.0,65536.0,0.0,,6291456.0,,262144.0,":method,:authority,:scheme,:path"
trial-023,22029e02-e201-4baf-a0af-ecab8518aa20,2026-05-02 12:04:16.554325394+00:00,205.172.168.145,POST,/collect,HTTP/2.0,0.226,TLS 1.3,h2,TLS_AES_128_GCM_SHA256,uxbehaviorsuite.com,True,ff4ac641c48cefa128d95613e1d8c792,t13d1516h2_8daaf6152771_d8a2da3f94cd,"h2,http/1.1",h2,2,True,True,0.0,h2_first,"2570,772,771","TLS 1.3,TLS 1.2",2,True,True,True,False,0.0,TLS1.3+TLS1.2,True,15,True,0.0,"2570,4865,4866,4867,49195,49199,49196,49200,52393,52392,49171,49172,156,157,47,53",TLS_AES_128_GCM_SHA256_TLS_AES_256_GCM_SHA384_TLS_CHACHA20_POLY1305_SHA256_ECDHE-ECDSA-AES128-GCM_ECDHE-RSA-AES128-GCM_ECDHE-ECDSA-AES256-GCM_ECDHE-RSA-AES256-GCM_ECDHE-ECDSA-CHACHA20_ECDHE-RSA-CHACHA20_ECDHE-RSA-AES128-CBC_ECDHE-RSA-AES256-CBC_RSA-AES128-GCM_RSA-AES256-GCM_RSA-AES128-CBC_RSA-AES256-CBC,4,True,0.0,"2570,4588,29,23,24",X25519MLKEM768_x25519_secp256r1_secp384r1,8,False,,"1027,2052,1025,1283,2053,1281,2054,1537",ecdsa_secp256r1_sha256_rsa_pss_rsae_sha256_rsa_pkcs1_sha256_ecdsa_secp384r1_sha384_rsa_pss_rsae_sha384_rsa_pkcs1_sha384_rsa_pss_rsae_sha512_rsa_pkcs1_sha512,True,t13d1516h2,8daaf6152771,d8a2da3f94cd,t,13,d,15,16,h2,"1:65536;2:0;4:6291456;6:262144|15663105|1:1:0:256,3:1:0:220,5:1:0:256,7:1:5:110,9:1:7:110,11:1:9:110,13:1:0:256,15:1:13:110,17:1:15:110,19:1:17:110,21:1:0:256,23:1:21:110,25:1:23:110,27:1:25:110,29:1:0:256,31:1:29:110,33:1:0:110,35:1:33:110|m,a,s,p",1:65536;2:0;4:6291456;6:262144,15663105.0,"1:1:0:256,3:1:0:220,5:1:0:256,7:1:5:110,9:1:7:110,11:1:9:110,13:1:0:256,15:1:13:110,17:1:15:110,19:1:17:110,21:1:0:256,23:1:21:110,25:1:23:110,27:1:25:110,29:1:0:256,31:1:29:110,33:1:0:110,35:1:33:110","m,a,s,p",18.0,65536.0,0.0,,6291456.0,,262144.0,":method,:authority,:scheme,:path"
trial-023,888859af-9922-46e3-87ab-ab2ae724b468,2026-05-02 12:06:00.281349671+00:00,71.6.134.232,GET,/,HTTP/1.1,0.266,TLS 1.3,,TLS_AES_128_GCM_SHA256,shdwt.top,True,773454095eae22d82b441a3d5fd38f2c,t13d151000_8daaf6152771_18e8a06d9b2d,,,0,False,False,,none,"772,771,770,769","TLS 1.3,TLS 1.2,TLS 1.1,TLS 1.0",4,False,True,True,True,,TLS1.3+TLS1.2+TLS1.1+TLS1.0,True,15,True,0.0,"2570,4865,4866,4867,49195,49199,49196,49200,52393,52392,49171,49172,156,157,47,53",TLS_AES_128_GCM_SHA256_TLS_AES_256_GCM_SHA384_TLS_CHACHA20_POLY1305_SHA256_ECDHE-ECDSA-AES128-GCM_ECDHE-RSA-AES128-GCM_ECDHE-ECDSA-AES256-GCM_ECDHE-RSA-AES256-GCM_ECDHE-ECDSA-CHACHA20_ECDHE-RSA-CHACHA20_ECDHE-RSA-AES128-CBC_ECDHE-RSA-AES256-CBC_RSA-AES128-GCM_RSA-AES256-GCM_RSA-AES128-CBC_RSA-AES256-CBC,4,False,,"29,23,24,25",x25519_secp256r1_secp384r1_secp521r1,12,False,,"2052,1027,2055,2053,2054,1025,1281,1537,1283,1539,513,515",rsa_pss_rsae_sha256_ecdsa_secp256r1_sha256_2055_rsa_pss_rsae_sha384_rsa_pss_rsae_sha512_rsa_pkcs1_sha256_rsa_pkcs1_sha384_rsa_pkcs1_sha512_ecdsa_secp384r1_sha384_1539_513_ecdsa_sha1,False,t13d151000,8daaf6152771,18e8a06d9b2d,t,13,d,15,10,00,,,,,,,,,,,,,
trial-023,389a147e-21fb-48e2-8b96-25c42f5ddb12,2026-05-02 12:06:20.026274846+00:00,205.172.168.145,GET,/s4-dom-mismatch.html,HTTP/2.0,0.479,TLS 1.3,h2,TLS_AES_128_GCM_SHA256,uxbehaviorsuite.com,True,ff4ac641c48cefa128d95613e1d8c792,t13d1516h2_8daaf6152771_d8a2da3f94cd,"h2,http/1.1",h2,2,True,True,0.0,h2_first,"2570,772,771","TLS 1.3,TLS 1.2",2,True,True,True,False,0.0,TLS1.3+TLS1.2,True,15,True,0.0,"2570,4865,4866,4867,49195,49199,49196,49200,52393,52392,49171,49172,156,157,47,53",TLS_AES_128_GCM_SHA256_TLS_AES_256_GCM_SHA384_TLS_CHACHA20_POLY1305_SHA256_ECDHE-ECDSA-AES128-GCM_ECDHE-RSA-AES128-GCM_ECDHE-ECDSA-AES256-GCM_ECDHE-RSA-AES256-GCM_ECDHE-ECDSA-CHACHA20_ECDHE-RSA-CHACHA20_ECDHE-RSA-AES128-CBC_ECDHE-RSA-AES256-CBC_RSA-AES128-GCM_RSA-AES256-GCM_RSA-AES128-CBC_RSA-AES256-CBC,4,True,0.0,"2570,4588,29,23,24",X25519MLKEM768_x25519_secp256r1_secp384r1,8,False,,"1027,2052,1025,1283,2053,1281,2054,1537",ecdsa_secp256r1_sha256_rsa_pss_rsae_sha256_rsa_pkcs1_sha256_ecdsa_secp384r1_sha384_rsa_pss_rsae_sha384_rsa_pkcs1_sha384_rsa_pss_rsae_sha512_rsa_pkcs1_sha512,True,t13d1516h2,8daaf6152771,d8a2da3f94cd,t,13,d,15,16,h2,"1:65536;2:0;4:6291456;6:262144|15663105|1:1:0:256,3:1:0:220,5:1:0:256,7:1:5:110,9:1:7:110,11:1:9:110,13:1:0:256,15:1:13:110,17:1:15:110,19:1:17:110,21:1:0:256,23:1:21:110,25:1:23:110,27:1:25:110,29:1:0:256,31:1:29:110,33:1:0:110,35:1:33:110,37:1:0:256,39:1:37:110|m,a,s,p",1:65536;2:0;4:6291456;6:262144,15663105.0,"1:1:0:256,3:1:0:220,5:1:0:256,7:1:5:110,9:1:7:110,11:1:9:110,13:1:0:256,15:1:13:110,17:1:15:110,19:1:17:110,21:1:0:256,23:1:21:110,25:1:23:110,27:1:25:110,29:1:0:256,31:1:29:110,33:1:0:110,35:1:33:110,37:1:0:256,39:1:37:110","m,a,s,p",20.0,65536.0,0.0,,6291456.0,,262144.0,":method,:authority,:scheme,:path"
trial-023,20f34540-fbea-4275-8468-e06550fc6a51,2026-05-02 12:06:20.026380247+00:00,205.172.168.145,POST,/collect,HTTP/2.0,0.33,TLS 1.3,h2,TLS_AES_128_GCM_SHA256,uxbehaviorsuite.com,True,ff4ac641c48cefa128d95613e1d8c792,t13d1516h2_8daaf6152771_d8a2da3f94cd,"h2,http/1.1",h2,2,True,True,0.0,h2_first,"2570,772,771","TLS 1.3,TLS 1.2",2,True,True,True,False,0.0,TLS1.3+TLS1.2,True,15,True,0.0,"2570,4865,4866,4867,49195,49199,49196,49200,52393,52392,49171,49172,156,157,47,53",TLS_AES_128_GCM_SHA256_TLS_AES_256_GCM_SHA384_TLS_CHACHA20_POLY1305_SHA256_ECDHE-ECDSA-AES128-GCM_ECDHE-RSA-AES128-GCM_ECDHE-ECDSA-AES256-GCM_ECDHE-RSA-AES256-GCM_ECDHE-ECDSA-CHACHA20_ECDHE-RSA-CHACHA20_ECDHE-RSA-AES128-CBC_ECDHE-RSA-AES256-CBC_RSA-AES128-GCM_RSA-AES256-GCM_RSA-AES128-CBC_RSA-AES256-CBC,4,True,0.0,"2570,4588,29,23,24",X25519MLKEM768_x25519_secp256r1_secp384r1,8,False,,"1027,2052,1025,1283,2053,1281,2054,1537",ecdsa_secp256r1_sha256_rsa_pss_rsae_sha256_rsa_pkcs1_sha256_ecdsa_secp384r1_sha384_rsa_pss_rsae_sha384_rsa_pkcs1_sha384_rsa_pss_rsae_sha512_rsa_pkcs1_sha512,True,t13d1516h2,8daaf6152771,d8a2da3f94cd,t,13,d,15,16,h2,"1:65536;2:0;4:6291456;6:262144|15663105|1:1:0:256,3:1:0:220,5:1:0:256,7:1:5:110,9:1:7:110,11:1:9:110,13:1:0:256,15:1:13:110,17:1:15:110,19:1:17:110,21:1:0:256,23:1:21:110,25:1:23:110,27:1:25:110,29:1:0:256,31:1:29:110,33:1:0:110,35:1:33:110,37:1:0:256,39:1:37:110|m,a,s,p",1:65536;2:0;4:6291456;6:262144,15663105.0,"1:1:0:256,3:1:0:220,5:1:0:256,7:1:5:110,9:1:7:110,11:1:9:110,13:1:0:256,15:1:13:110,17:1:15:110,19:1:17:110,21:1:0:256,23:1:21:110,25:1:23:110,27:1:25:110,29:1:0:256,31:1:29:110,33:1:0:110,35:1:33:110,37:1:0:256,39:1:37:110","m,a,s,p",20.0,65536.0,0.0,,6291456.0,,262144.0,":method,:authority,:scheme,:path"
trial-023,f752a6f7-374b-4d2e-9725-235dd6d0db3c,2026-05-02 12:06:20.053269310+00:00,205.172.168.145,POST,/collect,HTTP/2.0,0.246,TLS 1.3,h2,TLS_AES_128_GCM_SHA256,uxbehaviorsuite.com,True,ff4ac641c48cefa128d95613e1d8c792,t13d1516h2_8daaf6152771_d8a2da3f94cd,"h2,http/1.1",h2,2,True,True,0.0,h2_first,"2570,772,771","TLS 1.3,TLS 1.2",2,True,True,True,False,0.0,TLS1.3+TLS1.2,True,15,True,0.0,"2570,4865,4866,4867,49195,49199,49196,49200,52393,52392,49171,49172,156,157,47,53",TLS_AES_128_GCM_SHA256_TLS_AES_256_GCM_SHA384_TLS_CHACHA20_POLY1305_SHA256_ECDHE-ECDSA-AES128-GCM_ECDHE-RSA-AES128-GCM_ECDHE-ECDSA-AES256-GCM_ECDHE-RSA-AES256-GCM_ECDHE-ECDSA-CHACHA20_ECDHE-RSA-CHACHA20_ECDHE-RSA-AES128-CBC_ECDHE-RSA-AES256-CBC_RSA-AES128-GCM_RSA-AES256-GCM_RSA-AES128-CBC_RSA-AES256-CBC,4,True,0.0,"2570,4588,29,23,24",X25519MLKEM768_x25519_secp256r1_secp384r1,8,False,,"1027,2052,1025,1283,2053,1281,2054,1537",ecdsa_secp256r1_sha256_rsa_pss_rsae_sha256_rsa_pkcs1_sha256_ecdsa_secp384r1_sha384_rsa_pss_rsae_sha384_rsa_pkcs1_sha384_rsa_pss_rsae_sha512_rsa_pkcs1_sha512,True,t13d1516h2,8daaf6152771,d8a2da3f94cd,t,13,d,15,16,h2,"1:65536;2:0;4:6291456;6:262144|15663105|1:1:0:256,3:1:0:220,5:1:0:256,7:1:5:110,9:1:7:110,11:1:9:110,13:1:0:256,15:1:13:110,17:1:15:110,19:1:17:110,21:1:0:256,23:1:21:110,25:1:23:110,27:1:25:110,29:1:0:256,31:1:29:110,33:1:0:110,35:1:33:110,37:1:0:256,39:1:37:110,41:1:39:110|m,a,s,p",1:65536;2:0;4:6291456;6:262144,15663105.0,"1:1:0:256,3:1:0:220,5:1:0:256,7:1:5:110,9:1:7:110,11:1:9:110,13:1:0:256,15:1:13:110,17:1:15:110,19:1:17:110,21:1:0:256,23:1:21:110,25:1:23:110,27:1:25:110,29:1:0:256,31:1:29:110,33:1:0:110,35:1:33:110,37:1:0:256,39:1:37:110,41:1:39:110","m,a,s,p",21.0,65536.0,0.0,,6291456.0,,262144.0,":method,:authority,:scheme,:path"
trial-023,c004c4ba-a2aa-4acc-897c-370b0c4e0353,2026-05-02 12:06:20.053869820+00:00,205.172.168.145,POST,/collect,HTTP/2.0,0.207,TLS 1.3,h2,TLS_AES_128_GCM_SHA256,uxbehaviorsuite.com,True,ff4ac641c48cefa128d95613e1d8c792,t13d1516h2_8daaf6152771_d8a2da3f94cd,"h2,http/1.1",h2,2,True,True,0.0,h2_first,"2570,772,771","TLS 1.3,TLS 1.2",2,True,True,True,False,0.0,TLS1.3+TLS1.2,True,15,True,0.0,"2570,4865,4866,4867,49195,49199,49196,49200,52393,52392,49171,49172,156,157,47,53",TLS_AES_128_GCM_SHA256_TLS_AES_256_GCM_SHA384_TLS_CHACHA20_POLY1305_SHA256_ECDHE-ECDSA-AES128-GCM_ECDHE-RSA-AES128-GCM_ECDHE-ECDSA-AES256-GCM_ECDHE-RSA-AES256-GCM_ECDHE-ECDSA-CHACHA20_ECDHE-RSA-CHACHA20_ECDHE-RSA-AES128-CBC_ECDHE-RSA-AES256-CBC_RSA-AES128-GCM_RSA-AES256-GCM_RSA-AES128-CBC_RSA-AES256-CBC,4,True,0.0,"2570,4588,29,23,24",X25519MLKEM768_x25519_secp256r1_secp384r1,8,False,,"1027,2052,1025,1283,2053,1281,2054,1537",ecdsa_secp256r1_sha256_rsa_pss_rsae_sha256_rsa_pkcs1_sha256_ecdsa_secp384r1_sha384_rsa_pss_rsae_sha384_rsa_pkcs1_sha384_rsa_pss_rsae_sha512_rsa_pkcs1_sha512,True,t13d1516h2,8daaf6152771,d8a2da3f94cd,t,13,d,15,16,h2,"1:65536;2:0;4:6291456;6:262144|15663105|1:1:0:256,3:1:0:220,5:1:0:256,7:1:5:110,9:1:7:110,11:1:9:110,13:1:0:256,15:1:13:110,17:1:15:110,19:1:17:110,21:1:0:256,23:1:21:110,25:1:23:110,27:1:25:110,29:1:0:256,31:1:29:110,33:1:0:110,35:1:33:110,37:1:0:256,39:1:37:110,41:1:39:110,43:1:41:110|m,a,s,p",1:65536;2:0;4:6291456;6:262144,15663105.0,"1:1:0:256,3:1:0:220,5:1:0:256,7:1:5:110,9:1:7:110,11:1:9:110,13:1:0:256,15:1:13:110,17:1:15:110,19:1:17:110,21:1:0:256,23:1:21:110,25:1:23:110,27:1:25:110,29:1:0:256,31:1:29:110,33:1:0:110,35:1:33:110,37:1:0:256,39:1:37:110,41:1:39:110,43:1:41:110","m,a,s,p",22.0,65536.0,0.0,,6291456.0,,262144.0,":method,:authority,:scheme,:path"
trial-023,c5092340-20a5-4d97-9cfb-e550db2a3002,2026-05-02 12:07:49.653146121+00:00,205.172.168.145,GET,/s5-delayed-feedback.html,HTTP/2.0,0.443,TLS 1.3,h2,TLS_AES_128_GCM_SHA256,uxbehaviorsuite.com,True,ff4ac641c48cefa128d95613e1d8c792,t13d1516h2_8daaf6152771_d8a2da3f94cd,"h2,http/1.1",h2,2,True,True,0.0,h2_first,"2570,772,771","TLS 1.3,TLS 1.2",2,True,True,True,False,0.0,TLS1.3+TLS1.2,True,15,True,0.0,"2570,4865,4866,4867,49195,49199,49196,49200,52393,52392,49171,49172,156,157,47,53",TLS_AES_128_GCM_SHA256_TLS_AES_256_GCM_SHA384_TLS_CHACHA20_POLY1305_SHA256_ECDHE-ECDSA-AES128-GCM_ECDHE-RSA-AES128-GCM_ECDHE-ECDSA-AES256-GCM_ECDHE-RSA-AES256-GCM_ECDHE-ECDSA-CHACHA20_ECDHE-RSA-CHACHA20_ECDHE-RSA-AES128-CBC_ECDHE-RSA-AES256-CBC_RSA-AES128-GCM_RSA-AES256-GCM_RSA-AES128-CBC_RSA-AES256-CBC,4,True,0.0,"2570,4588,29,23,24",X25519MLKEM768_x25519_secp256r1_secp384r1,8,False,,"1027,2052,1025,1283,2053,1281,2054,1537",ecdsa_secp256r1_sha256_rsa_pss_rsae_sha256_rsa_pkcs1_sha256_ecdsa_secp384r1_sha384_rsa_pss_rsae_sha384_rsa_pkcs1_sha384_rsa_pss_rsae_sha512_rsa_pkcs1_sha512,True,t13d1516h2,8daaf6152771,d8a2da3f94cd,t,13,d,15,16,h2,"1:65536;2:0;4:6291456;6:262144|15663105|1:1:0:256,3:1:0:220,5:1:0:256,7:1:5:110,9:1:7:110,11:1:9:110,13:1:0:256,15:1:13:110,17:1:15:110,19:1:17:110,21:1:0:256,23:1:21:110,25:1:23:110,27:1:25:110,29:1:0:256,31:1:29:110,33:1:0:110,35:1:33:110,37:1:0:256,39:1:37:110,41:1:39:110,43:1:41:110,45:1:0:256|m,a,s,p",1:65536;2:0;4:6291456;6:262144,15663105.0,"1:1:0:256,3:1:0:220,5:1:0:256,7:1:5:110,9:1:7:110,11:1:9:110,13:1:0:256,15:1:13:110,17:1:15:110,19:1:17:110,21:1:0:256,23:1:21:110,25:1:23:110,27:1:25:110,29:1:0:256,31:1:29:110,33:1:0:110,35:1:33:110,37:1:0:256,39:1:37:110,41:1:39:110,43:1:41:110,45:1:0:256","m,a,s,p",23.0,65536.0,0.0,,6291456.0,,262144.0,":method,:authority,:scheme,:path"
trial-023,a018d549-8f15-4bb0-a422-7418bfdc019f,2026-05-02 12:07:49.653804812+00:00,205.172.168.145,POST,/collect,HTTP/2.0,0.285,TLS 1.3,h2,TLS_AES_128_GCM_SHA256,uxbehaviorsuite.com,True,ff4ac641c48cefa128d95613e1d8c792,t13d1516h2_8daaf6152771_d8a2da3f94cd,"h2,http/1.1",h2,2,True,True,0.0,h2_first,"2570,772,771","TLS 1.3,TLS 1.2",2,True,True,True,False,0.0,TLS1.3+TLS1.2,True,15,True,0.0,"2570,4865,4866,4867,49195,49199,49196,49200,52393,52392,49171,49172,156,157,47,53",TLS_AES_128_GCM_SHA256_TLS_AES_256_GCM_SHA384_TLS_CHACHA20_POLY1305_SHA256_ECDHE-ECDSA-AES128-GCM_ECDHE-RSA-AES128-GCM_ECDHE-ECDSA-AES256-GCM_ECDHE-RSA-AES256-GCM_ECDHE-ECDSA-CHACHA20_ECDHE-RSA-CHACHA20_ECDHE-RSA-AES128-CBC_ECDHE-RSA-AES256-CBC_RSA-AES128-GCM_RSA-AES256-GCM_RSA-AES128-CBC_RSA-AES256-CBC,4,True,0.0,"2570,4588,29,23,24",X25519MLKEM768_x25519_secp256r1_secp384r1,8,False,,"1027,2052,1025,1283,2053,1281,2054,1537",ecdsa_secp256r1_sha256_rsa_pss_rsae_sha256_rsa_pkcs1_sha256_ecdsa_secp384r1_sha384_rsa_pss_rsae_sha384_rsa_pkcs1_sha384_rsa_pss_rsae_sha512_rsa_pkcs1_sha512,True,t13d1516h2,8daaf6152771,d8a2da3f94cd,t,13,d,15,16,h2,"1:65536;2:0;4:6291456;6:262144|15663105|1:1:0:256,3:1:0:220,5:1:0:256,7:1:5:110,9:1:7:110,11:1:9:110,13:1:0:256,15:1:13:110,17:1:15:110,19:1:17:110,21:1:0:256,23:1:21:110,25:1:23:110,27:1:25:110,29:1:0:256,31:1:29:110,33:1:0:110,35:1:33:110,37:1:0:256,39:1:37:110,41:1:39:110,43:1:41:110,45:1:0:256,47:1:45:110|m,a,s,p",1:65536;2:0;4:6291456;6:262144,15663105.0,"1:1:0:256,3:1:0:220,5:1:0:256,7:1:5:110,9:1:7:110,11:1:9:110,13:1:0:256,15:1:13:110,17:1:15:110,19:1:17:110,21:1:0:256,23:1:21:110,25:1:23:110,27:1:25:110,29:1:0:256,31:1:29:110,33:1:0:110,35:1:33:110,37:1:0:256,39:1:37:110,41:1:39:110,43:1:41:110,45:1:0:256,47:1:45:110","m,a,s,p",24.0,65536.0,0.0,,6291456.0,,262144.0,":method,:authority,:scheme,:path"
trial-023,12c0a7c6-0462-4d24-a691-7f19e5e2b0ac,2026-05-02 12:07:49.673921319+00:00,205.172.168.145,POST,/collect,HTTP/2.0,0.224,TLS 1.3,h2,TLS_AES_128_GCM_SHA256,uxbehaviorsuite.com,True,ff4ac641c48cefa128d95613e1d8c792,t13d1516h2_8daaf6152771_d8a2da3f94cd,"h2,http/1.1",h2,2,True,True,0.0,h2_first,"2570,772,771","TLS 1.3,TLS 1.2",2,True,True,True,False,0.0,TLS1.3+TLS1.2,True,15,True,0.0,"2570,4865,4866,4867,49195,49199,49196,49200,52393,52392,49171,49172,156,157,47,53",TLS_AES_128_GCM_SHA256_TLS_AES_256_GCM_SHA384_TLS_CHACHA20_POLY1305_SHA256_ECDHE-ECDSA-AES128-GCM_ECDHE-RSA-AES128-GCM_ECDHE-ECDSA-AES256-GCM_ECDHE-RSA-AES256-GCM_ECDHE-ECDSA-CHACHA20_ECDHE-RSA-CHACHA20_ECDHE-RSA-AES128-CBC_ECDHE-RSA-AES256-CBC_RSA-AES128-GCM_RSA-AES256-GCM_RSA-AES128-CBC_RSA-AES256-CBC,4,True,0.0,"2570,4588,29,23,24",X25519MLKEM768_x25519_secp256r1_secp384r1,8,False,,"1027,2052,1025,1283,2053,1281,2054,1537",ecdsa_secp256r1_sha256_rsa_pss_rsae_sha256_rsa_pkcs1_sha256_ecdsa_secp384r1_sha384_rsa_pss_rsae_sha384_rsa_pkcs1_sha384_rsa_pss_rsae_sha512_rsa_pkcs1_sha512,True,t13d1516h2,8daaf6152771,d8a2da3f94cd,t,13,d,15,16,h2,"1:65536;2:0;4:6291456;6:262144|15663105|1:1:0:256,3:1:0:220,5:1:0:256,7:1:5:110,9:1:7:110,11:1:9:110,13:1:0:256,15:1:13:110,17:1:15:110,19:1:17:110,21:1:0:256,23:1:21:110,25:1:23:110,27:1:25:110,29:1:0:256,31:1:29:110,33:1:0:110,35:1:33:110,37:1:0:256,39:1:37:110,41:1:39:110,43:1:41:110,45:1:0:256,47:1:45:110,49:1:47:110|m,a,s,p",1:65536;2:0;4:6291456;6:262144,15663105.0,"1:1:0:256,3:1:0:220,5:1:0:256,7:1:5:110,9:1:7:110,11:1:9:110,13:1:0:256,15:1:13:110,17:1:15:110,19:1:17:110,21:1:0:256,23:1:21:110,25:1:23:110,27:1:25:110,29:1:0:256,31:1:29:110,33:1:0:110,35:1:33:110,37:1:0:256,39:1:37:110,41:1:39:110,43:1:41:110,45:1:0:256,47:1:45:110,49:1:47:110","m,a,s,p",25.0,65536.0,0.0,,6291456.0,,262144.0,":method,:authority,:scheme,:path"
trial-023,870e8d9f-aeef-4f13-b981-d12756c5c5ee,2026-05-02 12:07:49.675030625+00:00,205.172.168.145,POST,/collect,HTTP/2.0,0.249,TLS 1.3,h2,TLS_AES_128_GCM_SHA256,uxbehaviorsuite.com,True,ff4ac641c48cefa128d95613e1d8c792,t13d1516h2_8daaf6152771_d8a2da3f94cd,"h2,http/1.1",h2,2,True,True,0.0,h2_first,"2570,772,771","TLS 1.3,TLS 1.2",2,True,True,True,False,0.0,TLS1.3+TLS1.2,True,15,True,0.0,"2570,4865,4866,4867,49195,49199,49196,49200,52393,52392,49171,49172,156,157,47,53",TLS_AES_128_GCM_SHA256_TLS_AES_256_GCM_SHA384_TLS_CHACHA20_POLY1305_SHA256_ECDHE-ECDSA-AES128-GCM_ECDHE-RSA-AES128-GCM_ECDHE-ECDSA-AES256-GCM_ECDHE-RSA-AES256-GCM_ECDHE-ECDSA-CHACHA20_ECDHE-RSA-CHACHA20_ECDHE-RSA-AES128-CBC_ECDHE-RSA-AES256-CBC_RSA-AES128-GCM_RSA-AES256-GCM_RSA-AES128-CBC_RSA-AES256-CBC,4,True,0.0,"2570,4588,29,23,24",X25519MLKEM768_x25519_secp256r1_secp384r1,8,False,,"1027,2052,1025,1283,2053,1281,2054,1537",ecdsa_secp256r1_sha256_rsa_pss_rsae_sha256_rsa_pkcs1_sha256_ecdsa_secp384r1_sha384_rsa_pss_rsae_sha384_rsa_pkcs1_sha384_rsa_pss_rsae_sha512_rsa_pkcs1_sha512,True,t13d1516h2,8daaf6152771,d8a2da3f94cd,t,13,d,15,16,h2,"1:65536;2:0;4:6291456;6:262144|15663105|1:1:0:256,3:1:0:220,5:1:0:256,7:1:5:110,9:1:7:110,11:1:9:110,13:1:0:256,15:1:13:110,17:1:15:110,19:1:17:110,21:1:0:256,23:1:21:110,25:1:23:110,27:1:25:110,29:1:0:256,31:1:29:110,33:1:0:110,35:1:33:110,37:1:0:256,39:1:37:110,41:1:39:110,43:1:41:110,45:1:0:256,47:1:45:110,49:1:47:110,51:1:49:110|m,a,s,p",1:65536;2:0;4:6291456;6:262144,15663105.0,"1:1:0:256,3:1:0:220,5:1:0:256,7:1:5:110,9:1:7:110,11:1:9:110,13:1:0:256,15:1:13:110,17:1:15:110,19:1:17:110,21:1:0:256,23:1:21:110,25:1:23:110,27:1:25:110,29:1:0:256,31:1:29:110,33:1:0:110,35:1:33:110,37:1:0:256,39:1:37:110,41:1:39:110,43:1:41:110,45:1:0:256,47:1:45:110,49:1:47:110,51:1:49:110","m,a,s,p",26.0,65536.0,0.0,,6291456.0,,262144.0,":method,:authority,:scheme,:path"
trial-024,7fb01785-92af-43af-b40c-801c1c5478c2,2026-05-02 12:24:40.561434154+00:00,205.172.168.145,GET,/subscribe-v1.html,HTTP/2.0,0.386,TLS 1.3,h2,TLS_AES_128_GCM_SHA256,uxbehaviorsuite.com,True,eed0deae7d7e22cec52141b0129c9428,t13d1516h2_8daaf6152771_d8a2da3f94cd,"h2,http/1.1",h2,2,True,True,0.0,h2_first,"2570,772,771","TLS 1.3,TLS 1.2",2,True,True,True,False,0.0,TLS1.3+TLS1.2,True,15,True,0.0,"2570,4865,4866,4867,49195,49199,49196,49200,52393,52392,49171,49172,156,157,47,53",TLS_AES_128_GCM_SHA256_TLS_AES_256_GCM_SHA384_TLS_CHACHA20_POLY1305_SHA256_ECDHE-ECDSA-AES128-GCM_ECDHE-RSA-AES128-GCM_ECDHE-ECDSA-AES256-GCM_ECDHE-RSA-AES256-GCM_ECDHE-ECDSA-CHACHA20_ECDHE-RSA-CHACHA20_ECDHE-RSA-AES128-CBC_ECDHE-RSA-AES256-CBC_RSA-AES128-GCM_RSA-AES256-GCM_RSA-AES128-CBC_RSA-AES256-CBC,4,True,0.0,"2570,4588,29,23,24",X25519MLKEM768_x25519_secp256r1_secp384r1,8,False,,"1027,2052,1025,1283,2053,1281,2054,1537",ecdsa_secp256r1_sha256_rsa_pss_rsae_sha256_rsa_pkcs1_sha256_ecdsa_secp384r1_sha384_rsa_pss_rsae_sha384_rsa_pkcs1_sha384_rsa_pss_rsae_sha512_rsa_pkcs1_sha512,True,t13d1516h2,8daaf6152771,d8a2da3f94cd,t,13,d,15,16,h2,"1:65536;2:0;4:6291456;6:262144|15663105|1:1:0:256|m,a,s,p",1:65536;2:0;4:6291456;6:262144,15663105.0,1:1:0:256,"m,a,s,p",1.0,65536.0,0.0,,6291456.0,,262144.0,":method,:authority,:scheme,:path"
trial-024,750afd0e-f07a-439d-838a-a65ad78f10d4,2026-05-02 12:24:40.593815837+00:00,205.172.168.145,GET,/logger.js,HTTP/2.0,0.385,TLS 1.3,h2,TLS_AES_128_GCM_SHA256,uxbehaviorsuite.com,True,eed0deae7d7e22cec52141b0129c9428,t13d1516h2_8daaf6152771_d8a2da3f94cd,"h2,http/1.1",h2,2,True,True,0.0,h2_first,"2570,772,771","TLS 1.3,TLS 1.2",2,True,True,True,False,0.0,TLS1.3+TLS1.2,True,15,True,0.0,"2570,4865,4866,4867,49195,49199,49196,49200,52393,52392,49171,49172,156,157,47,53",TLS_AES_128_GCM_SHA256_TLS_AES_256_GCM_SHA384_TLS_CHACHA20_POLY1305_SHA256_ECDHE-ECDSA-AES128-GCM_ECDHE-RSA-AES128-GCM_ECDHE-ECDSA-AES256-GCM_ECDHE-RSA-AES256-GCM_ECDHE-ECDSA-CHACHA20_ECDHE-RSA-CHACHA20_ECDHE-RSA-AES128-CBC_ECDHE-RSA-AES256-CBC_RSA-AES128-GCM_RSA-AES256-GCM_RSA-AES128-CBC_RSA-AES256-CBC,4,True,0.0,"2570,4588,29,23,24",X25519MLKEM768_x25519_secp256r1_secp384r1,8,False,,"1027,2052,1025,1283,2053,1281,2054,1537",ecdsa_secp256r1_sha256_rsa_pss_rsae_sha256_rsa_pkcs1_sha256_ecdsa_secp384r1_sha384_rsa_pss_rsae_sha384_rsa_pkcs1_sha384_rsa_pss_rsae_sha512_rsa_pkcs1_sha512,True,t13d1516h2,8daaf6152771,d8a2da3f94cd,t,13,d,15,16,h2,"1:65536;2:0;4:6291456;6:262144|15663105|1:1:0:256,3:1:0:220|m,a,s,p",1:65536;2:0;4:6291456;6:262144,15663105.0,"1:1:0:256,3:1:0:220","m,a,s,p",2.0,65536.0,0.0,,6291456.0,,262144.0,":method,:authority,:scheme,:path"
trial-024,8d40edb0-18f9-45b8-a7e5-3116cfaff909,2026-05-02 12:25:46.184944200+00:00,205.172.168.145,GET,/subscribe-v2.html,HTTP/2.0,0.816,TLS 1.3,h2,TLS_AES_128_GCM_SHA256,uxbehaviorsuite.com,True,eed0deae7d7e22cec52141b0129c9428,t13d1516h2_8daaf6152771_d8a2da3f94cd,"h2,http/1.1",h2,2,True,True,0.0,h2_first,"2570,772,771","TLS 1.3,TLS 1.2",2,True,True,True,False,0.0,TLS1.3+TLS1.2,True,15,True,0.0,"2570,4865,4866,4867,49195,49199,49196,49200,52393,52392,49171,49172,156,157,47,53",TLS_AES_128_GCM_SHA256_TLS_AES_256_GCM_SHA384_TLS_CHACHA20_POLY1305_SHA256_ECDHE-ECDSA-AES128-GCM_ECDHE-RSA-AES128-GCM_ECDHE-ECDSA-AES256-GCM_ECDHE-RSA-AES256-GCM_ECDHE-ECDSA-CHACHA20_ECDHE-RSA-CHACHA20_ECDHE-RSA-AES128-CBC_ECDHE-RSA-AES256-CBC_RSA-AES128-GCM_RSA-AES256-GCM_RSA-AES128-CBC_RSA-AES256-CBC,4,True,0.0,"2570,4588,29,23,24",X25519MLKEM768_x25519_secp256r1_secp384r1,8,False,,"1027,2052,1025,1283,2053,1281,2054,1537",ecdsa_secp256r1_sha256_rsa_pss_rsae_sha256_rsa_pkcs1_sha256_ecdsa_secp384r1_sha384_rsa_pss_rsae_sha384_rsa_pkcs1_sha384_rsa_pss_rsae_sha512_rsa_pkcs1_sha512,True,t13d1516h2,8daaf6152771,d8a2da3f94cd,t,13,d,15,16,h2,"1:65536;2:0;4:6291456;6:262144|15663105|1:1:0:256,3:1:0:220,5:1:0:256|m,a,s,p",1:65536;2:0;4:6291456;6:262144,15663105.0,"1:1:0:256,3:1:0:220,5:1:0:256","m,a,s,p",3.0,65536.0,0.0,,6291456.0,,262144.0,":method,:authority,:scheme,:path"
trial-024,ed4787b7-7288-44c6-945e-b2ba7b2b7bb3,2026-05-02 12:25:46.186226462+00:00,205.172.168.145,POST,/collect,HTTP/2.0,0.379,TLS 1.3,h2,TLS_AES_128_GCM_SHA256,uxbehaviorsuite.com,True,eed0deae7d7e22cec52141b0129c9428,t13d1516h2_8daaf6152771_d8a2da3f94cd,"h2,http/1.1",h2,2,True,True,0.0,h2_first,"2570,772,771","TLS 1.3,TLS 1.2",2,True,True,True,False,0.0,TLS1.3+TLS1.2,True,15,True,0.0,"2570,4865,4866,4867,49195,49199,49196,49200,52393,52392,49171,49172,156,157,47,53",TLS_AES_128_GCM_SHA256_TLS_AES_256_GCM_SHA384_TLS_CHACHA20_POLY1305_SHA256_ECDHE-ECDSA-AES128-GCM_ECDHE-RSA-AES128-GCM_ECDHE-ECDSA-AES256-GCM_ECDHE-RSA-AES256-GCM_ECDHE-ECDSA-CHACHA20_ECDHE-RSA-CHACHA20_ECDHE-RSA-AES128-CBC_ECDHE-RSA-AES256-CBC_RSA-AES128-GCM_RSA-AES256-GCM_RSA-AES128-CBC_RSA-AES256-CBC,4,True,0.0,"2570,4588,29,23,24",X25519MLKEM768_x25519_secp256r1_secp384r1,8,False,,"1027,2052,1025,1283,2053,1281,2054,1537",ecdsa_secp256r1_sha256_rsa_pss_rsae_sha256_rsa_pkcs1_sha256_ecdsa_secp384r1_sha384_rsa_pss_rsae_sha384_rsa_pkcs1_sha384_rsa_pss_rsae_sha512_rsa_pkcs1_sha512,True,t13d1516h2,8daaf6152771,d8a2da3f94cd,t,13,d,15,16,h2,"1:65536;2:0;4:6291456;6:262144|15663105|1:1:0:256,3:1:0:220,5:1:0:256,7:1:5:110|m,a,s,p",1:65536;2:0;4:6291456;6:262144,15663105.0,"1:1:0:256,3:1:0:220,5:1:0:256,7:1:5:110","m,a,s,p",4.0,65536.0,0.0,,6291456.0,,262144.0,":method,:authority,:scheme,:path"
trial-024,3f317454-f30a-4ebc-88c0-b7d52bbb1515,2026-05-02 12:25:46.209072294+00:00,205.172.168.145,POST,/collect,HTTP/2.0,0.442,TLS 1.3,h2,TLS_AES_128_GCM_SHA256,uxbehaviorsuite.com,True,eed0deae7d7e22cec52141b0129c9428,t13d1516h2_8daaf6152771_d8a2da3f94cd,"h2,http/1.1",h2,2,True,True,0.0,h2_first,"2570,772,771","TLS 1.3,TLS 1.2",2,True,True,True,False,0.0,TLS1.3+TLS1.2,True,15,True,0.0,"2570,4865,4866,4867,49195,49199,49196,49200,52393,52392,49171,49172,156,157,47,53",TLS_AES_128_GCM_SHA256_TLS_AES_256_GCM_SHA384_TLS_CHACHA20_POLY1305_SHA256_ECDHE-ECDSA-AES128-GCM_ECDHE-RSA-AES128-GCM_ECDHE-ECDSA-AES256-GCM_ECDHE-RSA-AES256-GCM_ECDHE-ECDSA-CHACHA20_ECDHE-RSA-CHACHA20_ECDHE-RSA-AES128-CBC_ECDHE-RSA-AES256-CBC_RSA-AES128-GCM_RSA-AES256-GCM_RSA-AES128-CBC_RSA-AES256-CBC,4,True,0.0,"2570,4588,29,23,24",X25519MLKEM768_x25519_secp256r1_secp384r1,8,False,,"1027,2052,1025,1283,2053,1281,2054,1537",ecdsa_secp256r1_sha256_rsa_pss_rsae_sha256_rsa_pkcs1_sha256_ecdsa_secp384r1_sha384_rsa_pss_rsae_sha384_rsa_pkcs1_sha384_rsa_pss_rsae_sha512_rsa_pkcs1_sha512,True,t13d1516h2,8daaf6152771,d8a2da3f94cd,t,13,d,15,16,h2,"1:65536;2:0;4:6291456;6:262144|15663105|1:1:0:256,3:1:0:220,5:1:0:256,7:1:5:110,9:1:7:110|m,a,s,p",1:65536;2:0;4:6291456;6:262144,15663105.0,"1:1:0:256,3:1:0:220,5:1:0:256,7:1:5:110,9:1:7:110","m,a,s,p",5.0,65536.0,0.0,,6291456.0,,262144.0,":method,:authority,:scheme,:path"
trial-024,390c7ade-83c1-464f-b5e8-991f33a8218e,2026-05-02 12:25:46.209491026+00:00,205.172.168.145,POST,/collect,HTTP/2.0,0.195,TLS 1.3,h2,TLS_AES_128_GCM_SHA256,uxbehaviorsuite.com,True,eed0deae7d7e22cec52141b0129c9428,t13d1516h2_8daaf6152771_d8a2da3f94cd,"h2,http/1.1",h2,2,True,True,0.0,h2_first,"2570,772,771","TLS 1.3,TLS 1.2",2,True,True,True,False,0.0,TLS1.3+TLS1.2,True,15,True,0.0,"2570,4865,4866,4867,49195,49199,49196,49200,52393,52392,49171,49172,156,157,47,53",TLS_AES_128_GCM_SHA256_TLS_AES_256_GCM_SHA384_TLS_CHACHA20_POLY1305_SHA256_ECDHE-ECDSA-AES128-GCM_ECDHE-RSA-AES128-GCM_ECDHE-ECDSA-AES256-GCM_ECDHE-RSA-AES256-GCM_ECDHE-ECDSA-CHACHA20_ECDHE-RSA-CHACHA20_ECDHE-RSA-AES128-CBC_ECDHE-RSA-AES256-CBC_RSA-AES128-GCM_RSA-AES256-GCM_RSA-AES128-CBC_RSA-AES256-CBC,4,True,0.0,"2570,4588,29,23,24",X25519MLKEM768_x25519_secp256r1_secp384r1,8,False,,"1027,2052,1025,1283,2053,1281,2054,1537",ecdsa_secp256r1_sha256_rsa_pss_rsae_sha256_rsa_pkcs1_sha256_ecdsa_secp384r1_sha384_rsa_pss_rsae_sha384_rsa_pkcs1_sha384_rsa_pss_rsae_sha512_rsa_pkcs1_sha512,True,t13d1516h2,8daaf6152771,d8a2da3f94cd,t,13,d,15,16,h2,"1:65536;2:0;4:6291456;6:262144|15663105|1:1:0:256,3:1:0:220,5:1:0:256,7:1:5:110,9:1:7:110,11:1:9:110|m,a,s,p",1:65536;2:0;4:6291456;6:262144,15663105.0,"1:1:0:256,3:1:0:220,5:1:0:256,7:1:5:110,9:1:7:110,11:1:9:110","m,a,s,p",6.0,65536.0,0.0,,6291456.0,,262144.0,":method,:authority,:scheme,:path"
trial-024,f71f221f-6b83-4e69-afb8-da91eb1cb8c5,2026-05-02 12:26:51.386304115+00:00,205.172.168.145,GET,/subscribe-v3.html,HTTP/2.0,1.117,TLS 1.3,h2,TLS_AES_128_GCM_SHA256,uxbehaviorsuite.com,True,eed0deae7d7e22cec52141b0129c9428,t13d1516h2_8daaf6152771_d8a2da3f94cd,"h2,http/1.1",h2,2,True,True,0.0,h2_first,"2570,772,771","TLS 1.3,TLS 1.2",2,True,True,True,False,0.0,TLS1.3+TLS1.2,True,15,True,0.0,"2570,4865,4866,4867,49195,49199,49196,49200,52393,52392,49171,49172,156,157,47,53",TLS_AES_128_GCM_SHA256_TLS_AES_256_GCM_SHA384_TLS_CHACHA20_POLY1305_SHA256_ECDHE-ECDSA-AES128-GCM_ECDHE-RSA-AES128-GCM_ECDHE-ECDSA-AES256-GCM_ECDHE-RSA-AES256-GCM_ECDHE-ECDSA-CHACHA20_ECDHE-RSA-CHACHA20_ECDHE-RSA-AES128-CBC_ECDHE-RSA-AES256-CBC_RSA-AES128-GCM_RSA-AES256-GCM_RSA-AES128-CBC_RSA-AES256-CBC,4,True,0.0,"2570,4588,29,23,24",X25519MLKEM768_x25519_secp256r1_secp384r1,8,False,,"1027,2052,1025,1283,2053,1281,2054,1537",ecdsa_secp256r1_sha256_rsa_pss_rsae_sha256_rsa_pkcs1_sha256_ecdsa_secp384r1_sha384_rsa_pss_rsae_sha384_rsa_pkcs1_sha384_rsa_pss_rsae_sha512_rsa_pkcs1_sha512,True,t13d1516h2,8daaf6152771,d8a2da3f94cd,t,13,d,15,16,h2,"1:65536;2:0;4:6291456;6:262144|15663105|1:1:0:256,3:1:0:220,5:1:0:256,7:1:5:110,9:1:7:110,11:1:9:110,13:1:0:256|m,a,s,p",1:65536;2:0;4:6291456;6:262144,15663105.0,"1:1:0:256,3:1:0:220,5:1:0:256,7:1:5:110,9:1:7:110,11:1:9:110,13:1:0:256","m,a,s,p",7.0,65536.0,0.0,,6291456.0,,262144.0,":method,:authority,:scheme,:path"
trial-024,a4de32a3-434d-4be3-a913-ad0cfd20dc34,2026-05-02 12:26:51.386841747+00:00,205.172.168.145,POST,/collect,HTTP/2.0,0.455,TLS 1.3,h2,TLS_AES_128_GCM_SHA256,uxbehaviorsuite.com,True,eed0deae7d7e22cec52141b0129c9428,t13d1516h2_8daaf6152771_d8a2da3f94cd,"h2,http/1.1",h2,2,True,True,0.0,h2_first,"2570,772,771","TLS 1.3,TLS 1.2",2,True,True,True,False,0.0,TLS1.3+TLS1.2,True,15,True,0.0,"2570,4865,4866,4867,49195,49199,49196,49200,52393,52392,49171,49172,156,157,47,53",TLS_AES_128_GCM_SHA256_TLS_AES_256_GCM_SHA384_TLS_CHACHA20_POLY1305_SHA256_ECDHE-ECDSA-AES128-GCM_ECDHE-RSA-AES128-GCM_ECDHE-ECDSA-AES256-GCM_ECDHE-RSA-AES256-GCM_ECDHE-ECDSA-CHACHA20_ECDHE-RSA-CHACHA20_ECDHE-RSA-AES128-CBC_ECDHE-RSA-AES256-CBC_RSA-AES128-GCM_RSA-AES256-GCM_RSA-AES128-CBC_RSA-AES256-CBC,4,True,0.0,"2570,4588,29,23,24",X25519MLKEM768_x25519_secp256r1_secp384r1,8,False,,"1027,2052,1025,1283,2053,1281,2054,1537",ecdsa_secp256r1_sha256_rsa_pss_rsae_sha256_rsa_pkcs1_sha256_ecdsa_secp384r1_sha384_rsa_pss_rsae_sha384_rsa_pkcs1_sha384_rsa_pss_rsae_sha512_rsa_pkcs1_sha512,True,t13d1516h2,8daaf6152771,d8a2da3f94cd,t,13,d,15,16,h2,"1:65536;2:0;4:6291456;6:262144|15663105|1:1:0:256,3:1:0:220,5:1:0:256,7:1:5:110,9:1:7:110,11:1:9:110,13:1:0:256,15:1:13:110|m,a,s,p",1:65536;2:0;4:6291456;6:262144,15663105.0,"1:1:0:256,3:1:0:220,5:1:0:256,7:1:5:110,9:1:7:110,11:1:9:110,13:1:0:256,15:1:13:110","m,a,s,p",8.0,65536.0,0.0,,6291456.0,,262144.0,":method,:authority,:scheme,:path"
trial-024,ef51a8c5-3778-417c-9f6b-208fcfe8920c,2026-05-02 12:26:51.407693239+00:00,205.172.168.145,POST,/collect,HTTP/2.0,0.233,TLS 1.3,h2,TLS_AES_128_GCM_SHA256,uxbehaviorsuite.com,True,eed0deae7d7e22cec52141b0129c9428,t13d1516h2_8daaf6152771_d8a2da3f94cd,"h2,http/1.1",h2,2,True,True,0.0,h2_first,"2570,772,771","TLS 1.3,TLS 1.2",2,True,True,True,False,0.0,TLS1.3+TLS1.2,True,15,True,0.0,"2570,4865,4866,4867,49195,49199,49196,49200,52393,52392,49171,49172,156,157,47,53",TLS_AES_128_GCM_SHA256_TLS_AES_256_GCM_SHA384_TLS_CHACHA20_POLY1305_SHA256_ECDHE-ECDSA-AES128-GCM_ECDHE-RSA-AES128-GCM_ECDHE-ECDSA-AES256-GCM_ECDHE-RSA-AES256-GCM_ECDHE-ECDSA-CHACHA20_ECDHE-RSA-CHACHA20_ECDHE-RSA-AES128-CBC_ECDHE-RSA-AES256-CBC_RSA-AES128-GCM_RSA-AES256-GCM_RSA-AES128-CBC_RSA-AES256-CBC,4,True,0.0,"2570,4588,29,23,24",X25519MLKEM768_x25519_secp256r1_secp384r1,8,False,,"1027,2052,1025,1283,2053,1281,2054,1537",ecdsa_secp256r1_sha256_rsa_pss_rsae_sha256_rsa_pkcs1_sha256_ecdsa_secp384r1_sha384_rsa_pss_rsae_sha384_rsa_pkcs1_sha384_rsa_pss_rsae_sha512_rsa_pkcs1_sha512,True,t13d1516h2,8daaf6152771,d8a2da3f94cd,t,13,d,15,16,h2,"1:65536;2:0;4:6291456;6:262144|15663105|1:1:0:256,3:1:0:220,5:1:0:256,7:1:5:110,9:1:7:110,11:1:9:110,13:1:0:256,15:1:13:110,17:1:15:110|m,a,s,p",1:65536;2:0;4:6291456;6:262144,15663105.0,"1:1:0:256,3:1:0:220,5:1:0:256,7:1:5:110,9:1:7:110,11:1:9:110,13:1:0:256,15:1:13:110,17:1:15:110","m,a,s,p",9.0,65536.0,0.0,,6291456.0,,262144.0,":method,:authority,:scheme,:path"
trial-024,1abd06ab-7eaf-4411-a8ac-9aa9174e6e59,2026-05-02 12:26:51.411743431+00:00,205.172.168.145,POST,/collect,HTTP/2.0,0.268,TLS 1.3,h2,TLS_AES_128_GCM_SHA256,uxbehaviorsuite.com,True,eed0deae7d7e22cec52141b0129c9428,t13d1516h2_8daaf6152771_d8a2da3f94cd,"h2,http/1.1",h2,2,True,True,0.0,h2_first,"2570,772,771","TLS 1.3,TLS 1.2",2,True,True,True,False,0.0,TLS1.3+TLS1.2,True,15,True,0.0,"2570,4865,4866,4867,49195,49199,49196,49200,52393,52392,49171,49172,156,157,47,53",TLS_AES_128_GCM_SHA256_TLS_AES_256_GCM_SHA384_TLS_CHACHA20_POLY1305_SHA256_ECDHE-ECDSA-AES128-GCM_ECDHE-RSA-AES128-GCM_ECDHE-ECDSA-AES256-GCM_ECDHE-RSA-AES256-GCM_ECDHE-ECDSA-CHACHA20_ECDHE-RSA-CHACHA20_ECDHE-RSA-AES128-CBC_ECDHE-RSA-AES256-CBC_RSA-AES128-GCM_RSA-AES256-GCM_RSA-AES128-CBC_RSA-AES256-CBC,4,True,0.0,"2570,4588,29,23,24",X25519MLKEM768_x25519_secp256r1_secp384r1,8,False,,"1027,2052,1025,1283,2053,1281,2054,1537",ecdsa_secp256r1_sha256_rsa_pss_rsae_sha256_rsa_pkcs1_sha256_ecdsa_secp384r1_sha384_rsa_pss_rsae_sha384_rsa_pkcs1_sha384_rsa_pss_rsae_sha512_rsa_pkcs1_sha512,True,t13d1516h2,8daaf6152771,d8a2da3f94cd,t,13,d,15,16,h2,"1:65536;2:0;4:6291456;6:262144|15663105|1:1:0:256,3:1:0:220,5:1:0:256,7:1:5:110,9:1:7:110,11:1:9:110,13:1:0:256,15:1:13:110,17:1:15:110,19:1:17:110|m,a,s,p",1:65536;2:0;4:6291456;6:262144,15663105.0,"1:1:0:256,3:1:0:220,5:1:0:256,7:1:5:110,9:1:7:110,11:1:9:110,13:1:0:256,15:1:13:110,17:1:15:110,19:1:17:110","m,a,s,p",10.0,65536.0,0.0,,6291456.0,,262144.0,":method,:authority,:scheme,:path"
trial-024,657ce240-06ad-402c-991c-50a022672dd4,2026-05-02 12:28:06.398015332+00:00,205.172.168.145,GET,/s2-scroll-gate.html,HTTP/2.0,0.639,TLS 1.3,h2,TLS_AES_128_GCM_SHA256,uxbehaviorsuite.com,True,eed0deae7d7e22cec52141b0129c9428,t13d1516h2_8daaf6152771_d8a2da3f94cd,"h2,http/1.1",h2,2,True,True,0.0,h2_first,"2570,772,771","TLS 1.3,TLS 1.2",2,True,True,True,False,0.0,TLS1.3+TLS1.2,True,15,True,0.0,"2570,4865,4866,4867,49195,49199,49196,49200,52393,52392,49171,49172,156,157,47,53",TLS_AES_128_GCM_SHA256_TLS_AES_256_GCM_SHA384_TLS_CHACHA20_POLY1305_SHA256_ECDHE-ECDSA-AES128-GCM_ECDHE-RSA-AES128-GCM_ECDHE-ECDSA-AES256-GCM_ECDHE-RSA-AES256-GCM_ECDHE-ECDSA-CHACHA20_ECDHE-RSA-CHACHA20_ECDHE-RSA-AES128-CBC_ECDHE-RSA-AES256-CBC_RSA-AES128-GCM_RSA-AES256-GCM_RSA-AES128-CBC_RSA-AES256-CBC,4,True,0.0,"2570,4588,29,23,24",X25519MLKEM768_x25519_secp256r1_secp384r1,8,False,,"1027,2052,1025,1283,2053,1281,2054,1537",ecdsa_secp256r1_sha256_rsa_pss_rsae_sha256_rsa_pkcs1_sha256_ecdsa_secp384r1_sha384_rsa_pss_rsae_sha384_rsa_pkcs1_sha384_rsa_pss_rsae_sha512_rsa_pkcs1_sha512,True,t13d1516h2,8daaf6152771,d8a2da3f94cd,t,13,d,15,16,h2,"1:65536;2:0;4:6291456;6:262144|15663105|1:1:0:256,3:1:0:220,5:1:0:256,7:1:5:110,9:1:7:110,11:1:9:110,13:1:0:256,15:1:13:110,17:1:15:110,19:1:17:110,21:1:0:256,23:1:21:110|m,a,s,p",1:65536;2:0;4:6291456;6:262144,15663105.0,"1:1:0:256,3:1:0:220,5:1:0:256,7:1:5:110,9:1:7:110,11:1:9:110,13:1:0:256,15:1:13:110,17:1:15:110,19:1:17:110,21:1:0:256,23:1:21:110","m,a,s,p",12.0,65536.0,0.0,,6291456.0,,262144.0,":method,:authority,:scheme,:path"
trial-024,841d1e92-d4bf-47d6-a10a-3cdea0f740c2,2026-05-02 12:28:06.398181314+00:00,205.172.168.145,POST,/collect,HTTP/2.0,0.942,TLS 1.3,h2,TLS_AES_128_GCM_SHA256,uxbehaviorsuite.com,True,eed0deae7d7e22cec52141b0129c9428,t13d1516h2_8daaf6152771_d8a2da3f94cd,"h2,http/1.1",h2,2,True,True,0.0,h2_first,"2570,772,771","TLS 1.3,TLS 1.2",2,True,True,True,False,0.0,TLS1.3+TLS1.2,True,15,True,0.0,"2570,4865,4866,4867,49195,49199,49196,49200,52393,52392,49171,49172,156,157,47,53",TLS_AES_128_GCM_SHA256_TLS_AES_256_GCM_SHA384_TLS_CHACHA20_POLY1305_SHA256_ECDHE-ECDSA-AES128-GCM_ECDHE-RSA-AES128-GCM_ECDHE-ECDSA-AES256-GCM_ECDHE-RSA-AES256-GCM_ECDHE-ECDSA-CHACHA20_ECDHE-RSA-CHACHA20_ECDHE-RSA-AES128-CBC_ECDHE-RSA-AES256-CBC_RSA-AES128-GCM_RSA-AES256-GCM_RSA-AES128-CBC_RSA-AES256-CBC,4,True,0.0,"2570,4588,29,23,24",X25519MLKEM768_x25519_secp256r1_secp384r1,8,False,,"1027,2052,1025,1283,2053,1281,2054,1537",ecdsa_secp256r1_sha256_rsa_pss_rsae_sha256_rsa_pkcs1_sha256_ecdsa_secp384r1_sha384_rsa_pss_rsae_sha384_rsa_pkcs1_sha384_rsa_pss_rsae_sha512_rsa_pkcs1_sha512,True,t13d1516h2,8daaf6152771,d8a2da3f94cd,t,13,d,15,16,h2,"1:65536;2:0;4:6291456;6:262144|15663105|1:1:0:256,3:1:0:220,5:1:0:256,7:1:5:110,9:1:7:110,11:1:9:110,13:1:0:256,15:1:13:110,17:1:15:110,19:1:17:110,21:1:0:256,23:1:21:110|m,a,s,p",1:65536;2:0;4:6291456;6:262144,15663105.0,"1:1:0:256,3:1:0:220,5:1:0:256,7:1:5:110,9:1:7:110,11:1:9:110,13:1:0:256,15:1:13:110,17:1:15:110,19:1:17:110,21:1:0:256,23:1:21:110","m,a,s,p",12.0,65536.0,0.0,,6291456.0,,262144.0,":method,:authority,:scheme,:path"
trial-024,65236206-f7b3-48cc-9f1b-54ba19464ee1,2026-05-02 12:28:06.419480904+00:00,205.172.168.145,POST,/collect,HTTP/2.0,0.218,TLS 1.3,h2,TLS_AES_128_GCM_SHA256,uxbehaviorsuite.com,True,eed0deae7d7e22cec52141b0129c9428,t13d1516h2_8daaf6152771_d8a2da3f94cd,"h2,http/1.1",h2,2,True,True,0.0,h2_first,"2570,772,771","TLS 1.3,TLS 1.2",2,True,True,True,False,0.0,TLS1.3+TLS1.2,True,15,True,0.0,"2570,4865,4866,4867,49195,49199,49196,49200,52393,52392,49171,49172,156,157,47,53",TLS_AES_128_GCM_SHA256_TLS_AES_256_GCM_SHA384_TLS_CHACHA20_POLY1305_SHA256_ECDHE-ECDSA-AES128-GCM_ECDHE-RSA-AES128-GCM_ECDHE-ECDSA-AES256-GCM_ECDHE-RSA-AES256-GCM_ECDHE-ECDSA-CHACHA20_ECDHE-RSA-CHACHA20_ECDHE-RSA-AES128-CBC_ECDHE-RSA-AES256-CBC_RSA-AES128-GCM_RSA-AES256-GCM_RSA-AES128-CBC_RSA-AES256-CBC,4,True,0.0,"2570,4588,29,23,24",X25519MLKEM768_x25519_secp256r1_secp384r1,8,False,,"1027,2052,1025,1283,2053,1281,2054,1537",ecdsa_secp256r1_sha256_rsa_pss_rsae_sha256_rsa_pkcs1_sha256_ecdsa_secp384r1_sha384_rsa_pss_rsae_sha384_rsa_pkcs1_sha384_rsa_pss_rsae_sha512_rsa_pkcs1_sha512,True,t13d1516h2,8daaf6152771,d8a2da3f94cd,t,13,d,15,16,h2,"1:65536;2:0;4:6291456;6:262144|15663105|1:1:0:256,3:1:0:220,5:1:0:256,7:1:5:110,9:1:7:110,11:1:9:110,13:1:0:256,15:1:13:110,17:1:15:110,19:1:17:110,21:1:0:256,23:1:21:110,25:1:23:110|m,a,s,p",1:65536;2:0;4:6291456;6:262144,15663105.0,"1:1:0:256,3:1:0:220,5:1:0:256,7:1:5:110,9:1:7:110,11:1:9:110,13:1:0:256,15:1:13:110,17:1:15:110,19:1:17:110,21:1:0:256,23:1:21:110,25:1:23:110","m,a,s,p",13.0,65536.0,0.0,,6291456.0,,262144.0,":method,:authority,:scheme,:path"
trial-024,c671fbb1-f07d-4d7c-8346-d917f0a37f42,2026-05-02 12:28:06.422979457+00:00,205.172.168.145,POST,/collect,HTTP/2.0,0.252,TLS 1.3,h2,TLS_AES_128_GCM_SHA256,uxbehaviorsuite.com,True,eed0deae7d7e22cec52141b0129c9428,t13d1516h2_8daaf6152771_d8a2da3f94cd,"h2,http/1.1",h2,2,True,True,0.0,h2_first,"2570,772,771","TLS 1.3,TLS 1.2",2,True,True,True,False,0.0,TLS1.3+TLS1.2,True,15,True,0.0,"2570,4865,4866,4867,49195,49199,49196,49200,52393,52392,49171,49172,156,157,47,53",TLS_AES_128_GCM_SHA256_TLS_AES_256_GCM_SHA384_TLS_CHACHA20_POLY1305_SHA256_ECDHE-ECDSA-AES128-GCM_ECDHE-RSA-AES128-GCM_ECDHE-ECDSA-AES256-GCM_ECDHE-RSA-AES256-GCM_ECDHE-ECDSA-CHACHA20_ECDHE-RSA-CHACHA20_ECDHE-RSA-AES128-CBC_ECDHE-RSA-AES256-CBC_RSA-AES128-GCM_RSA-AES256-GCM_RSA-AES128-CBC_RSA-AES256-CBC,4,True,0.0,"2570,4588,29,23,24",X25519MLKEM768_x25519_secp256r1_secp384r1,8,False,,"1027,2052,1025,1283,2053,1281,2054,1537",ecdsa_secp256r1_sha256_rsa_pss_rsae_sha256_rsa_pkcs1_sha256_ecdsa_secp384r1_sha384_rsa_pss_rsae_sha384_rsa_pkcs1_sha384_rsa_pss_rsae_sha512_rsa_pkcs1_sha512,True,t13d1516h2,8daaf6152771,d8a2da3f94cd,t,13,d,15,16,h2,"1:65536;2:0;4:6291456;6:262144|15663105|1:1:0:256,3:1:0:220,5:1:0:256,7:1:5:110,9:1:7:110,11:1:9:110,13:1:0:256,15:1:13:110,17:1:15:110,19:1:17:110,21:1:0:256,23:1:21:110,25:1:23:110,27:1:25:110|m,a,s,p",1:65536;2:0;4:6291456;6:262144,15663105.0,"1:1:0:256,3:1:0:220,5:1:0:256,7:1:5:110,9:1:7:110,11:1:9:110,13:1:0:256,15:1:13:110,17:1:15:110,19:1:17:110,21:1:0:256,23:1:21:110,25:1:23:110,27:1:25:110","m,a,s,p",14.0,65536.0,0.0,,6291456.0,,262144.0,":method,:authority,:scheme,:path"
trial-024,7cae69c4-04b9-4147-b59c-88761e0f471c,2026-05-02 12:29:28.787358899+00:00,205.172.168.145,GET,/s3-hover-reveal.html,HTTP/2.0,0.496,TLS 1.3,h2,TLS_AES_128_GCM_SHA256,uxbehaviorsuite.com,True,eed0deae7d7e22cec52141b0129c9428,t13d1516h2_8daaf6152771_d8a2da3f94cd,"h2,http/1.1",h2,2,True,True,0.0,h2_first,"2570,772,771","TLS 1.3,TLS 1.2",2,True,True,True,False,0.0,TLS1.3+TLS1.2,True,15,True,0.0,"2570,4865,4866,4867,49195,49199,49196,49200,52393,52392,49171,49172,156,157,47,53",TLS_AES_128_GCM_SHA256_TLS_AES_256_GCM_SHA384_TLS_CHACHA20_POLY1305_SHA256_ECDHE-ECDSA-AES128-GCM_ECDHE-RSA-AES128-GCM_ECDHE-ECDSA-AES256-GCM_ECDHE-RSA-AES256-GCM_ECDHE-ECDSA-CHACHA20_ECDHE-RSA-CHACHA20_ECDHE-RSA-AES128-CBC_ECDHE-RSA-AES256-CBC_RSA-AES128-GCM_RSA-AES256-GCM_RSA-AES128-CBC_RSA-AES256-CBC,4,True,0.0,"2570,4588,29,23,24",X25519MLKEM768_x25519_secp256r1_secp384r1,8,False,,"1027,2052,1025,1283,2053,1281,2054,1537",ecdsa_secp256r1_sha256_rsa_pss_rsae_sha256_rsa_pkcs1_sha256_ecdsa_secp384r1_sha384_rsa_pss_rsae_sha384_rsa_pkcs1_sha384_rsa_pss_rsae_sha512_rsa_pkcs1_sha512,True,t13d1516h2,8daaf6152771,d8a2da3f94cd,t,13,d,15,16,h2,"1:65536;2:0;4:6291456;6:262144|15663105|1:1:0:256,3:1:0:220,5:1:0:256,7:1:5:110,9:1:7:110,11:1:9:110,13:1:0:256,15:1:13:110,17:1:15:110,19:1:17:110,21:1:0:256,23:1:21:110,25:1:23:110,27:1:25:110,29:1:0:256,31:1:29:110|m,a,s,p",1:65536;2:0;4:6291456;6:262144,15663105.0,"1:1:0:256,3:1:0:220,5:1:0:256,7:1:5:110,9:1:7:110,11:1:9:110,13:1:0:256,15:1:13:110,17:1:15:110,19:1:17:110,21:1:0:256,23:1:21:110,25:1:23:110,27:1:25:110,29:1:0:256,31:1:29:110","m,a,s,p",16.0,65536.0,0.0,,6291456.0,,262144.0,":method,:authority,:scheme,:path"
trial-024,ef567df2-a251-4c99-87c2-535b413c1906,2026-05-02 12:29:28.787453097+00:00,205.172.168.145,POST,/collect,HTTP/2.0,0.322,TLS 1.3,h2,TLS_AES_128_GCM_SHA256,uxbehaviorsuite.com,True,eed0deae7d7e22cec52141b0129c9428,t13d1516h2_8daaf6152771_d8a2da3f94cd,"h2,http/1.1",h2,2,True,True,0.0,h2_first,"2570,772,771","TLS 1.3,TLS 1.2",2,True,True,True,False,0.0,TLS1.3+TLS1.2,True,15,True,0.0,"2570,4865,4866,4867,49195,49199,49196,49200,52393,52392,49171,49172,156,157,47,53",TLS_AES_128_GCM_SHA256_TLS_AES_256_GCM_SHA384_TLS_CHACHA20_POLY1305_SHA256_ECDHE-ECDSA-AES128-GCM_ECDHE-RSA-AES128-GCM_ECDHE-ECDSA-AES256-GCM_ECDHE-RSA-AES256-GCM_ECDHE-ECDSA-CHACHA20_ECDHE-RSA-CHACHA20_ECDHE-RSA-AES128-CBC_ECDHE-RSA-AES256-CBC_RSA-AES128-GCM_RSA-AES256-GCM_RSA-AES128-CBC_RSA-AES256-CBC,4,True,0.0,"2570,4588,29,23,24",X25519MLKEM768_x25519_secp256r1_secp384r1,8,False,,"1027,2052,1025,1283,2053,1281,2054,1537",ecdsa_secp256r1_sha256_rsa_pss_rsae_sha256_rsa_pkcs1_sha256_ecdsa_secp384r1_sha384_rsa_pss_rsae_sha384_rsa_pkcs1_sha384_rsa_pss_rsae_sha512_rsa_pkcs1_sha512,True,t13d1516h2,8daaf6152771,d8a2da3f94cd,t,13,d,15,16,h2,"1:65536;2:0;4:6291456;6:262144|15663105|1:1:0:256,3:1:0:220,5:1:0:256,7:1:5:110,9:1:7:110,11:1:9:110,13:1:0:256,15:1:13:110,17:1:15:110,19:1:17:110,21:1:0:256,23:1:21:110,25:1:23:110,27:1:25:110,29:1:0:256,31:1:29:110|m,a,s,p",1:65536;2:0;4:6291456;6:262144,15663105.0,"1:1:0:256,3:1:0:220,5:1:0:256,7:1:5:110,9:1:7:110,11:1:9:110,13:1:0:256,15:1:13:110,17:1:15:110,19:1:17:110,21:1:0:256,23:1:21:110,25:1:23:110,27:1:25:110,29:1:0:256,31:1:29:110","m,a,s,p",16.0,65536.0,0.0,,6291456.0,,262144.0,":method,:authority,:scheme,:path"
trial-024,bb75880a-a7f1-4740-abea-4e409376463f,2026-05-02 12:29:28.808321165+00:00,205.172.168.145,POST,/collect,HTTP/2.0,0.212,TLS 1.3,h2,TLS_AES_128_GCM_SHA256,uxbehaviorsuite.com,True,eed0deae7d7e22cec52141b0129c9428,t13d1516h2_8daaf6152771_d8a2da3f94cd,"h2,http/1.1",h2,2,True,True,0.0,h2_first,"2570,772,771","TLS 1.3,TLS 1.2",2,True,True,True,False,0.0,TLS1.3+TLS1.2,True,15,True,0.0,"2570,4865,4866,4867,49195,49199,49196,49200,52393,52392,49171,49172,156,157,47,53",TLS_AES_128_GCM_SHA256_TLS_AES_256_GCM_SHA384_TLS_CHACHA20_POLY1305_SHA256_ECDHE-ECDSA-AES128-GCM_ECDHE-RSA-AES128-GCM_ECDHE-ECDSA-AES256-GCM_ECDHE-RSA-AES256-GCM_ECDHE-ECDSA-CHACHA20_ECDHE-RSA-CHACHA20_ECDHE-RSA-AES128-CBC_ECDHE-RSA-AES256-CBC_RSA-AES128-GCM_RSA-AES256-GCM_RSA-AES128-CBC_RSA-AES256-CBC,4,True,0.0,"2570,4588,29,23,24",X25519MLKEM768_x25519_secp256r1_secp384r1,8,False,,"1027,2052,1025,1283,2053,1281,2054,1537",ecdsa_secp256r1_sha256_rsa_pss_rsae_sha256_rsa_pkcs1_sha256_ecdsa_secp384r1_sha384_rsa_pss_rsae_sha384_rsa_pkcs1_sha384_rsa_pss_rsae_sha512_rsa_pkcs1_sha512,True,t13d1516h2,8daaf6152771,d8a2da3f94cd,t,13,d,15,16,h2,"1:65536;2:0;4:6291456;6:262144|15663105|1:1:0:256,3:1:0:220,5:1:0:256,7:1:5:110,9:1:7:110,11:1:9:110,13:1:0:256,15:1:13:110,17:1:15:110,19:1:17:110,21:1:0:256,23:1:21:110,25:1:23:110,27:1:25:110,29:1:0:256,31:1:29:110,33:1:0:110|m,a,s,p",1:65536;2:0;4:6291456;6:262144,15663105.0,"1:1:0:256,3:1:0:220,5:1:0:256,7:1:5:110,9:1:7:110,11:1:9:110,13:1:0:256,15:1:13:110,17:1:15:110,19:1:17:110,21:1:0:256,23:1:21:110,25:1:23:110,27:1:25:110,29:1:0:256,31:1:29:110,33:1:0:110","m,a,s,p",17.0,65536.0,0.0,,6291456.0,,262144.0,":method,:authority,:scheme,:path"
trial-024,c5a081c0-df9d-44eb-b379-ef26e3890cc8,2026-05-02 12:29:28.810551762+00:00,205.172.168.145,POST,/collect,HTTP/2.0,0.2,TLS 1.3,h2,TLS_AES_128_GCM_SHA256,uxbehaviorsuite.com,True,eed0deae7d7e22cec52141b0129c9428,t13d1516h2_8daaf6152771_d8a2da3f94cd,"h2,http/1.1",h2,2,True,True,0.0,h2_first,"2570,772,771","TLS 1.3,TLS 1.2",2,True,True,True,False,0.0,TLS1.3+TLS1.2,True,15,True,0.0,"2570,4865,4866,4867,49195,49199,49196,49200,52393,52392,49171,49172,156,157,47,53",TLS_AES_128_GCM_SHA256_TLS_AES_256_GCM_SHA384_TLS_CHACHA20_POLY1305_SHA256_ECDHE-ECDSA-AES128-GCM_ECDHE-RSA-AES128-GCM_ECDHE-ECDSA-AES256-GCM_ECDHE-RSA-AES256-GCM_ECDHE-ECDSA-CHACHA20_ECDHE-RSA-CHACHA20_ECDHE-RSA-AES128-CBC_ECDHE-RSA-AES256-CBC_RSA-AES128-GCM_RSA-AES256-GCM_RSA-AES128-CBC_RSA-AES256-CBC,4,True,0.0,"2570,4588,29,23,24",X25519MLKEM768_x25519_secp256r1_secp384r1,8,False,,"1027,2052,1025,1283,2053,1281,2054,1537",ecdsa_secp256r1_sha256_rsa_pss_rsae_sha256_rsa_pkcs1_sha256_ecdsa_secp384r1_sha384_rsa_pss_rsae_sha384_rsa_pkcs1_sha384_rsa_pss_rsae_sha512_rsa_pkcs1_sha512,True,t13d1516h2,8daaf6152771,d8a2da3f94cd,t,13,d,15,16,h2,"1:65536;2:0;4:6291456;6:262144|15663105|1:1:0:256,3:1:0:220,5:1:0:256,7:1:5:110,9:1:7:110,11:1:9:110,13:1:0:256,15:1:13:110,17:1:15:110,19:1:17:110,21:1:0:256,23:1:21:110,25:1:23:110,27:1:25:110,29:1:0:256,31:1:29:110,33:1:0:110,35:1:33:110|m,a,s,p",1:65536;2:0;4:6291456;6:262144,15663105.0,"1:1:0:256,3:1:0:220,5:1:0:256,7:1:5:110,9:1:7:110,11:1:9:110,13:1:0:256,15:1:13:110,17:1:15:110,19:1:17:110,21:1:0:256,23:1:21:110,25:1:23:110,27:1:25:110,29:1:0:256,31:1:29:110,33:1:0:110,35:1:33:110","m,a,s,p",18.0,65536.0,0.0,,6291456.0,,262144.0,":method,:authority,:scheme,:path"
trial-024,7ccc9e8a-e682-45b6-9753-100156e230be,2026-05-02 12:30:58.045308976+00:00,205.172.168.145,GET,/s4-dom-mismatch.html,HTTP/2.0,0.486,TLS 1.3,h2,TLS_AES_128_GCM_SHA256,uxbehaviorsuite.com,True,eed0deae7d7e22cec52141b0129c9428,t13d1516h2_8daaf6152771_d8a2da3f94cd,"h2,http/1.1",h2,2,True,True,0.0,h2_first,"2570,772,771","TLS 1.3,TLS 1.2",2,True,True,True,False,0.0,TLS1.3+TLS1.2,True,15,True,0.0,"2570,4865,4866,4867,49195,49199,49196,49200,52393,52392,49171,49172,156,157,47,53",TLS_AES_128_GCM_SHA256_TLS_AES_256_GCM_SHA384_TLS_CHACHA20_POLY1305_SHA256_ECDHE-ECDSA-AES128-GCM_ECDHE-RSA-AES128-GCM_ECDHE-ECDSA-AES256-GCM_ECDHE-RSA-AES256-GCM_ECDHE-ECDSA-CHACHA20_ECDHE-RSA-CHACHA20_ECDHE-RSA-AES128-CBC_ECDHE-RSA-AES256-CBC_RSA-AES128-GCM_RSA-AES256-GCM_RSA-AES128-CBC_RSA-AES256-CBC,4,True,0.0,"2570,4588,29,23,24",X25519MLKEM768_x25519_secp256r1_secp384r1,8,False,,"1027,2052,1025,1283,2053,1281,2054,1537",ecdsa_secp256r1_sha256_rsa_pss_rsae_sha256_rsa_pkcs1_sha256_ecdsa_secp384r1_sha384_rsa_pss_rsae_sha384_rsa_pkcs1_sha384_rsa_pss_rsae_sha512_rsa_pkcs1_sha512,True,t13d1516h2,8daaf6152771,d8a2da3f94cd,t,13,d,15,16,h2,"1:65536;2:0;4:6291456;6:262144|15663105|1:1:0:256,3:1:0:220,5:1:0:256,7:1:5:110,9:1:7:110,11:1:9:110,13:1:0:256,15:1:13:110,17:1:15:110,19:1:17:110,21:1:0:256,23:1:21:110,25:1:23:110,27:1:25:110,29:1:0:256,31:1:29:110,33:1:0:110,35:1:33:110,37:1:0:256|m,a,s,p",1:65536;2:0;4:6291456;6:262144,15663105.0,"1:1:0:256,3:1:0:220,5:1:0:256,7:1:5:110,9:1:7:110,11:1:9:110,13:1:0:256,15:1:13:110,17:1:15:110,19:1:17:110,21:1:0:256,23:1:21:110,25:1:23:110,27:1:25:110,29:1:0:256,31:1:29:110,33:1:0:110,35:1:33:110,37:1:0:256","m,a,s,p",19.0,65536.0,0.0,,6291456.0,,262144.0,":method,:authority,:scheme,:path"
trial-024,1842ed7f-e3b2-46c7-9083-852ac8de5ef6,2026-05-02 12:30:58.046033312+00:00,205.172.168.145,POST,/collect,HTTP/2.0,0.378,TLS 1.3,h2,TLS_AES_128_GCM_SHA256,uxbehaviorsuite.com,True,eed0deae7d7e22cec52141b0129c9428,t13d1516h2_8daaf6152771_d8a2da3f94cd,"h2,http/1.1",h2,2,True,True,0.0,h2_first,"2570,772,771","TLS 1.3,TLS 1.2",2,True,True,True,False,0.0,TLS1.3+TLS1.2,True,15,True,0.0,"2570,4865,4866,4867,49195,49199,49196,49200,52393,52392,49171,49172,156,157,47,53",TLS_AES_128_GCM_SHA256_TLS_AES_256_GCM_SHA384_TLS_CHACHA20_POLY1305_SHA256_ECDHE-ECDSA-AES128-GCM_ECDHE-RSA-AES128-GCM_ECDHE-ECDSA-AES256-GCM_ECDHE-RSA-AES256-GCM_ECDHE-ECDSA-CHACHA20_ECDHE-RSA-CHACHA20_ECDHE-RSA-AES128-CBC_ECDHE-RSA-AES256-CBC_RSA-AES128-GCM_RSA-AES256-GCM_RSA-AES128-CBC_RSA-AES256-CBC,4,True,0.0,"2570,4588,29,23,24",X25519MLKEM768_x25519_secp256r1_secp384r1,8,False,,"1027,2052,1025,1283,2053,1281,2054,1537",ecdsa_secp256r1_sha256_rsa_pss_rsae_sha256_rsa_pkcs1_sha256_ecdsa_secp384r1_sha384_rsa_pss_rsae_sha384_rsa_pkcs1_sha384_rsa_pss_rsae_sha512_rsa_pkcs1_sha512,True,t13d1516h2,8daaf6152771,d8a2da3f94cd,t,13,d,15,16,h2,"1:65536;2:0;4:6291456;6:262144|15663105|1:1:0:256,3:1:0:220,5:1:0:256,7:1:5:110,9:1:7:110,11:1:9:110,13:1:0:256,15:1:13:110,17:1:15:110,19:1:17:110,21:1:0:256,23:1:21:110,25:1:23:110,27:1:25:110,29:1:0:256,31:1:29:110,33:1:0:110,35:1:33:110,37:1:0:256,39:1:37:110|m,a,s,p",1:65536;2:0;4:6291456;6:262144,15663105.0,"1:1:0:256,3:1:0:220,5:1:0:256,7:1:5:110,9:1:7:110,11:1:9:110,13:1:0:256,15:1:13:110,17:1:15:110,19:1:17:110,21:1:0:256,23:1:21:110,25:1:23:110,27:1:25:110,29:1:0:256,31:1:29:110,33:1:0:110,35:1:33:110,37:1:0:256,39:1:37:110","m,a,s,p",20.0,65536.0,0.0,,6291456.0,,262144.0,":method,:authority,:scheme,:path"
trial-024,14ab81c2-c7bb-4b07-ae27-4dfe72542cef,2026-05-02 12:30:58.067287343+00:00,205.172.168.145,POST,/collect,HTTP/2.0,0.236,TLS 1.3,h2,TLS_AES_128_GCM_SHA256,uxbehaviorsuite.com,True,eed0deae7d7e22cec52141b0129c9428,t13d1516h2_8daaf6152771_d8a2da3f94cd,"h2,http/1.1",h2,2,True,True,0.0,h2_first,"2570,772,771","TLS 1.3,TLS 1.2",2,True,True,True,False,0.0,TLS1.3+TLS1.2,True,15,True,0.0,"2570,4865,4866,4867,49195,49199,49196,49200,52393,52392,49171,49172,156,157,47,53",TLS_AES_128_GCM_SHA256_TLS_AES_256_GCM_SHA384_TLS_CHACHA20_POLY1305_SHA256_ECDHE-ECDSA-AES128-GCM_ECDHE-RSA-AES128-GCM_ECDHE-ECDSA-AES256-GCM_ECDHE-RSA-AES256-GCM_ECDHE-ECDSA-CHACHA20_ECDHE-RSA-CHACHA20_ECDHE-RSA-AES128-CBC_ECDHE-RSA-AES256-CBC_RSA-AES128-GCM_RSA-AES256-GCM_RSA-AES128-CBC_RSA-AES256-CBC,4,True,0.0,"2570,4588,29,23,24",X25519MLKEM768_x25519_secp256r1_secp384r1,8,False,,"1027,2052,1025,1283,2053,1281,2054,1537",ecdsa_secp256r1_sha256_rsa_pss_rsae_sha256_rsa_pkcs1_sha256_ecdsa_secp384r1_sha384_rsa_pss_rsae_sha384_rsa_pkcs1_sha384_rsa_pss_rsae_sha512_rsa_pkcs1_sha512,True,t13d1516h2,8daaf6152771,d8a2da3f94cd,t,13,d,15,16,h2,"1:65536;2:0;4:6291456;6:262144|15663105|1:1:0:256,3:1:0:220,5:1:0:256,7:1:5:110,9:1:7:110,11:1:9:110,13:1:0:256,15:1:13:110,17:1:15:110,19:1:17:110,21:1:0:256,23:1:21:110,25:1:23:110,27:1:25:110,29:1:0:256,31:1:29:110,33:1:0:110,35:1:33:110,37:1:0:256,39:1:37:110,41:1:39:110|m,a,s,p",1:65536;2:0;4:6291456;6:262144,15663105.0,"1:1:0:256,3:1:0:220,5:1:0:256,7:1:5:110,9:1:7:110,11:1:9:110,13:1:0:256,15:1:13:110,17:1:15:110,19:1:17:110,21:1:0:256,23:1:21:110,25:1:23:110,27:1:25:110,29:1:0:256,31:1:29:110,33:1:0:110,35:1:33:110,37:1:0:256,39:1:37:110,41:1:39:110","m,a,s,p",21.0,65536.0,0.0,,6291456.0,,262144.0,":method,:authority,:scheme,:path"
trial-024,484481f5-cdf6-42c3-bb4a-627a6630b187,2026-05-02 12:30:58.069891059+00:00,205.172.168.145,POST,/collect,HTTP/2.0,0.241,TLS 1.3,h2,TLS_AES_128_GCM_SHA256,uxbehaviorsuite.com,True,eed0deae7d7e22cec52141b0129c9428,t13d1516h2_8daaf6152771_d8a2da3f94cd,"h2,http/1.1",h2,2,True,True,0.0,h2_first,"2570,772,771","TLS 1.3,TLS 1.2",2,True,True,True,False,0.0,TLS1.3+TLS1.2,True,15,True,0.0,"2570,4865,4866,4867,49195,49199,49196,49200,52393,52392,49171,49172,156,157,47,53",TLS_AES_128_GCM_SHA256_TLS_AES_256_GCM_SHA384_TLS_CHACHA20_POLY1305_SHA256_ECDHE-ECDSA-AES128-GCM_ECDHE-RSA-AES128-GCM_ECDHE-ECDSA-AES256-GCM_ECDHE-RSA-AES256-GCM_ECDHE-ECDSA-CHACHA20_ECDHE-RSA-CHACHA20_ECDHE-RSA-AES128-CBC_ECDHE-RSA-AES256-CBC_RSA-AES128-GCM_RSA-AES256-GCM_RSA-AES128-CBC_RSA-AES256-CBC,4,True,0.0,"2570,4588,29,23,24",X25519MLKEM768_x25519_secp256r1_secp384r1,8,False,,"1027,2052,1025,1283,2053,1281,2054,1537",ecdsa_secp256r1_sha256_rsa_pss_rsae_sha256_rsa_pkcs1_sha256_ecdsa_secp384r1_sha384_rsa_pss_rsae_sha384_rsa_pkcs1_sha384_rsa_pss_rsae_sha512_rsa_pkcs1_sha512,True,t13d1516h2,8daaf6152771,d8a2da3f94cd,t,13,d,15,16,h2,"1:65536;2:0;4:6291456;6:262144|15663105|1:1:0:256,3:1:0:220,5:1:0:256,7:1:5:110,9:1:7:110,11:1:9:110,13:1:0:256,15:1:13:110,17:1:15:110,19:1:17:110,21:1:0:256,23:1:21:110,25:1:23:110,27:1:25:110,29:1:0:256,31:1:29:110,33:1:0:110,35:1:33:110,37:1:0:256,39:1:37:110,41:1:39:110,43:1:41:110|m,a,s,p",1:65536;2:0;4:6291456;6:262144,15663105.0,"1:1:0:256,3:1:0:220,5:1:0:256,7:1:5:110,9:1:7:110,11:1:9:110,13:1:0:256,15:1:13:110,17:1:15:110,19:1:17:110,21:1:0:256,23:1:21:110,25:1:23:110,27:1:25:110,29:1:0:256,31:1:29:110,33:1:0:110,35:1:33:110,37:1:0:256,39:1:37:110,41:1:39:110,43:1:41:110","m,a,s,p",22.0,65536.0,0.0,,6291456.0,,262144.0,":method,:authority,:scheme,:path"
trial-024,f2306bf6-c329-48b1-bb43-6fe90b565729,2026-05-02 12:32:07.397292570+00:00,205.172.168.145,GET,/s5-delayed-feedback.html,HTTP/2.0,0.562,TLS 1.3,h2,TLS_AES_128_GCM_SHA256,uxbehaviorsuite.com,True,eed0deae7d7e22cec52141b0129c9428,t13d1516h2_8daaf6152771_d8a2da3f94cd,"h2,http/1.1",h2,2,True,True,0.0,h2_first,"2570,772,771","TLS 1.3,TLS 1.2",2,True,True,True,False,0.0,TLS1.3+TLS1.2,True,15,True,0.0,"2570,4865,4866,4867,49195,49199,49196,49200,52393,52392,49171,49172,156,157,47,53",TLS_AES_128_GCM_SHA256_TLS_AES_256_GCM_SHA384_TLS_CHACHA20_POLY1305_SHA256_ECDHE-ECDSA-AES128-GCM_ECDHE-RSA-AES128-GCM_ECDHE-ECDSA-AES256-GCM_ECDHE-RSA-AES256-GCM_ECDHE-ECDSA-CHACHA20_ECDHE-RSA-CHACHA20_ECDHE-RSA-AES128-CBC_ECDHE-RSA-AES256-CBC_RSA-AES128-GCM_RSA-AES256-GCM_RSA-AES128-CBC_RSA-AES256-CBC,4,True,0.0,"2570,4588,29,23,24",X25519MLKEM768_x25519_secp256r1_secp384r1,8,False,,"1027,2052,1025,1283,2053,1281,2054,1537",ecdsa_secp256r1_sha256_rsa_pss_rsae_sha256_rsa_pkcs1_sha256_ecdsa_secp384r1_sha384_rsa_pss_rsae_sha384_rsa_pkcs1_sha384_rsa_pss_rsae_sha512_rsa_pkcs1_sha512,True,t13d1516h2,8daaf6152771,d8a2da3f94cd,t,13,d,15,16,h2,"1:65536;2:0;4:6291456;6:262144|15663105|1:1:0:256,3:1:0:220,5:1:0:256,7:1:5:110,9:1:7:110,11:1:9:110,13:1:0:256,15:1:13:110,17:1:15:110,19:1:17:110,21:1:0:256,23:1:21:110,25:1:23:110,27:1:25:110,29:1:0:256,31:1:29:110,33:1:0:110,35:1:33:110,37:1:0:256,39:1:37:110,41:1:39:110,43:1:41:110,45:1:0:256|m,a,s,p",1:65536;2:0;4:6291456;6:262144,15663105.0,"1:1:0:256,3:1:0:220,5:1:0:256,7:1:5:110,9:1:7:110,11:1:9:110,13:1:0:256,15:1:13:110,17:1:15:110,19:1:17:110,21:1:0:256,23:1:21:110,25:1:23:110,27:1:25:110,29:1:0:256,31:1:29:110,33:1:0:110,35:1:33:110,37:1:0:256,39:1:37:110,41:1:39:110,43:1:41:110,45:1:0:256","m,a,s,p",23.0,65536.0,0.0,,6291456.0,,262144.0,":method,:authority,:scheme,:path"
trial-024,646717c8-d684-4ee5-a8ed-bd8296c31228,2026-05-02 12:32:07.397495361+00:00,205.172.168.145,POST,/collect,HTTP/2.0,0.326,TLS 1.3,h2,TLS_AES_128_GCM_SHA256,uxbehaviorsuite.com,True,eed0deae7d7e22cec52141b0129c9428,t13d1516h2_8daaf6152771_d8a2da3f94cd,"h2,http/1.1",h2,2,True,True,0.0,h2_first,"2570,772,771","TLS 1.3,TLS 1.2",2,True,True,True,False,0.0,TLS1.3+TLS1.2,True,15,True,0.0,"2570,4865,4866,4867,49195,49199,49196,49200,52393,52392,49171,49172,156,157,47,53",TLS_AES_128_GCM_SHA256_TLS_AES_256_GCM_SHA384_TLS_CHACHA20_POLY1305_SHA256_ECDHE-ECDSA-AES128-GCM_ECDHE-RSA-AES128-GCM_ECDHE-ECDSA-AES256-GCM_ECDHE-RSA-AES256-GCM_ECDHE-ECDSA-CHACHA20_ECDHE-RSA-CHACHA20_ECDHE-RSA-AES128-CBC_ECDHE-RSA-AES256-CBC_RSA-AES128-GCM_RSA-AES256-GCM_RSA-AES128-CBC_RSA-AES256-CBC,4,True,0.0,"2570,4588,29,23,24",X25519MLKEM768_x25519_secp256r1_secp384r1,8,False,,"1027,2052,1025,1283,2053,1281,2054,1537",ecdsa_secp256r1_sha256_rsa_pss_rsae_sha256_rsa_pkcs1_sha256_ecdsa_secp384r1_sha384_rsa_pss_rsae_sha384_rsa_pkcs1_sha384_rsa_pss_rsae_sha512_rsa_pkcs1_sha512,True,t13d1516h2,8daaf6152771,d8a2da3f94cd,t,13,d,15,16,h2,"1:65536;2:0;4:6291456;6:262144|15663105|1:1:0:256,3:1:0:220,5:1:0:256,7:1:5:110,9:1:7:110,11:1:9:110,13:1:0:256,15:1:13:110,17:1:15:110,19:1:17:110,21:1:0:256,23:1:21:110,25:1:23:110,27:1:25:110,29:1:0:256,31:1:29:110,33:1:0:110,35:1:33:110,37:1:0:256,39:1:37:110,41:1:39:110,43:1:41:110,45:1:0:256,47:1:45:110|m,a,s,p",1:65536;2:0;4:6291456;6:262144,15663105.0,"1:1:0:256,3:1:0:220,5:1:0:256,7:1:5:110,9:1:7:110,11:1:9:110,13:1:0:256,15:1:13:110,17:1:15:110,19:1:17:110,21:1:0:256,23:1:21:110,25:1:23:110,27:1:25:110,29:1:0:256,31:1:29:110,33:1:0:110,35:1:33:110,37:1:0:256,39:1:37:110,41:1:39:110,43:1:41:110,45:1:0:256,47:1:45:110","m,a,s,p",24.0,65536.0,0.0,,6291456.0,,262144.0,":method,:authority,:scheme,:path"
trial-024,d588ac3a-02dd-43f1-80ab-ea8a091ba832,2026-05-02 12:32:07.418309742+00:00,205.172.168.145,POST,/collect,HTTP/2.0,0.295,TLS 1.3,h2,TLS_AES_128_GCM_SHA256,uxbehaviorsuite.com,True,eed0deae7d7e22cec52141b0129c9428,t13d1516h2_8daaf6152771_d8a2da3f94cd,"h2,http/1.1",h2,2,True,True,0.0,h2_first,"2570,772,771","TLS 1.3,TLS 1.2",2,True,True,True,False,0.0,TLS1.3+TLS1.2,True,15,True,0.0,"2570,4865,4866,4867,49195,49199,49196,49200,52393,52392,49171,49172,156,157,47,53",TLS_AES_128_GCM_SHA256_TLS_AES_256_GCM_SHA384_TLS_CHACHA20_POLY1305_SHA256_ECDHE-ECDSA-AES128-GCM_ECDHE-RSA-AES128-GCM_ECDHE-ECDSA-AES256-GCM_ECDHE-RSA-AES256-GCM_ECDHE-ECDSA-CHACHA20_ECDHE-RSA-CHACHA20_ECDHE-RSA-AES128-CBC_ECDHE-RSA-AES256-CBC_RSA-AES128-GCM_RSA-AES256-GCM_RSA-AES128-CBC_RSA-AES256-CBC,4,True,0.0,"2570,4588,29,23,24",X25519MLKEM768_x25519_secp256r1_secp384r1,8,False,,"1027,2052,1025,1283,2053,1281,2054,1537",ecdsa_secp256r1_sha256_rsa_pss_rsae_sha256_rsa_pkcs1_sha256_ecdsa_secp384r1_sha384_rsa_pss_rsae_sha384_rsa_pkcs1_sha384_rsa_pss_rsae_sha512_rsa_pkcs1_sha512,True,t13d1516h2,8daaf6152771,d8a2da3f94cd,t,13,d,15,16,h2,"1:65536;2:0;4:6291456;6:262144|15663105|1:1:0:256,3:1:0:220,5:1:0:256,7:1:5:110,9:1:7:110,11:1:9:110,13:1:0:256,15:1:13:110,17:1:15:110,19:1:17:110,21:1:0:256,23:1:21:110,25:1:23:110,27:1:25:110,29:1:0:256,31:1:29:110,33:1:0:110,35:1:33:110,37:1:0:256,39:1:37:110,41:1:39:110,43:1:41:110,45:1:0:256,47:1:45:110,49:1:47:110|m,a,s,p",1:65536;2:0;4:6291456;6:262144,15663105.0,"1:1:0:256,3:1:0:220,5:1:0:256,7:1:5:110,9:1:7:110,11:1:9:110,13:1:0:256,15:1:13:110,17:1:15:110,19:1:17:110,21:1:0:256,23:1:21:110,25:1:23:110,27:1:25:110,29:1:0:256,31:1:29:110,33:1:0:110,35:1:33:110,37:1:0:256,39:1:37:110,41:1:39:110,43:1:41:110,45:1:0:256,47:1:45:110,49:1:47:110","m,a,s,p",25.0,65536.0,0.0,,6291456.0,,262144.0,":method,:authority,:scheme,:path"
trial-024,5354a6fb-b684-4416-b660-92b98fed3067,2026-05-02 12:32:07.419522916+00:00,205.172.168.145,POST,/collect,HTTP/2.0,0.222,TLS 1.3,h2,TLS_AES_128_GCM_SHA256,uxbehaviorsuite.com,True,eed0deae7d7e22cec52141b0129c9428,t13d1516h2_8daaf6152771_d8a2da3f94cd,"h2,http/1.1",h2,2,True,True,0.0,h2_first,"2570,772,771","TLS 1.3,TLS 1.2",2,True,True,True,False,0.0,TLS1.3+TLS1.2,True,15,True,0.0,"2570,4865,4866,4867,49195,49199,49196,49200,52393,52392,49171,49172,156,157,47,53",TLS_AES_128_GCM_SHA256_TLS_AES_256_GCM_SHA384_TLS_CHACHA20_POLY1305_SHA256_ECDHE-ECDSA-AES128-GCM_ECDHE-RSA-AES128-GCM_ECDHE-ECDSA-AES256-GCM_ECDHE-RSA-AES256-GCM_ECDHE-ECDSA-CHACHA20_ECDHE-RSA-CHACHA20_ECDHE-RSA-AES128-CBC_ECDHE-RSA-AES256-CBC_RSA-AES128-GCM_RSA-AES256-GCM_RSA-AES128-CBC_RSA-AES256-CBC,4,True,0.0,"2570,4588,29,23,24",X25519MLKEM768_x25519_secp256r1_secp384r1,8,False,,"1027,2052,1025,1283,2053,1281,2054,1537",ecdsa_secp256r1_sha256_rsa_pss_rsae_sha256_rsa_pkcs1_sha256_ecdsa_secp384r1_sha384_rsa_pss_rsae_sha384_rsa_pkcs1_sha384_rsa_pss_rsae_sha512_rsa_pkcs1_sha512,True,t13d1516h2,8daaf6152771,d8a2da3f94cd,t,13,d,15,16,h2,"1:65536;2:0;4:6291456;6:262144|15663105|1:1:0:256,3:1:0:220,5:1:0:256,7:1:5:110,9:1:7:110,11:1:9:110,13:1:0:256,15:1:13:110,17:1:15:110,19:1:17:110,21:1:0:256,23:1:21:110,25:1:23:110,27:1:25:110,29:1:0:256,31:1:29:110,33:1:0:110,35:1:33:110,37:1:0:256,39:1:37:110,41:1:39:110,43:1:41:110,45:1:0:256,47:1:45:110,49:1:47:110,51:1:49:110|m,a,s,p",1:65536;2:0;4:6291456;6:262144,15663105.0,"1:1:0:256,3:1:0:220,5:1:0:256,7:1:5:110,9:1:7:110,11:1:9:110,13:1:0:256,15:1:13:110,17:1:15:110,19:1:17:110,21:1:0:256,23:1:21:110,25:1:23:110,27:1:25:110,29:1:0:256,31:1:29:110,33:1:0:110,35:1:33:110,37:1:0:256,39:1:37:110,41:1:39:110,43:1:41:110,45:1:0:256,47:1:45:110,49:1:47:110,51:1:49:110","m,a,s,p",26.0,65536.0,0.0,,6291456.0,,262144.0,":method,:authority,:scheme,:path"
trial-025,918187a0-a231-4bd3-adb1-ebc14783c792,2026-05-02 12:48:33.005891521+00:00,205.172.168.145,GET,/subscribe-v1.html,HTTP/2.0,0.474,TLS 1.3,h2,TLS_AES_128_GCM_SHA256,uxbehaviorsuite.com,True,2558b9b5bce422706900ca99c16db47b,t13d1516h2_8daaf6152771_d8a2da3f94cd,"h2,http/1.1",h2,2,True,True,0.0,h2_first,"2570,772,771","TLS 1.3,TLS 1.2",2,True,True,True,False,0.0,TLS1.3+TLS1.2,True,15,True,0.0,"2570,4865,4866,4867,49195,49199,49196,49200,52393,52392,49171,49172,156,157,47,53",TLS_AES_128_GCM_SHA256_TLS_AES_256_GCM_SHA384_TLS_CHACHA20_POLY1305_SHA256_ECDHE-ECDSA-AES128-GCM_ECDHE-RSA-AES128-GCM_ECDHE-ECDSA-AES256-GCM_ECDHE-RSA-AES256-GCM_ECDHE-ECDSA-CHACHA20_ECDHE-RSA-CHACHA20_ECDHE-RSA-AES128-CBC_ECDHE-RSA-AES256-CBC_RSA-AES128-GCM_RSA-AES256-GCM_RSA-AES128-CBC_RSA-AES256-CBC,4,True,0.0,"2570,4588,29,23,24",X25519MLKEM768_x25519_secp256r1_secp384r1,8,False,,"1027,2052,1025,1283,2053,1281,2054,1537",ecdsa_secp256r1_sha256_rsa_pss_rsae_sha256_rsa_pkcs1_sha256_ecdsa_secp384r1_sha384_rsa_pss_rsae_sha384_rsa_pkcs1_sha384_rsa_pss_rsae_sha512_rsa_pkcs1_sha512,True,t13d1516h2,8daaf6152771,d8a2da3f94cd,t,13,d,15,16,h2,"1:65536;2:0;4:6291456;6:262144|15663105|1:1:0:256|m,a,s,p",1:65536;2:0;4:6291456;6:262144,15663105.0,1:1:0:256,"m,a,s,p",1.0,65536.0,0.0,,6291456.0,,262144.0,":method,:authority,:scheme,:path"
trial-025,ab9bbad1-ccaf-464f-82db-0645ed60039f,2026-05-02 12:48:33.036652842+00:00,205.172.168.145,GET,/logger.js,HTTP/2.0,0.319,TLS 1.3,h2,TLS_AES_128_GCM_SHA256,uxbehaviorsuite.com,True,2558b9b5bce422706900ca99c16db47b,t13d1516h2_8daaf6152771_d8a2da3f94cd,"h2,http/1.1",h2,2,True,True,0.0,h2_first,"2570,772,771","TLS 1.3,TLS 1.2",2,True,True,True,False,0.0,TLS1.3+TLS1.2,True,15,True,0.0,"2570,4865,4866,4867,49195,49199,49196,49200,52393,52392,49171,49172,156,157,47,53",TLS_AES_128_GCM_SHA256_TLS_AES_256_GCM_SHA384_TLS_CHACHA20_POLY1305_SHA256_ECDHE-ECDSA-AES128-GCM_ECDHE-RSA-AES128-GCM_ECDHE-ECDSA-AES256-GCM_ECDHE-RSA-AES256-GCM_ECDHE-ECDSA-CHACHA20_ECDHE-RSA-CHACHA20_ECDHE-RSA-AES128-CBC_ECDHE-RSA-AES256-CBC_RSA-AES128-GCM_RSA-AES256-GCM_RSA-AES128-CBC_RSA-AES256-CBC,4,True,0.0,"2570,4588,29,23,24",X25519MLKEM768_x25519_secp256r1_secp384r1,8,False,,"1027,2052,1025,1283,2053,1281,2054,1537",ecdsa_secp256r1_sha256_rsa_pss_rsae_sha256_rsa_pkcs1_sha256_ecdsa_secp384r1_sha384_rsa_pss_rsae_sha384_rsa_pkcs1_sha384_rsa_pss_rsae_sha512_rsa_pkcs1_sha512,True,t13d1516h2,8daaf6152771,d8a2da3f94cd,t,13,d,15,16,h2,"1:65536;2:0;4:6291456;6:262144|15663105|1:1:0:256,3:1:0:220|m,a,s,p",1:65536;2:0;4:6291456;6:262144,15663105.0,"1:1:0:256,3:1:0:220","m,a,s,p",2.0,65536.0,0.0,,6291456.0,,262144.0,":method,:authority,:scheme,:path"
trial-025,18f196d7-999e-476e-8918-2cfcdd21c3b4,2026-05-02 12:48:43.765167253+00:00,66.228.53.162,GET,/,HTTP/1.1,0.294,TLS 1.2,,TLS_ECDHE_ECDSA_WITH_AES_128_GCM_SHA256,,False,cba7f34191ef2379c1325641f6c6c4f4,t12i130500_2d7513195f68_e51b7354d87f,,,0,False,False,,none,,,0,False,False,False,False,,none,,13,False,,"49199,49195,49169,49159,49171,49161,49172,49162,5,47,53,49170,10",ECDHE-RSA-AES128-GCM_ECDHE-ECDSA-AES128-GCM_49169_49159_ECDHE-RSA-AES128-CBC_49161_ECDHE-RSA-AES256-CBC_49162_5_RSA-AES128-CBC_RSA-AES256-CBC_49170_10,3,False,,"23,24,25",secp256r1_secp384r1_secp521r1,7,False,,"1025,1027,513,515,1025,1281,1537",rsa_pkcs1_sha256_ecdsa_secp256r1_sha256_513_ecdsa_sha1_rsa_pkcs1_sha256_rsa_pkcs1_sha384_rsa_pkcs1_sha512,False,t12i130500,2d7513195f68,e51b7354d87f,t,12,i,13,5,00,,,,,,,,,,,,,
trial-025,9ba41302-89bb-4e9c-b822-d3ce942280d1,2026-05-02 12:50:27.677968619+00:00,205.172.168.145,GET,/subscribe-v2.html,HTTP/2.0,0.617,TLS 1.3,h2,TLS_AES_128_GCM_SHA256,uxbehaviorsuite.com,True,2558b9b5bce422706900ca99c16db47b,t13d1516h2_8daaf6152771_d8a2da3f94cd,"h2,http/1.1",h2,2,True,True,0.0,h2_first,"2570,772,771","TLS 1.3,TLS 1.2",2,True,True,True,False,0.0,TLS1.3+TLS1.2,True,15,True,0.0,"2570,4865,4866,4867,49195,49199,49196,49200,52393,52392,49171,49172,156,157,47,53",TLS_AES_128_GCM_SHA256_TLS_AES_256_GCM_SHA384_TLS_CHACHA20_POLY1305_SHA256_ECDHE-ECDSA-AES128-GCM_ECDHE-RSA-AES128-GCM_ECDHE-ECDSA-AES256-GCM_ECDHE-RSA-AES256-GCM_ECDHE-ECDSA-CHACHA20_ECDHE-RSA-CHACHA20_ECDHE-RSA-AES128-CBC_ECDHE-RSA-AES256-CBC_RSA-AES128-GCM_RSA-AES256-GCM_RSA-AES128-CBC_RSA-AES256-CBC,4,True,0.0,"2570,4588,29,23,24",X25519MLKEM768_x25519_secp256r1_secp384r1,8,False,,"1027,2052,1025,1283,2053,1281,2054,1537",ecdsa_secp256r1_sha256_rsa_pss_rsae_sha256_rsa_pkcs1_sha256_ecdsa_secp384r1_sha384_rsa_pss_rsae_sha384_rsa_pkcs1_sha384_rsa_pss_rsae_sha512_rsa_pkcs1_sha512,True,t13d1516h2,8daaf6152771,d8a2da3f94cd,t,13,d,15,16,h2,"1:65536;2:0;4:6291456;6:262144|15663105|1:1:0:256,3:1:0:220,5:1:0:256|m,a,s,p",1:65536;2:0;4:6291456;6:262144,15663105.0,"1:1:0:256,3:1:0:220,5:1:0:256","m,a,s,p",3.0,65536.0,0.0,,6291456.0,,262144.0,":method,:authority,:scheme,:path"
trial-025,44388a0e-9dc0-4c2c-8dbd-25d273e38630,2026-05-02 12:50:27.678987071+00:00,205.172.168.145,POST,/collect,HTTP/2.0,1.72,TLS 1.3,h2,TLS_AES_128_GCM_SHA256,uxbehaviorsuite.com,True,2558b9b5bce422706900ca99c16db47b,t13d1516h2_8daaf6152771_d8a2da3f94cd,"h2,http/1.1",h2,2,True,True,0.0,h2_first,"2570,772,771","TLS 1.3,TLS 1.2",2,True,True,True,False,0.0,TLS1.3+TLS1.2,True,15,True,0.0,"2570,4865,4866,4867,49195,49199,49196,49200,52393,52392,49171,49172,156,157,47,53",TLS_AES_128_GCM_SHA256_TLS_AES_256_GCM_SHA384_TLS_CHACHA20_POLY1305_SHA256_ECDHE-ECDSA-AES128-GCM_ECDHE-RSA-AES128-GCM_ECDHE-ECDSA-AES256-GCM_ECDHE-RSA-AES256-GCM_ECDHE-ECDSA-CHACHA20_ECDHE-RSA-CHACHA20_ECDHE-RSA-AES128-CBC_ECDHE-RSA-AES256-CBC_RSA-AES128-GCM_RSA-AES256-GCM_RSA-AES128-CBC_RSA-AES256-CBC,4,True,0.0,"2570,4588,29,23,24",X25519MLKEM768_x25519_secp256r1_secp384r1,8,False,,"1027,2052,1025,1283,2053,1281,2054,1537",ecdsa_secp256r1_sha256_rsa_pss_rsae_sha256_rsa_pkcs1_sha256_ecdsa_secp384r1_sha384_rsa_pss_rsae_sha384_rsa_pkcs1_sha384_rsa_pss_rsae_sha512_rsa_pkcs1_sha512,True,t13d1516h2,8daaf6152771,d8a2da3f94cd,t,13,d,15,16,h2,"1:65536;2:0;4:6291456;6:262144|15663105|1:1:0:256,3:1:0:220,5:1:0:256,7:1:5:110|m,a,s,p",1:65536;2:0;4:6291456;6:262144,15663105.0,"1:1:0:256,3:1:0:220,5:1:0:256,7:1:5:110","m,a,s,p",4.0,65536.0,0.0,,6291456.0,,262144.0,":method,:authority,:scheme,:path"
trial-025,c8820ef8-a7c1-4851-8538-a55756979ae9,2026-05-02 12:50:27.700589227+00:00,205.172.168.145,POST,/collect,HTTP/2.0,0.226,TLS 1.3,h2,TLS_AES_128_GCM_SHA256,uxbehaviorsuite.com,True,2558b9b5bce422706900ca99c16db47b,t13d1516h2_8daaf6152771_d8a2da3f94cd,"h2,http/1.1",h2,2,True,True,0.0,h2_first,"2570,772,771","TLS 1.3,TLS 1.2",2,True,True,True,False,0.0,TLS1.3+TLS1.2,True,15,True,0.0,"2570,4865,4866,4867,49195,49199,49196,49200,52393,52392,49171,49172,156,157,47,53",TLS_AES_128_GCM_SHA256_TLS_AES_256_GCM_SHA384_TLS_CHACHA20_POLY1305_SHA256_ECDHE-ECDSA-AES128-GCM_ECDHE-RSA-AES128-GCM_ECDHE-ECDSA-AES256-GCM_ECDHE-RSA-AES256-GCM_ECDHE-ECDSA-CHACHA20_ECDHE-RSA-CHACHA20_ECDHE-RSA-AES128-CBC_ECDHE-RSA-AES256-CBC_RSA-AES128-GCM_RSA-AES256-GCM_RSA-AES128-CBC_RSA-AES256-CBC,4,True,0.0,"2570,4588,29,23,24",X25519MLKEM768_x25519_secp256r1_secp384r1,8,False,,"1027,2052,1025,1283,2053,1281,2054,1537",ecdsa_secp256r1_sha256_rsa_pss_rsae_sha256_rsa_pkcs1_sha256_ecdsa_secp384r1_sha384_rsa_pss_rsae_sha384_rsa_pkcs1_sha384_rsa_pss_rsae_sha512_rsa_pkcs1_sha512,True,t13d1516h2,8daaf6152771,d8a2da3f94cd,t,13,d,15,16,h2,"1:65536;2:0;4:6291456;6:262144|15663105|1:1:0:256,3:1:0:220,5:1:0:256,7:1:5:110,9:1:7:110|m,a,s,p",1:65536;2:0;4:6291456;6:262144,15663105.0,"1:1:0:256,3:1:0:220,5:1:0:256,7:1:5:110,9:1:7:110","m,a,s,p",5.0,65536.0,0.0,,6291456.0,,262144.0,":method,:authority,:scheme,:path"
trial-025,6a2a0dfc-a2b5-4118-936d-1737980728f5,2026-05-02 12:50:27.703492943+00:00,205.172.168.145,POST,/collect,HTTP/2.0,0.248,TLS 1.3,h2,TLS_AES_128_GCM_SHA256,uxbehaviorsuite.com,True,2558b9b5bce422706900ca99c16db47b,t13d1516h2_8daaf6152771_d8a2da3f94cd,"h2,http/1.1",h2,2,True,True,0.0,h2_first,"2570,772,771","TLS 1.3,TLS 1.2",2,True,True,True,False,0.0,TLS1.3+TLS1.2,True,15,True,0.0,"2570,4865,4866,4867,49195,49199,49196,49200,52393,52392,49171,49172,156,157,47,53",TLS_AES_128_GCM_SHA256_TLS_AES_256_GCM_SHA384_TLS_CHACHA20_POLY1305_SHA256_ECDHE-ECDSA-AES128-GCM_ECDHE-RSA-AES128-GCM_ECDHE-ECDSA-AES256-GCM_ECDHE-RSA-AES256-GCM_ECDHE-ECDSA-CHACHA20_ECDHE-RSA-CHACHA20_ECDHE-RSA-AES128-CBC_ECDHE-RSA-AES256-CBC_RSA-AES128-GCM_RSA-AES256-GCM_RSA-AES128-CBC_RSA-AES256-CBC,4,True,0.0,"2570,4588,29,23,24",X25519MLKEM768_x25519_secp256r1_secp384r1,8,False,,"1027,2052,1025,1283,2053,1281,2054,1537",ecdsa_secp256r1_sha256_rsa_pss_rsae_sha256_rsa_pkcs1_sha256_ecdsa_secp384r1_sha384_rsa_pss_rsae_sha384_rsa_pkcs1_sha384_rsa_pss_rsae_sha512_rsa_pkcs1_sha512,True,t13d1516h2,8daaf6152771,d8a2da3f94cd,t,13,d,15,16,h2,"1:65536;2:0;4:6291456;6:262144|15663105|1:1:0:256,3:1:0:220,5:1:0:256,7:1:5:110,9:1:7:110,11:1:9:110|m,a,s,p",1:65536;2:0;4:6291456;6:262144,15663105.0,"1:1:0:256,3:1:0:220,5:1:0:256,7:1:5:110,9:1:7:110,11:1:9:110","m,a,s,p",6.0,65536.0,0.0,,6291456.0,,262144.0,":method,:authority,:scheme,:path"
trial-025,5b84a2d7-402e-4caf-b6a6-d32ae64d1e67,2026-05-02 12:52:20.155808697+00:00,205.172.168.145,GET,/subscribe-v3.html,HTTP/2.0,0.541,TLS 1.3,h2,TLS_AES_128_GCM_SHA256,uxbehaviorsuite.com,True,2558b9b5bce422706900ca99c16db47b,t13d1516h2_8daaf6152771_d8a2da3f94cd,"h2,http/1.1",h2,2,True,True,0.0,h2_first,"2570,772,771","TLS 1.3,TLS 1.2",2,True,True,True,False,0.0,TLS1.3+TLS1.2,True,15,True,0.0,"2570,4865,4866,4867,49195,49199,49196,49200,52393,52392,49171,49172,156,157,47,53",TLS_AES_128_GCM_SHA256_TLS_AES_256_GCM_SHA384_TLS_CHACHA20_POLY1305_SHA256_ECDHE-ECDSA-AES128-GCM_ECDHE-RSA-AES128-GCM_ECDHE-ECDSA-AES256-GCM_ECDHE-RSA-AES256-GCM_ECDHE-ECDSA-CHACHA20_ECDHE-RSA-CHACHA20_ECDHE-RSA-AES128-CBC_ECDHE-RSA-AES256-CBC_RSA-AES128-GCM_RSA-AES256-GCM_RSA-AES128-CBC_RSA-AES256-CBC,4,True,0.0,"2570,4588,29,23,24",X25519MLKEM768_x25519_secp256r1_secp384r1,8,False,,"1027,2052,1025,1283,2053,1281,2054,1537",ecdsa_secp256r1_sha256_rsa_pss_rsae_sha256_rsa_pkcs1_sha256_ecdsa_secp384r1_sha384_rsa_pss_rsae_sha384_rsa_pkcs1_sha384_rsa_pss_rsae_sha512_rsa_pkcs1_sha512,True,t13d1516h2,8daaf6152771,d8a2da3f94cd,t,13,d,15,16,h2,"1:65536;2:0;4:6291456;6:262144|15663105|1:1:0:256,3:1:0:220,5:1:0:256,7:1:5:110,9:1:7:110,11:1:9:110,13:1:0:256|m,a,s,p",1:65536;2:0;4:6291456;6:262144,15663105.0,"1:1:0:256,3:1:0:220,5:1:0:256,7:1:5:110,9:1:7:110,11:1:9:110,13:1:0:256","m,a,s,p",7.0,65536.0,0.0,,6291456.0,,262144.0,":method,:authority,:scheme,:path"
trial-025,907a624f-d5bb-43a3-865c-dc821864f785,2026-05-02 12:52:20.156610332+00:00,205.172.168.145,POST,/collect,HTTP/2.0,0.36,TLS 1.3,h2,TLS_AES_128_GCM_SHA256,uxbehaviorsuite.com,True,2558b9b5bce422706900ca99c16db47b,t13d1516h2_8daaf6152771_d8a2da3f94cd,"h2,http/1.1",h2,2,True,True,0.0,h2_first,"2570,772,771","TLS 1.3,TLS 1.2",2,True,True,True,False,0.0,TLS1.3+TLS1.2,True,15,True,0.0,"2570,4865,4866,4867,49195,49199,49196,49200,52393,52392,49171,49172,156,157,47,53",TLS_AES_128_GCM_SHA256_TLS_AES_256_GCM_SHA384_TLS_CHACHA20_POLY1305_SHA256_ECDHE-ECDSA-AES128-GCM_ECDHE-RSA-AES128-GCM_ECDHE-ECDSA-AES256-GCM_ECDHE-RSA-AES256-GCM_ECDHE-ECDSA-CHACHA20_ECDHE-RSA-CHACHA20_ECDHE-RSA-AES128-CBC_ECDHE-RSA-AES256-CBC_RSA-AES128-GCM_RSA-AES256-GCM_RSA-AES128-CBC_RSA-AES256-CBC,4,True,0.0,"2570,4588,29,23,24",X25519MLKEM768_x25519_secp256r1_secp384r1,8,False,,"1027,2052,1025,1283,2053,1281,2054,1537",ecdsa_secp256r1_sha256_rsa_pss_rsae_sha256_rsa_pkcs1_sha256_ecdsa_secp384r1_sha384_rsa_pss_rsae_sha384_rsa_pkcs1_sha384_rsa_pss_rsae_sha512_rsa_pkcs1_sha512,True,t13d1516h2,8daaf6152771,d8a2da3f94cd,t,13,d,15,16,h2,"1:65536;2:0;4:6291456;6:262144|15663105|1:1:0:256,3:1:0:220,5:1:0:256,7:1:5:110,9:1:7:110,11:1:9:110,13:1:0:256,15:1:13:110|m,a,s,p",1:65536;2:0;4:6291456;6:262144,15663105.0,"1:1:0:256,3:1:0:220,5:1:0:256,7:1:5:110,9:1:7:110,11:1:9:110,13:1:0:256,15:1:13:110","m,a,s,p",8.0,65536.0,0.0,,6291456.0,,262144.0,":method,:authority,:scheme,:path"
trial-025,df2b37cd-2c9e-43da-897e-5319c04b5411,2026-05-02 12:52:20.184223025+00:00,205.172.168.145,POST,/collect,HTTP/2.0,0.243,TLS 1.3,h2,TLS_AES_128_GCM_SHA256,uxbehaviorsuite.com,True,2558b9b5bce422706900ca99c16db47b,t13d1516h2_8daaf6152771_d8a2da3f94cd,"h2,http/1.1",h2,2,True,True,0.0,h2_first,"2570,772,771","TLS 1.3,TLS 1.2",2,True,True,True,False,0.0,TLS1.3+TLS1.2,True,15,True,0.0,"2570,4865,4866,4867,49195,49199,49196,49200,52393,52392,49171,49172,156,157,47,53",TLS_AES_128_GCM_SHA256_TLS_AES_256_GCM_SHA384_TLS_CHACHA20_POLY1305_SHA256_ECDHE-ECDSA-AES128-GCM_ECDHE-RSA-AES128-GCM_ECDHE-ECDSA-AES256-GCM_ECDHE-RSA-AES256-GCM_ECDHE-ECDSA-CHACHA20_ECDHE-RSA-CHACHA20_ECDHE-RSA-AES128-CBC_ECDHE-RSA-AES256-CBC_RSA-AES128-GCM_RSA-AES256-GCM_RSA-AES128-CBC_RSA-AES256-CBC,4,True,0.0,"2570,4588,29,23,24",X25519MLKEM768_x25519_secp256r1_secp384r1,8,False,,"1027,2052,1025,1283,2053,1281,2054,1537",ecdsa_secp256r1_sha256_rsa_pss_rsae_sha256_rsa_pkcs1_sha256_ecdsa_secp384r1_sha384_rsa_pss_rsae_sha384_rsa_pkcs1_sha384_rsa_pss_rsae_sha512_rsa_pkcs1_sha512,True,t13d1516h2,8daaf6152771,d8a2da3f94cd,t,13,d,15,16,h2,"1:65536;2:0;4:6291456;6:262144|15663105|1:1:0:256,3:1:0:220,5:1:0:256,7:1:5:110,9:1:7:110,11:1:9:110,13:1:0:256,15:1:13:110,17:1:15:110,19:1:17:110|m,a,s,p",1:65536;2:0;4:6291456;6:262144,15663105.0,"1:1:0:256,3:1:0:220,5:1:0:256,7:1:5:110,9:1:7:110,11:1:9:110,13:1:0:256,15:1:13:110,17:1:15:110,19:1:17:110","m,a,s,p",10.0,65536.0,0.0,,6291456.0,,262144.0,":method,:authority,:scheme,:path"
trial-025,65edc100-f7e8-4624-8db1-8b51c1a95065,2026-05-02 12:52:20.184295452+00:00,205.172.168.145,POST,/collect,HTTP/2.0,0.303,TLS 1.3,h2,TLS_AES_128_GCM_SHA256,uxbehaviorsuite.com,True,2558b9b5bce422706900ca99c16db47b,t13d1516h2_8daaf6152771_d8a2da3f94cd,"h2,http/1.1",h2,2,True,True,0.0,h2_first,"2570,772,771","TLS 1.3,TLS 1.2",2,True,True,True,False,0.0,TLS1.3+TLS1.2,True,15,True,0.0,"2570,4865,4866,4867,49195,49199,49196,49200,52393,52392,49171,49172,156,157,47,53",TLS_AES_128_GCM_SHA256_TLS_AES_256_GCM_SHA384_TLS_CHACHA20_POLY1305_SHA256_ECDHE-ECDSA-AES128-GCM_ECDHE-RSA-AES128-GCM_ECDHE-ECDSA-AES256-GCM_ECDHE-RSA-AES256-GCM_ECDHE-ECDSA-CHACHA20_ECDHE-RSA-CHACHA20_ECDHE-RSA-AES128-CBC_ECDHE-RSA-AES256-CBC_RSA-AES128-GCM_RSA-AES256-GCM_RSA-AES128-CBC_RSA-AES256-CBC,4,True,0.0,"2570,4588,29,23,24",X25519MLKEM768_x25519_secp256r1_secp384r1,8,False,,"1027,2052,1025,1283,2053,1281,2054,1537",ecdsa_secp256r1_sha256_rsa_pss_rsae_sha256_rsa_pkcs1_sha256_ecdsa_secp384r1_sha384_rsa_pss_rsae_sha384_rsa_pkcs1_sha384_rsa_pss_rsae_sha512_rsa_pkcs1_sha512,True,t13d1516h2,8daaf6152771,d8a2da3f94cd,t,13,d,15,16,h2,"1:65536;2:0;4:6291456;6:262144|15663105|1:1:0:256,3:1:0:220,5:1:0:256,7:1:5:110,9:1:7:110,11:1:9:110,13:1:0:256,15:1:13:110,17:1:15:110,19:1:17:110|m,a,s,p",1:65536;2:0;4:6291456;6:262144,15663105.0,"1:1:0:256,3:1:0:220,5:1:0:256,7:1:5:110,9:1:7:110,11:1:9:110,13:1:0:256,15:1:13:110,17:1:15:110,19:1:17:110","m,a,s,p",10.0,65536.0,0.0,,6291456.0,,262144.0,":method,:authority,:scheme,:path"
trial-025,10b9587a-a981-4ffb-96aa-d268e8979735,2026-05-02 12:53:22.662897074+00:00,205.172.168.145,GET,/s2-scroll-gate.html,HTTP/2.0,0.469,TLS 1.3,h2,TLS_AES_128_GCM_SHA256,uxbehaviorsuite.com,True,2558b9b5bce422706900ca99c16db47b,t13d1516h2_8daaf6152771_d8a2da3f94cd,"h2,http/1.1",h2,2,True,True,0.0,h2_first,"2570,772,771","TLS 1.3,TLS 1.2",2,True,True,True,False,0.0,TLS1.3+TLS1.2,True,15,True,0.0,"2570,4865,4866,4867,49195,49199,49196,49200,52393,52392,49171,49172,156,157,47,53",TLS_AES_128_GCM_SHA256_TLS_AES_256_GCM_SHA384_TLS_CHACHA20_POLY1305_SHA256_ECDHE-ECDSA-AES128-GCM_ECDHE-RSA-AES128-GCM_ECDHE-ECDSA-AES256-GCM_ECDHE-RSA-AES256-GCM_ECDHE-ECDSA-CHACHA20_ECDHE-RSA-CHACHA20_ECDHE-RSA-AES128-CBC_ECDHE-RSA-AES256-CBC_RSA-AES128-GCM_RSA-AES256-GCM_RSA-AES128-CBC_RSA-AES256-CBC,4,True,0.0,"2570,4588,29,23,24",X25519MLKEM768_x25519_secp256r1_secp384r1,8,False,,"1027,2052,1025,1283,2053,1281,2054,1537",ecdsa_secp256r1_sha256_rsa_pss_rsae_sha256_rsa_pkcs1_sha256_ecdsa_secp384r1_sha384_rsa_pss_rsae_sha384_rsa_pkcs1_sha384_rsa_pss_rsae_sha512_rsa_pkcs1_sha512,True,t13d1516h2,8daaf6152771,d8a2da3f94cd,t,13,d,15,16,h2,"1:65536;2:0;4:6291456;6:262144|15663105|1:1:0:256,3:1:0:220,5:1:0:256,7:1:5:110,9:1:7:110,11:1:9:110,13:1:0:256,15:1:13:110,17:1:15:110,19:1:17:110,21:1:0:256,23:1:21:110|m,a,s,p",1:65536;2:0;4:6291456;6:262144,15663105.0,"1:1:0:256,3:1:0:220,5:1:0:256,7:1:5:110,9:1:7:110,11:1:9:110,13:1:0:256,15:1:13:110,17:1:15:110,19:1:17:110,21:1:0:256,23:1:21:110","m,a,s,p",12.0,65536.0,0.0,,6291456.0,,262144.0,":method,:authority,:scheme,:path"
trial-025,cf9382be-9756-4c26-9ffa-da2be2408c86,2026-05-02 12:53:22.663035441+00:00,205.172.168.145,POST,/collect,HTTP/2.0,0.344,TLS 1.3,h2,TLS_AES_128_GCM_SHA256,uxbehaviorsuite.com,True,2558b9b5bce422706900ca99c16db47b,t13d1516h2_8daaf6152771_d8a2da3f94cd,"h2,http/1.1",h2,2,True,True,0.0,h2_first,"2570,772,771","TLS 1.3,TLS 1.2",2,True,True,True,False,0.0,TLS1.3+TLS1.2,True,15,True,0.0,"2570,4865,4866,4867,49195,49199,49196,49200,52393,52392,49171,49172,156,157,47,53",TLS_AES_128_GCM_SHA256_TLS_AES_256_GCM_SHA384_TLS_CHACHA20_POLY1305_SHA256_ECDHE-ECDSA-AES128-GCM_ECDHE-RSA-AES128-GCM_ECDHE-ECDSA-AES256-GCM_ECDHE-RSA-AES256-GCM_ECDHE-ECDSA-CHACHA20_ECDHE-RSA-CHACHA20_ECDHE-RSA-AES128-CBC_ECDHE-RSA-AES256-CBC_RSA-AES128-GCM_RSA-AES256-GCM_RSA-AES128-CBC_RSA-AES256-CBC,4,True,0.0,"2570,4588,29,23,24",X25519MLKEM768_x25519_secp256r1_secp384r1,8,False,,"1027,2052,1025,1283,2053,1281,2054,1537",ecdsa_secp256r1_sha256_rsa_pss_rsae_sha256_rsa_pkcs1_sha256_ecdsa_secp384r1_sha384_rsa_pss_rsae_sha384_rsa_pkcs1_sha384_rsa_pss_rsae_sha512_rsa_pkcs1_sha512,True,t13d1516h2,8daaf6152771,d8a2da3f94cd,t,13,d,15,16,h2,"1:65536;2:0;4:6291456;6:262144|15663105|1:1:0:256,3:1:0:220,5:1:0:256,7:1:5:110,9:1:7:110,11:1:9:110,13:1:0:256,15:1:13:110,17:1:15:110,19:1:17:110,21:1:0:256,23:1:21:110|m,a,s,p",1:65536;2:0;4:6291456;6:262144,15663105.0,"1:1:0:256,3:1:0:220,5:1:0:256,7:1:5:110,9:1:7:110,11:1:9:110,13:1:0:256,15:1:13:110,17:1:15:110,19:1:17:110,21:1:0:256,23:1:21:110","m,a,s,p",12.0,65536.0,0.0,,6291456.0,,262144.0,":method,:authority,:scheme,:path"
trial-025,d44164e9-b272-453c-83f8-4de07fd21552,2026-05-02 12:53:22.684393132+00:00,205.172.168.145,POST,/collect,HTTP/2.0,0.23,TLS 1.3,h2,TLS_AES_128_GCM_SHA256,uxbehaviorsuite.com,True,2558b9b5bce422706900ca99c16db47b,t13d1516h2_8daaf6152771_d8a2da3f94cd,"h2,http/1.1",h2,2,True,True,0.0,h2_first,"2570,772,771","TLS 1.3,TLS 1.2",2,True,True,True,False,0.0,TLS1.3+TLS1.2,True,15,True,0.0,"2570,4865,4866,4867,49195,49199,49196,49200,52393,52392,49171,49172,156,157,47,53",TLS_AES_128_GCM_SHA256_TLS_AES_256_GCM_SHA384_TLS_CHACHA20_POLY1305_SHA256_ECDHE-ECDSA-AES128-GCM_ECDHE-RSA-AES128-GCM_ECDHE-ECDSA-AES256-GCM_ECDHE-RSA-AES256-GCM_ECDHE-ECDSA-CHACHA20_ECDHE-RSA-CHACHA20_ECDHE-RSA-AES128-CBC_ECDHE-RSA-AES256-CBC_RSA-AES128-GCM_RSA-AES256-GCM_RSA-AES128-CBC_RSA-AES256-CBC,4,True,0.0,"2570,4588,29,23,24",X25519MLKEM768_x25519_secp256r1_secp384r1,8,False,,"1027,2052,1025,1283,2053,1281,2054,1537",ecdsa_secp256r1_sha256_rsa_pss_rsae_sha256_rsa_pkcs1_sha256_ecdsa_secp384r1_sha384_rsa_pss_rsae_sha384_rsa_pkcs1_sha384_rsa_pss_rsae_sha512_rsa_pkcs1_sha512,True,t13d1516h2,8daaf6152771,d8a2da3f94cd,t,13,d,15,16,h2,"1:65536;2:0;4:6291456;6:262144|15663105|1:1:0:256,3:1:0:220,5:1:0:256,7:1:5:110,9:1:7:110,11:1:9:110,13:1:0:256,15:1:13:110,17:1:15:110,19:1:17:110,21:1:0:256,23:1:21:110,25:1:23:110|m,a,s,p",1:65536;2:0;4:6291456;6:262144,15663105.0,"1:1:0:256,3:1:0:220,5:1:0:256,7:1:5:110,9:1:7:110,11:1:9:110,13:1:0:256,15:1:13:110,17:1:15:110,19:1:17:110,21:1:0:256,23:1:21:110,25:1:23:110","m,a,s,p",13.0,65536.0,0.0,,6291456.0,,262144.0,":method,:authority,:scheme,:path"
trial-025,f38ede24-ef41-4c01-9029-85986f036fcd,2026-05-02 12:53:22.686849684+00:00,205.172.168.145,POST,/collect,HTTP/2.0,0.209,TLS 1.3,h2,TLS_AES_128_GCM_SHA256,uxbehaviorsuite.com,True,2558b9b5bce422706900ca99c16db47b,t13d1516h2_8daaf6152771_d8a2da3f94cd,"h2,http/1.1",h2,2,True,True,0.0,h2_first,"2570,772,771","TLS 1.3,TLS 1.2",2,True,True,True,False,0.0,TLS1.3+TLS1.2,True,15,True,0.0,"2570,4865,4866,4867,49195,49199,49196,49200,52393,52392,49171,49172,156,157,47,53",TLS_AES_128_GCM_SHA256_TLS_AES_256_GCM_SHA384_TLS_CHACHA20_POLY1305_SHA256_ECDHE-ECDSA-AES128-GCM_ECDHE-RSA-AES128-GCM_ECDHE-ECDSA-AES256-GCM_ECDHE-RSA-AES256-GCM_ECDHE-ECDSA-CHACHA20_ECDHE-RSA-CHACHA20_ECDHE-RSA-AES128-CBC_ECDHE-RSA-AES256-CBC_RSA-AES128-GCM_RSA-AES256-GCM_RSA-AES128-CBC_RSA-AES256-CBC,4,True,0.0,"2570,4588,29,23,24",X25519MLKEM768_x25519_secp256r1_secp384r1,8,False,,"1027,2052,1025,1283,2053,1281,2054,1537",ecdsa_secp256r1_sha256_rsa_pss_rsae_sha256_rsa_pkcs1_sha256_ecdsa_secp384r1_sha384_rsa_pss_rsae_sha384_rsa_pkcs1_sha384_rsa_pss_rsae_sha512_rsa_pkcs1_sha512,True,t13d1516h2,8daaf6152771,d8a2da3f94cd,t,13,d,15,16,h2,"1:65536;2:0;4:6291456;6:262144|15663105|1:1:0:256,3:1:0:220,5:1:0:256,7:1:5:110,9:1:7:110,11:1:9:110,13:1:0:256,15:1:13:110,17:1:15:110,19:1:17:110,21:1:0:256,23:1:21:110,25:1:23:110,27:1:25:110|m,a,s,p",1:65536;2:0;4:6291456;6:262144,15663105.0,"1:1:0:256,3:1:0:220,5:1:0:256,7:1:5:110,9:1:7:110,11:1:9:110,13:1:0:256,15:1:13:110,17:1:15:110,19:1:17:110,21:1:0:256,23:1:21:110,25:1:23:110,27:1:25:110","m,a,s,p",14.0,65536.0,0.0,,6291456.0,,262144.0,":method,:authority,:scheme,:path"
trial-025,cf70219c-22f6-4218-bc6b-d86e5ae771fd,2026-05-02 12:55:52.138270013+00:00,205.172.168.145,GET,/s3-hover-reveal.html,HTTP/2.0,0.519,TLS 1.3,h2,TLS_AES_128_GCM_SHA256,uxbehaviorsuite.com,True,2558b9b5bce422706900ca99c16db47b,t13d1516h2_8daaf6152771_d8a2da3f94cd,"h2,http/1.1",h2,2,True,True,0.0,h2_first,"2570,772,771","TLS 1.3,TLS 1.2",2,True,True,True,False,0.0,TLS1.3+TLS1.2,True,15,True,0.0,"2570,4865,4866,4867,49195,49199,49196,49200,52393,52392,49171,49172,156,157,47,53",TLS_AES_128_GCM_SHA256_TLS_AES_256_GCM_SHA384_TLS_CHACHA20_POLY1305_SHA256_ECDHE-ECDSA-AES128-GCM_ECDHE-RSA-AES128-GCM_ECDHE-ECDSA-AES256-GCM_ECDHE-RSA-AES256-GCM_ECDHE-ECDSA-CHACHA20_ECDHE-RSA-CHACHA20_ECDHE-RSA-AES128-CBC_ECDHE-RSA-AES256-CBC_RSA-AES128-GCM_RSA-AES256-GCM_RSA-AES128-CBC_RSA-AES256-CBC,4,True,0.0,"2570,4588,29,23,24",X25519MLKEM768_x25519_secp256r1_secp384r1,8,False,,"1027,2052,1025,1283,2053,1281,2054,1537",ecdsa_secp256r1_sha256_rsa_pss_rsae_sha256_rsa_pkcs1_sha256_ecdsa_secp384r1_sha384_rsa_pss_rsae_sha384_rsa_pkcs1_sha384_rsa_pss_rsae_sha512_rsa_pkcs1_sha512,True,t13d1516h2,8daaf6152771,d8a2da3f94cd,t,13,d,15,16,h2,"1:65536;2:0;4:6291456;6:262144|15663105|1:1:0:256,3:1:0:220,5:1:0:256,7:1:5:110,9:1:7:110,11:1:9:110,13:1:0:256,15:1:13:110,17:1:15:110,19:1:17:110,21:1:0:256,23:1:21:110,25:1:23:110,27:1:25:110,29:1:0:256|m,a,s,p",1:65536;2:0;4:6291456;6:262144,15663105.0,"1:1:0:256,3:1:0:220,5:1:0:256,7:1:5:110,9:1:7:110,11:1:9:110,13:1:0:256,15:1:13:110,17:1:15:110,19:1:17:110,21:1:0:256,23:1:21:110,25:1:23:110,27:1:25:110,29:1:0:256","m,a,s,p",15.0,65536.0,0.0,,6291456.0,,262144.0,":method,:authority,:scheme,:path"
trial-025,817e3904-6ec7-4d92-93d2-242fc9589c95,2026-05-02 12:55:52.138685325+00:00,205.172.168.145,POST,/collect,HTTP/2.0,0.319,TLS 1.3,h2,TLS_AES_128_GCM_SHA256,uxbehaviorsuite.com,True,2558b9b5bce422706900ca99c16db47b,t13d1516h2_8daaf6152771_d8a2da3f94cd,"h2,http/1.1",h2,2,True,True,0.0,h2_first,"2570,772,771","TLS 1.3,TLS 1.2",2,True,True,True,False,0.0,TLS1.3+TLS1.2,True,15,True,0.0,"2570,4865,4866,4867,49195,49199,49196,49200,52393,52392,49171,49172,156,157,47,53",TLS_AES_128_GCM_SHA256_TLS_AES_256_GCM_SHA384_TLS_CHACHA20_POLY1305_SHA256_ECDHE-ECDSA-AES128-GCM_ECDHE-RSA-AES128-GCM_ECDHE-ECDSA-AES256-GCM_ECDHE-RSA-AES256-GCM_ECDHE-ECDSA-CHACHA20_ECDHE-RSA-CHACHA20_ECDHE-RSA-AES128-CBC_ECDHE-RSA-AES256-CBC_RSA-AES128-GCM_RSA-AES256-GCM_RSA-AES128-CBC_RSA-AES256-CBC,4,True,0.0,"2570,4588,29,23,24",X25519MLKEM768_x25519_secp256r1_secp384r1,8,False,,"1027,2052,1025,1283,2053,1281,2054,1537",ecdsa_secp256r1_sha256_rsa_pss_rsae_sha256_rsa_pkcs1_sha256_ecdsa_secp384r1_sha384_rsa_pss_rsae_sha384_rsa_pkcs1_sha384_rsa_pss_rsae_sha512_rsa_pkcs1_sha512,True,t13d1516h2,8daaf6152771,d8a2da3f94cd,t,13,d,15,16,h2,"1:65536;2:0;4:6291456;6:262144|15663105|1:1:0:256,3:1:0:220,5:1:0:256,7:1:5:110,9:1:7:110,11:1:9:110,13:1:0:256,15:1:13:110,17:1:15:110,19:1:17:110,21:1:0:256,23:1:21:110,25:1:23:110,27:1:25:110,29:1:0:256,31:1:29:110|m,a,s,p",1:65536;2:0;4:6291456;6:262144,15663105.0,"1:1:0:256,3:1:0:220,5:1:0:256,7:1:5:110,9:1:7:110,11:1:9:110,13:1:0:256,15:1:13:110,17:1:15:110,19:1:17:110,21:1:0:256,23:1:21:110,25:1:23:110,27:1:25:110,29:1:0:256,31:1:29:110","m,a,s,p",16.0,65536.0,0.0,,6291456.0,,262144.0,":method,:authority,:scheme,:path"
trial-025,a072accf-ded8-410d-b7d1-d0fbf852c402,2026-05-02 12:55:52.159471897+00:00,205.172.168.145,POST,/collect,HTTP/2.0,0.271,TLS 1.3,h2,TLS_AES_128_GCM_SHA256,uxbehaviorsuite.com,True,2558b9b5bce422706900ca99c16db47b,t13d1516h2_8daaf6152771_d8a2da3f94cd,"h2,http/1.1",h2,2,True,True,0.0,h2_first,"2570,772,771","TLS 1.3,TLS 1.2",2,True,True,True,False,0.0,TLS1.3+TLS1.2,True,15,True,0.0,"2570,4865,4866,4867,49195,49199,49196,49200,52393,52392,49171,49172,156,157,47,53",TLS_AES_128_GCM_SHA256_TLS_AES_256_GCM_SHA384_TLS_CHACHA20_POLY1305_SHA256_ECDHE-ECDSA-AES128-GCM_ECDHE-RSA-AES128-GCM_ECDHE-ECDSA-AES256-GCM_ECDHE-RSA-AES256-GCM_ECDHE-ECDSA-CHACHA20_ECDHE-RSA-CHACHA20_ECDHE-RSA-AES128-CBC_ECDHE-RSA-AES256-CBC_RSA-AES128-GCM_RSA-AES256-GCM_RSA-AES128-CBC_RSA-AES256-CBC,4,True,0.0,"2570,4588,29,23,24",X25519MLKEM768_x25519_secp256r1_secp384r1,8,False,,"1027,2052,1025,1283,2053,1281,2054,1537",ecdsa_secp256r1_sha256_rsa_pss_rsae_sha256_rsa_pkcs1_sha256_ecdsa_secp384r1_sha384_rsa_pss_rsae_sha384_rsa_pkcs1_sha384_rsa_pss_rsae_sha512_rsa_pkcs1_sha512,True,t13d1516h2,8daaf6152771,d8a2da3f94cd,t,13,d,15,16,h2,"1:65536;2:0;4:6291456;6:262144|15663105|1:1:0:256,3:1:0:220,5:1:0:256,7:1:5:110,9:1:7:110,11:1:9:110,13:1:0:256,15:1:13:110,17:1:15:110,19:1:17:110,21:1:0:256,23:1:21:110,25:1:23:110,27:1:25:110,29:1:0:256,31:1:29:110,33:1:31:110|m,a,s,p",1:65536;2:0;4:6291456;6:262144,15663105.0,"1:1:0:256,3:1:0:220,5:1:0:256,7:1:5:110,9:1:7:110,11:1:9:110,13:1:0:256,15:1:13:110,17:1:15:110,19:1:17:110,21:1:0:256,23:1:21:110,25:1:23:110,27:1:25:110,29:1:0:256,31:1:29:110,33:1:31:110","m,a,s,p",17.0,65536.0,0.0,,6291456.0,,262144.0,":method,:authority,:scheme,:path"
trial-025,c6144046-2d7c-4578-a6a5-bce4d115ad3e,2026-05-02 12:55:52.164089711+00:00,205.172.168.145,POST,/collect,HTTP/2.0,0.188,TLS 1.3,h2,TLS_AES_128_GCM_SHA256,uxbehaviorsuite.com,True,2558b9b5bce422706900ca99c16db47b,t13d1516h2_8daaf6152771_d8a2da3f94cd,"h2,http/1.1",h2,2,True,True,0.0,h2_first,"2570,772,771","TLS 1.3,TLS 1.2",2,True,True,True,False,0.0,TLS1.3+TLS1.2,True,15,True,0.0,"2570,4865,4866,4867,49195,49199,49196,49200,52393,52392,49171,49172,156,157,47,53",TLS_AES_128_GCM_SHA256_TLS_AES_256_GCM_SHA384_TLS_CHACHA20_POLY1305_SHA256_ECDHE-ECDSA-AES128-GCM_ECDHE-RSA-AES128-GCM_ECDHE-ECDSA-AES256-GCM_ECDHE-RSA-AES256-GCM_ECDHE-ECDSA-CHACHA20_ECDHE-RSA-CHACHA20_ECDHE-RSA-AES128-CBC_ECDHE-RSA-AES256-CBC_RSA-AES128-GCM_RSA-AES256-GCM_RSA-AES128-CBC_RSA-AES256-CBC,4,True,0.0,"2570,4588,29,23,24",X25519MLKEM768_x25519_secp256r1_secp384r1,8,False,,"1027,2052,1025,1283,2053,1281,2054,1537",ecdsa_secp256r1_sha256_rsa_pss_rsae_sha256_rsa_pkcs1_sha256_ecdsa_secp384r1_sha384_rsa_pss_rsae_sha384_rsa_pkcs1_sha384_rsa_pss_rsae_sha512_rsa_pkcs1_sha512,True,t13d1516h2,8daaf6152771,d8a2da3f94cd,t,13,d,15,16,h2,"1:65536;2:0;4:6291456;6:262144|15663105|1:1:0:256,3:1:0:220,5:1:0:256,7:1:5:110,9:1:7:110,11:1:9:110,13:1:0:256,15:1:13:110,17:1:15:110,19:1:17:110,21:1:0:256,23:1:21:110,25:1:23:110,27:1:25:110,29:1:0:256,31:1:29:110,33:1:31:110,35:1:33:110|m,a,s,p",1:65536;2:0;4:6291456;6:262144,15663105.0,"1:1:0:256,3:1:0:220,5:1:0:256,7:1:5:110,9:1:7:110,11:1:9:110,13:1:0:256,15:1:13:110,17:1:15:110,19:1:17:110,21:1:0:256,23:1:21:110,25:1:23:110,27:1:25:110,29:1:0:256,31:1:29:110,33:1:31:110,35:1:33:110","m,a,s,p",18.0,65536.0,0.0,,6291456.0,,262144.0,":method,:authority,:scheme,:path"
trial-025,47a64c92-762d-41cc-a399-a219d7f53da2,2026-05-02 12:57:34.657613218+00:00,205.172.168.145,GET,/s4-dom-mismatch.html,HTTP/2.0,0.774,TLS 1.3,h2,TLS_AES_128_GCM_SHA256,uxbehaviorsuite.com,True,2558b9b5bce422706900ca99c16db47b,t13d1516h2_8daaf6152771_d8a2da3f94cd,"h2,http/1.1",h2,2,True,True,0.0,h2_first,"2570,772,771","TLS 1.3,TLS 1.2",2,True,True,True,False,0.0,TLS1.3+TLS1.2,True,15,True,0.0,"2570,4865,4866,4867,49195,49199,49196,49200,52393,52392,49171,49172,156,157,47,53",TLS_AES_128_GCM_SHA256_TLS_AES_256_GCM_SHA384_TLS_CHACHA20_POLY1305_SHA256_ECDHE-ECDSA-AES128-GCM_ECDHE-RSA-AES128-GCM_ECDHE-ECDSA-AES256-GCM_ECDHE-RSA-AES256-GCM_ECDHE-ECDSA-CHACHA20_ECDHE-RSA-CHACHA20_ECDHE-RSA-AES128-CBC_ECDHE-RSA-AES256-CBC_RSA-AES128-GCM_RSA-AES256-GCM_RSA-AES128-CBC_RSA-AES256-CBC,4,True,0.0,"2570,4588,29,23,24",X25519MLKEM768_x25519_secp256r1_secp384r1,8,False,,"1027,2052,1025,1283,2053,1281,2054,1537",ecdsa_secp256r1_sha256_rsa_pss_rsae_sha256_rsa_pkcs1_sha256_ecdsa_secp384r1_sha384_rsa_pss_rsae_sha384_rsa_pkcs1_sha384_rsa_pss_rsae_sha512_rsa_pkcs1_sha512,True,t13d1516h2,8daaf6152771,d8a2da3f94cd,t,13,d,15,16,h2,"1:65536;2:0;4:6291456;6:262144|15663105|1:1:0:256,3:1:0:220,5:1:0:256,7:1:5:110,9:1:7:110,11:1:9:110,13:1:0:256,15:1:13:110,17:1:15:110,19:1:17:110,21:1:0:256,23:1:21:110,25:1:23:110,27:1:25:110,29:1:0:256,31:1:29:110,33:1:31:110,35:1:33:110,37:1:0:256|m,a,s,p",1:65536;2:0;4:6291456;6:262144,15663105.0,"1:1:0:256,3:1:0:220,5:1:0:256,7:1:5:110,9:1:7:110,11:1:9:110,13:1:0:256,15:1:13:110,17:1:15:110,19:1:17:110,21:1:0:256,23:1:21:110,25:1:23:110,27:1:25:110,29:1:0:256,31:1:29:110,33:1:31:110,35:1:33:110,37:1:0:256","m,a,s,p",19.0,65536.0,0.0,,6291456.0,,262144.0,":method,:authority,:scheme,:path"
trial-025,55da823a-4fed-4472-b51d-1359f413a4e0,2026-05-02 12:57:34.658909738+00:00,205.172.168.145,POST,/collect,HTTP/2.0,0.422,TLS 1.3,h2,TLS_AES_128_GCM_SHA256,uxbehaviorsuite.com,True,2558b9b5bce422706900ca99c16db47b,t13d1516h2_8daaf6152771_d8a2da3f94cd,"h2,http/1.1",h2,2,True,True,0.0,h2_first,"2570,772,771","TLS 1.3,TLS 1.2",2,True,True,True,False,0.0,TLS1.3+TLS1.2,True,15,True,0.0,"2570,4865,4866,4867,49195,49199,49196,49200,52393,52392,49171,49172,156,157,47,53",TLS_AES_128_GCM_SHA256_TLS_AES_256_GCM_SHA384_TLS_CHACHA20_POLY1305_SHA256_ECDHE-ECDSA-AES128-GCM_ECDHE-RSA-AES128-GCM_ECDHE-ECDSA-AES256-GCM_ECDHE-RSA-AES256-GCM_ECDHE-ECDSA-CHACHA20_ECDHE-RSA-CHACHA20_ECDHE-RSA-AES128-CBC_ECDHE-RSA-AES256-CBC_RSA-AES128-GCM_RSA-AES256-GCM_RSA-AES128-CBC_RSA-AES256-CBC,4,True,0.0,"2570,4588,29,23,24",X25519MLKEM768_x25519_secp256r1_secp384r1,8,False,,"1027,2052,1025,1283,2053,1281,2054,1537",ecdsa_secp256r1_sha256_rsa_pss_rsae_sha256_rsa_pkcs1_sha256_ecdsa_secp384r1_sha384_rsa_pss_rsae_sha384_rsa_pkcs1_sha384_rsa_pss_rsae_sha512_rsa_pkcs1_sha512,True,t13d1516h2,8daaf6152771,d8a2da3f94cd,t,13,d,15,16,h2,"1:65536;2:0;4:6291456;6:262144|15663105|1:1:0:256,3:1:0:220,5:1:0:256,7:1:5:110,9:1:7:110,11:1:9:110,13:1:0:256,15:1:13:110,17:1:15:110,19:1:17:110,21:1:0:256,23:1:21:110,25:1:23:110,27:1:25:110,29:1:0:256,31:1:29:110,33:1:31:110,35:1:33:110,37:1:0:256,39:1:37:110|m,a,s,p",1:65536;2:0;4:6291456;6:262144,15663105.0,"1:1:0:256,3:1:0:220,5:1:0:256,7:1:5:110,9:1:7:110,11:1:9:110,13:1:0:256,15:1:13:110,17:1:15:110,19:1:17:110,21:1:0:256,23:1:21:110,25:1:23:110,27:1:25:110,29:1:0:256,31:1:29:110,33:1:31:110,35:1:33:110,37:1:0:256,39:1:37:110","m,a,s,p",20.0,65536.0,0.0,,6291456.0,,262144.0,":method,:authority,:scheme,:path"
trial-025,b2bcbe11-c868-4e12-824f-781173ddbf4f,2026-05-02 12:57:34.679523976+00:00,205.172.168.145,POST,/collect,HTTP/2.0,0.217,TLS 1.3,h2,TLS_AES_128_GCM_SHA256,uxbehaviorsuite.com,True,2558b9b5bce422706900ca99c16db47b,t13d1516h2_8daaf6152771_d8a2da3f94cd,"h2,http/1.1",h2,2,True,True,0.0,h2_first,"2570,772,771","TLS 1.3,TLS 1.2",2,True,True,True,False,0.0,TLS1.3+TLS1.2,True,15,True,0.0,"2570,4865,4866,4867,49195,49199,49196,49200,52393,52392,49171,49172,156,157,47,53",TLS_AES_128_GCM_SHA256_TLS_AES_256_GCM_SHA384_TLS_CHACHA20_POLY1305_SHA256_ECDHE-ECDSA-AES128-GCM_ECDHE-RSA-AES128-GCM_ECDHE-ECDSA-AES256-GCM_ECDHE-RSA-AES256-GCM_ECDHE-ECDSA-CHACHA20_ECDHE-RSA-CHACHA20_ECDHE-RSA-AES128-CBC_ECDHE-RSA-AES256-CBC_RSA-AES128-GCM_RSA-AES256-GCM_RSA-AES128-CBC_RSA-AES256-CBC,4,True,0.0,"2570,4588,29,23,24",X25519MLKEM768_x25519_secp256r1_secp384r1,8,False,,"1027,2052,1025,1283,2053,1281,2054,1537",ecdsa_secp256r1_sha256_rsa_pss_rsae_sha256_rsa_pkcs1_sha256_ecdsa_secp384r1_sha384_rsa_pss_rsae_sha384_rsa_pkcs1_sha384_rsa_pss_rsae_sha512_rsa_pkcs1_sha512,True,t13d1516h2,8daaf6152771,d8a2da3f94cd,t,13,d,15,16,h2,"1:65536;2:0;4:6291456;6:262144|15663105|1:1:0:256,3:1:0:220,5:1:0:256,7:1:5:110,9:1:7:110,11:1:9:110,13:1:0:256,15:1:13:110,17:1:15:110,19:1:17:110,21:1:0:256,23:1:21:110,25:1:23:110,27:1:25:110,29:1:0:256,31:1:29:110,33:1:31:110,35:1:33:110,37:1:0:256,39:1:37:110,41:1:39:110|m,a,s,p",1:65536;2:0;4:6291456;6:262144,15663105.0,"1:1:0:256,3:1:0:220,5:1:0:256,7:1:5:110,9:1:7:110,11:1:9:110,13:1:0:256,15:1:13:110,17:1:15:110,19:1:17:110,21:1:0:256,23:1:21:110,25:1:23:110,27:1:25:110,29:1:0:256,31:1:29:110,33:1:31:110,35:1:33:110,37:1:0:256,39:1:37:110,41:1:39:110","m,a,s,p",21.0,65536.0,0.0,,6291456.0,,262144.0,":method,:authority,:scheme,:path"
trial-025,acab84f9-a263-4452-a4d0-8d892d4ccf3c,2026-05-02 12:57:34.684276119+00:00,205.172.168.145,POST,/collect,HTTP/2.0,0.18,TLS 1.3,h2,TLS_AES_128_GCM_SHA256,uxbehaviorsuite.com,True,2558b9b5bce422706900ca99c16db47b,t13d1516h2_8daaf6152771_d8a2da3f94cd,"h2,http/1.1",h2,2,True,True,0.0,h2_first,"2570,772,771","TLS 1.3,TLS 1.2",2,True,True,True,False,0.0,TLS1.3+TLS1.2,True,15,True,0.0,"2570,4865,4866,4867,49195,49199,49196,49200,52393,52392,49171,49172,156,157,47,53",TLS_AES_128_GCM_SHA256_TLS_AES_256_GCM_SHA384_TLS_CHACHA20_POLY1305_SHA256_ECDHE-ECDSA-AES128-GCM_ECDHE-RSA-AES128-GCM_ECDHE-ECDSA-AES256-GCM_ECDHE-RSA-AES256-GCM_ECDHE-ECDSA-CHACHA20_ECDHE-RSA-CHACHA20_ECDHE-RSA-AES128-CBC_ECDHE-RSA-AES256-CBC_RSA-AES128-GCM_RSA-AES256-GCM_RSA-AES128-CBC_RSA-AES256-CBC,4,True,0.0,"2570,4588,29,23,24",X25519MLKEM768_x25519_secp256r1_secp384r1,8,False,,"1027,2052,1025,1283,2053,1281,2054,1537",ecdsa_secp256r1_sha256_rsa_pss_rsae_sha256_rsa_pkcs1_sha256_ecdsa_secp384r1_sha384_rsa_pss_rsae_sha384_rsa_pkcs1_sha384_rsa_pss_rsae_sha512_rsa_pkcs1_sha512,True,t13d1516h2,8daaf6152771,d8a2da3f94cd,t,13,d,15,16,h2,"1:65536;2:0;4:6291456;6:262144|15663105|1:1:0:256,3:1:0:220,5:1:0:256,7:1:5:110,9:1:7:110,11:1:9:110,13:1:0:256,15:1:13:110,17:1:15:110,19:1:17:110,21:1:0:256,23:1:21:110,25:1:23:110,27:1:25:110,29:1:0:256,31:1:29:110,33:1:31:110,35:1:33:110,37:1:0:256,39:1:37:110,41:1:39:110,43:1:41:110|m,a,s,p",1:65536;2:0;4:6291456;6:262144,15663105.0,"1:1:0:256,3:1:0:220,5:1:0:256,7:1:5:110,9:1:7:110,11:1:9:110,13:1:0:256,15:1:13:110,17:1:15:110,19:1:17:110,21:1:0:256,23:1:21:110,25:1:23:110,27:1:25:110,29:1:0:256,31:1:29:110,33:1:31:110,35:1:33:110,37:1:0:256,39:1:37:110,41:1:39:110,43:1:41:110","m,a,s,p",22.0,65536.0,0.0,,6291456.0,,262144.0,":method,:authority,:scheme,:path"
trial-025,a785befb-2169-45f6-ab7d-735c4205411c,2026-05-02 12:59:15.177287645+00:00,205.172.168.145,GET,/s5-delayed-feedback.html,HTTP/2.0,0.468,TLS 1.3,h2,TLS_AES_128_GCM_SHA256,uxbehaviorsuite.com,True,2558b9b5bce422706900ca99c16db47b,t13d1516h2_8daaf6152771_d8a2da3f94cd,"h2,http/1.1",h2,2,True,True,0.0,h2_first,"2570,772,771","TLS 1.3,TLS 1.2",2,True,True,True,False,0.0,TLS1.3+TLS1.2,True,15,True,0.0,"2570,4865,4866,4867,49195,49199,49196,49200,52393,52392,49171,49172,156,157,47,53",TLS_AES_128_GCM_SHA256_TLS_AES_256_GCM_SHA384_TLS_CHACHA20_POLY1305_SHA256_ECDHE-ECDSA-AES128-GCM_ECDHE-RSA-AES128-GCM_ECDHE-ECDSA-AES256-GCM_ECDHE-RSA-AES256-GCM_ECDHE-ECDSA-CHACHA20_ECDHE-RSA-CHACHA20_ECDHE-RSA-AES128-CBC_ECDHE-RSA-AES256-CBC_RSA-AES128-GCM_RSA-AES256-GCM_RSA-AES128-CBC_RSA-AES256-CBC,4,True,0.0,"2570,4588,29,23,24",X25519MLKEM768_x25519_secp256r1_secp384r1,8,False,,"1027,2052,1025,1283,2053,1281,2054,1537",ecdsa_secp256r1_sha256_rsa_pss_rsae_sha256_rsa_pkcs1_sha256_ecdsa_secp384r1_sha384_rsa_pss_rsae_sha384_rsa_pkcs1_sha384_rsa_pss_rsae_sha512_rsa_pkcs1_sha512,True,t13d1516h2,8daaf6152771,d8a2da3f94cd,t,13,d,15,16,h2,"1:65536;2:0;4:6291456;6:262144|15663105|1:1:0:256,3:1:0:220,5:1:0:256,7:1:5:110,9:1:7:110,11:1:9:110,13:1:0:256,15:1:13:110,17:1:15:110,19:1:17:110,21:1:0:256,23:1:21:110,25:1:23:110,27:1:25:110,29:1:0:256,31:1:29:110,33:1:31:110,35:1:33:110,37:1:0:256,39:1:37:110,41:1:39:110,43:1:41:110,45:1:0:256,47:1:45:110|m,a,s,p",1:65536;2:0;4:6291456;6:262144,15663105.0,"1:1:0:256,3:1:0:220,5:1:0:256,7:1:5:110,9:1:7:110,11:1:9:110,13:1:0:256,15:1:13:110,17:1:15:110,19:1:17:110,21:1:0:256,23:1:21:110,25:1:23:110,27:1:25:110,29:1:0:256,31:1:29:110,33:1:31:110,35:1:33:110,37:1:0:256,39:1:37:110,41:1:39:110,43:1:41:110,45:1:0:256,47:1:45:110","m,a,s,p",24.0,65536.0,0.0,,6291456.0,,262144.0,":method,:authority,:scheme,:path"
trial-025,1c52a745-8225-4cc6-85de-a5bbc042d059,2026-05-02 12:59:15.177364193+00:00,205.172.168.145,POST,/collect,HTTP/2.0,0.413,TLS 1.3,h2,TLS_AES_128_GCM_SHA256,uxbehaviorsuite.com,True,2558b9b5bce422706900ca99c16db47b,t13d1516h2_8daaf6152771_d8a2da3f94cd,"h2,http/1.1",h2,2,True,True,0.0,h2_first,"2570,772,771","TLS 1.3,TLS 1.2",2,True,True,True,False,0.0,TLS1.3+TLS1.2,True,15,True,0.0,"2570,4865,4866,4867,49195,49199,49196,49200,52393,52392,49171,49172,156,157,47,53",TLS_AES_128_GCM_SHA256_TLS_AES_256_GCM_SHA384_TLS_CHACHA20_POLY1305_SHA256_ECDHE-ECDSA-AES128-GCM_ECDHE-RSA-AES128-GCM_ECDHE-ECDSA-AES256-GCM_ECDHE-RSA-AES256-GCM_ECDHE-ECDSA-CHACHA20_ECDHE-RSA-CHACHA20_ECDHE-RSA-AES128-CBC_ECDHE-RSA-AES256-CBC_RSA-AES128-GCM_RSA-AES256-GCM_RSA-AES128-CBC_RSA-AES256-CBC,4,True,0.0,"2570,4588,29,23,24",X25519MLKEM768_x25519_secp256r1_secp384r1,8,False,,"1027,2052,1025,1283,2053,1281,2054,1537",ecdsa_secp256r1_sha256_rsa_pss_rsae_sha256_rsa_pkcs1_sha256_ecdsa_secp384r1_sha384_rsa_pss_rsae_sha384_rsa_pkcs1_sha384_rsa_pss_rsae_sha512_rsa_pkcs1_sha512,True,t13d1516h2,8daaf6152771,d8a2da3f94cd,t,13,d,15,16,h2,"1:65536;2:0;4:6291456;6:262144|15663105|1:1:0:256,3:1:0:220,5:1:0:256,7:1:5:110,9:1:7:110,11:1:9:110,13:1:0:256,15:1:13:110,17:1:15:110,19:1:17:110,21:1:0:256,23:1:21:110,25:1:23:110,27:1:25:110,29:1:0:256,31:1:29:110,33:1:31:110,35:1:33:110,37:1:0:256,39:1:37:110,41:1:39:110,43:1:41:110,45:1:0:256,47:1:45:110|m,a,s,p",1:65536;2:0;4:6291456;6:262144,15663105.0,"1:1:0:256,3:1:0:220,5:1:0:256,7:1:5:110,9:1:7:110,11:1:9:110,13:1:0:256,15:1:13:110,17:1:15:110,19:1:17:110,21:1:0:256,23:1:21:110,25:1:23:110,27:1:25:110,29:1:0:256,31:1:29:110,33:1:31:110,35:1:33:110,37:1:0:256,39:1:37:110,41:1:39:110,43:1:41:110,45:1:0:256,47:1:45:110","m,a,s,p",24.0,65536.0,0.0,,6291456.0,,262144.0,":method,:authority,:scheme,:path"
trial-025,92b2fb14-74fe-4040-94d6-9d5c9656ce73,2026-05-02 12:59:15.199917295+00:00,205.172.168.145,POST,/collect,HTTP/2.0,0.426,TLS 1.3,h2,TLS_AES_128_GCM_SHA256,uxbehaviorsuite.com,True,2558b9b5bce422706900ca99c16db47b,t13d1516h2_8daaf6152771_d8a2da3f94cd,"h2,http/1.1",h2,2,True,True,0.0,h2_first,"2570,772,771","TLS 1.3,TLS 1.2",2,True,True,True,False,0.0,TLS1.3+TLS1.2,True,15,True,0.0,"2570,4865,4866,4867,49195,49199,49196,49200,52393,52392,49171,49172,156,157,47,53",TLS_AES_128_GCM_SHA256_TLS_AES_256_GCM_SHA384_TLS_CHACHA20_POLY1305_SHA256_ECDHE-ECDSA-AES128-GCM_ECDHE-RSA-AES128-GCM_ECDHE-ECDSA-AES256-GCM_ECDHE-RSA-AES256-GCM_ECDHE-ECDSA-CHACHA20_ECDHE-RSA-CHACHA20_ECDHE-RSA-AES128-CBC_ECDHE-RSA-AES256-CBC_RSA-AES128-GCM_RSA-AES256-GCM_RSA-AES128-CBC_RSA-AES256-CBC,4,True,0.0,"2570,4588,29,23,24",X25519MLKEM768_x25519_secp256r1_secp384r1,8,False,,"1027,2052,1025,1283,2053,1281,2054,1537",ecdsa_secp256r1_sha256_rsa_pss_rsae_sha256_rsa_pkcs1_sha256_ecdsa_secp384r1_sha384_rsa_pss_rsae_sha384_rsa_pkcs1_sha384_rsa_pss_rsae_sha512_rsa_pkcs1_sha512,True,t13d1516h2,8daaf6152771,d8a2da3f94cd,t,13,d,15,16,h2,"1:65536;2:0;4:6291456;6:262144|15663105|1:1:0:256,3:1:0:220,5:1:0:256,7:1:5:110,9:1:7:110,11:1:9:110,13:1:0:256,15:1:13:110,17:1:15:110,19:1:17:110,21:1:0:256,23:1:21:110,25:1:23:110,27:1:25:110,29:1:0:256,31:1:29:110,33:1:31:110,35:1:33:110,37:1:0:256,39:1:37:110,41:1:39:110,43:1:41:110,45:1:0:256,47:1:45:110,49:1:47:110|m,a,s,p",1:65536;2:0;4:6291456;6:262144,15663105.0,"1:1:0:256,3:1:0:220,5:1:0:256,7:1:5:110,9:1:7:110,11:1:9:110,13:1:0:256,15:1:13:110,17:1:15:110,19:1:17:110,21:1:0:256,23:1:21:110,25:1:23:110,27:1:25:110,29:1:0:256,31:1:29:110,33:1:31:110,35:1:33:110,37:1:0:256,39:1:37:110,41:1:39:110,43:1:41:110,45:1:0:256,47:1:45:110,49:1:47:110","m,a,s,p",25.0,65536.0,0.0,,6291456.0,,262144.0,":method,:authority,:scheme,:path"
trial-025,6d0885e1-54ee-4ffc-8faf-9d8584f6b226,2026-05-02 12:59:15.200172690+00:00,205.172.168.145,POST,/collect,HTTP/2.0,0.206,TLS 1.3,h2,TLS_AES_128_GCM_SHA256,uxbehaviorsuite.com,True,2558b9b5bce422706900ca99c16db47b,t13d1516h2_8daaf6152771_d8a2da3f94cd,"h2,http/1.1",h2,2,True,True,0.0,h2_first,"2570,772,771","TLS 1.3,TLS 1.2",2,True,True,True,False,0.0,TLS1.3+TLS1.2,True,15,True,0.0,"2570,4865,4866,4867,49195,49199,49196,49200,52393,52392,49171,49172,156,157,47,53",TLS_AES_128_GCM_SHA256_TLS_AES_256_GCM_SHA384_TLS_CHACHA20_POLY1305_SHA256_ECDHE-ECDSA-AES128-GCM_ECDHE-RSA-AES128-GCM_ECDHE-ECDSA-AES256-GCM_ECDHE-RSA-AES256-GCM_ECDHE-ECDSA-CHACHA20_ECDHE-RSA-CHACHA20_ECDHE-RSA-AES128-CBC_ECDHE-RSA-AES256-CBC_RSA-AES128-GCM_RSA-AES256-GCM_RSA-AES128-CBC_RSA-AES256-CBC,4,True,0.0,"2570,4588,29,23,24",X25519MLKEM768_x25519_secp256r1_secp384r1,8,False,,"1027,2052,1025,1283,2053,1281,2054,1537",ecdsa_secp256r1_sha256_rsa_pss_rsae_sha256_rsa_pkcs1_sha256_ecdsa_secp384r1_sha384_rsa_pss_rsae_sha384_rsa_pkcs1_sha384_rsa_pss_rsae_sha512_rsa_pkcs1_sha512,True,t13d1516h2,8daaf6152771,d8a2da3f94cd,t,13,d,15,16,h2,"1:65536;2:0;4:6291456;6:262144|15663105|1:1:0:256,3:1:0:220,5:1:0:256,7:1:5:110,9:1:7:110,11:1:9:110,13:1:0:256,15:1:13:110,17:1:15:110,19:1:17:110,21:1:0:256,23:1:21:110,25:1:23:110,27:1:25:110,29:1:0:256,31:1:29:110,33:1:31:110,35:1:33:110,37:1:0:256,39:1:37:110,41:1:39:110,43:1:41:110,45:1:0:256,47:1:45:110,49:1:47:110,51:1:49:110|m,a,s,p",1:65536;2:0;4:6291456;6:262144,15663105.0,"1:1:0:256,3:1:0:220,5:1:0:256,7:1:5:110,9:1:7:110,11:1:9:110,13:1:0:256,15:1:13:110,17:1:15:110,19:1:17:110,21:1:0:256,23:1:21:110,25:1:23:110,27:1:25:110,29:1:0:256,31:1:29:110,33:1:31:110,35:1:33:110,37:1:0:256,39:1:37:110,41:1:39:110,43:1:41:110,45:1:0:256,47:1:45:110,49:1:47:110,51:1:49:110","m,a,s,p",26.0,65536.0,0.0,,6291456.0,,262144.0,":method,:authority,:scheme,:path"
trial-026,bf51506b-326c-418f-85ef-bc248385bec5,2026-05-02 13:15:13.550467232+00:00,205.172.168.145,GET,/subscribe-v1.html,HTTP/2.0,0.327,TLS 1.3,h2,TLS_AES_128_GCM_SHA256,uxbehaviorsuite.com,True,4e0c3f6111bd42d29797d85b661c2b5c,t13d1516h2_8daaf6152771_d8a2da3f94cd,"h2,http/1.1",h2,2,True,True,0.0,h2_first,"2570,772,771","TLS 1.3,TLS 1.2",2,True,True,True,False,0.0,TLS1.3+TLS1.2,True,15,True,0.0,"2570,4865,4866,4867,49195,49199,49196,49200,52393,52392,49171,49172,156,157,47,53",TLS_AES_128_GCM_SHA256_TLS_AES_256_GCM_SHA384_TLS_CHACHA20_POLY1305_SHA256_ECDHE-ECDSA-AES128-GCM_ECDHE-RSA-AES128-GCM_ECDHE-ECDSA-AES256-GCM_ECDHE-RSA-AES256-GCM_ECDHE-ECDSA-CHACHA20_ECDHE-RSA-CHACHA20_ECDHE-RSA-AES128-CBC_ECDHE-RSA-AES256-CBC_RSA-AES128-GCM_RSA-AES256-GCM_RSA-AES128-CBC_RSA-AES256-CBC,4,True,0.0,"2570,4588,29,23,24",X25519MLKEM768_x25519_secp256r1_secp384r1,8,False,,"1027,2052,1025,1283,2053,1281,2054,1537",ecdsa_secp256r1_sha256_rsa_pss_rsae_sha256_rsa_pkcs1_sha256_ecdsa_secp384r1_sha384_rsa_pss_rsae_sha384_rsa_pkcs1_sha384_rsa_pss_rsae_sha512_rsa_pkcs1_sha512,True,t13d1516h2,8daaf6152771,d8a2da3f94cd,t,13,d,15,16,h2,"1:65536;2:0;4:6291456;6:262144|15663105|1:1:0:256|m,a,s,p",1:65536;2:0;4:6291456;6:262144,15663105.0,1:1:0:256,"m,a,s,p",1.0,65536.0,0.0,,6291456.0,,262144.0,":method,:authority,:scheme,:path"
trial-026,bc98d8a9-431d-4884-89db-e98ef57cf4b0,2026-05-02 13:15:13.579676631+00:00,205.172.168.145,GET,/logger.js,HTTP/2.0,0.331,TLS 1.3,h2,TLS_AES_128_GCM_SHA256,uxbehaviorsuite.com,True,4e0c3f6111bd42d29797d85b661c2b5c,t13d1516h2_8daaf6152771_d8a2da3f94cd,"h2,http/1.1",h2,2,True,True,0.0,h2_first,"2570,772,771","TLS 1.3,TLS 1.2",2,True,True,True,False,0.0,TLS1.3+TLS1.2,True,15,True,0.0,"2570,4865,4866,4867,49195,49199,49196,49200,52393,52392,49171,49172,156,157,47,53",TLS_AES_128_GCM_SHA256_TLS_AES_256_GCM_SHA384_TLS_CHACHA20_POLY1305_SHA256_ECDHE-ECDSA-AES128-GCM_ECDHE-RSA-AES128-GCM_ECDHE-ECDSA-AES256-GCM_ECDHE-RSA-AES256-GCM_ECDHE-ECDSA-CHACHA20_ECDHE-RSA-CHACHA20_ECDHE-RSA-AES128-CBC_ECDHE-RSA-AES256-CBC_RSA-AES128-GCM_RSA-AES256-GCM_RSA-AES128-CBC_RSA-AES256-CBC,4,True,0.0,"2570,4588,29,23,24",X25519MLKEM768_x25519_secp256r1_secp384r1,8,False,,"1027,2052,1025,1283,2053,1281,2054,1537",ecdsa_secp256r1_sha256_rsa_pss_rsae_sha256_rsa_pkcs1_sha256_ecdsa_secp384r1_sha384_rsa_pss_rsae_sha384_rsa_pkcs1_sha384_rsa_pss_rsae_sha512_rsa_pkcs1_sha512,True,t13d1516h2,8daaf6152771,d8a2da3f94cd,t,13,d,15,16,h2,"1:65536;2:0;4:6291456;6:262144|15663105|1:1:0:256,3:1:0:220|m,a,s,p",1:65536;2:0;4:6291456;6:262144,15663105.0,"1:1:0:256,3:1:0:220","m,a,s,p",2.0,65536.0,0.0,,6291456.0,,262144.0,":method,:authority,:scheme,:path"
trial-026,cf6d7688-771e-4463-9609-af1f3bcc834e,2026-05-02 13:16:05.953482340+00:00,205.172.168.145,GET,/subscribe-v2.html,HTTP/2.0,0.473,TLS 1.3,h2,TLS_AES_128_GCM_SHA256,uxbehaviorsuite.com,True,4e0c3f6111bd42d29797d85b661c2b5c,t13d1516h2_8daaf6152771_d8a2da3f94cd,"h2,http/1.1",h2,2,True,True,0.0,h2_first,"2570,772,771","TLS 1.3,TLS 1.2",2,True,True,True,False,0.0,TLS1.3+TLS1.2,True,15,True,0.0,"2570,4865,4866,4867,49195,49199,49196,49200,52393,52392,49171,49172,156,157,47,53",TLS_AES_128_GCM_SHA256_TLS_AES_256_GCM_SHA384_TLS_CHACHA20_POLY1305_SHA256_ECDHE-ECDSA-AES128-GCM_ECDHE-RSA-AES128-GCM_ECDHE-ECDSA-AES256-GCM_ECDHE-RSA-AES256-GCM_ECDHE-ECDSA-CHACHA20_ECDHE-RSA-CHACHA20_ECDHE-RSA-AES128-CBC_ECDHE-RSA-AES256-CBC_RSA-AES128-GCM_RSA-AES256-GCM_RSA-AES128-CBC_RSA-AES256-CBC,4,True,0.0,"2570,4588,29,23,24",X25519MLKEM768_x25519_secp256r1_secp384r1,8,False,,"1027,2052,1025,1283,2053,1281,2054,1537",ecdsa_secp256r1_sha256_rsa_pss_rsae_sha256_rsa_pkcs1_sha256_ecdsa_secp384r1_sha384_rsa_pss_rsae_sha384_rsa_pkcs1_sha384_rsa_pss_rsae_sha512_rsa_pkcs1_sha512,True,t13d1516h2,8daaf6152771,d8a2da3f94cd,t,13,d,15,16,h2,"1:65536;2:0;4:6291456;6:262144|15663105|1:1:0:256,3:1:0:220,5:1:0:256|m,a,s,p",1:65536;2:0;4:6291456;6:262144,15663105.0,"1:1:0:256,3:1:0:220,5:1:0:256","m,a,s,p",3.0,65536.0,0.0,,6291456.0,,262144.0,":method,:authority,:scheme,:path"
trial-026,abbec248-ab9a-4563-9e7a-37f724f66a75,2026-05-02 13:16:05.954035396+00:00,205.172.168.145,POST,/collect,HTTP/2.0,0.389,TLS 1.3,h2,TLS_AES_128_GCM_SHA256,uxbehaviorsuite.com,True,4e0c3f6111bd42d29797d85b661c2b5c,t13d1516h2_8daaf6152771_d8a2da3f94cd,"h2,http/1.1",h2,2,True,True,0.0,h2_first,"2570,772,771","TLS 1.3,TLS 1.2",2,True,True,True,False,0.0,TLS1.3+TLS1.2,True,15,True,0.0,"2570,4865,4866,4867,49195,49199,49196,49200,52393,52392,49171,49172,156,157,47,53",TLS_AES_128_GCM_SHA256_TLS_AES_256_GCM_SHA384_TLS_CHACHA20_POLY1305_SHA256_ECDHE-ECDSA-AES128-GCM_ECDHE-RSA-AES128-GCM_ECDHE-ECDSA-AES256-GCM_ECDHE-RSA-AES256-GCM_ECDHE-ECDSA-CHACHA20_ECDHE-RSA-CHACHA20_ECDHE-RSA-AES128-CBC_ECDHE-RSA-AES256-CBC_RSA-AES128-GCM_RSA-AES256-GCM_RSA-AES128-CBC_RSA-AES256-CBC,4,True,0.0,"2570,4588,29,23,24",X25519MLKEM768_x25519_secp256r1_secp384r1,8,False,,"1027,2052,1025,1283,2053,1281,2054,1537",ecdsa_secp256r1_sha256_rsa_pss_rsae_sha256_rsa_pkcs1_sha256_ecdsa_secp384r1_sha384_rsa_pss_rsae_sha384_rsa_pkcs1_sha384_rsa_pss_rsae_sha512_rsa_pkcs1_sha512,True,t13d1516h2,8daaf6152771,d8a2da3f94cd,t,13,d,15,16,h2,"1:65536;2:0;4:6291456;6:262144|15663105|1:1:0:256,3:1:0:220,5:1:0:256,7:1:5:110|m,a,s,p",1:65536;2:0;4:6291456;6:262144,15663105.0,"1:1:0:256,3:1:0:220,5:1:0:256,7:1:5:110","m,a,s,p",4.0,65536.0,0.0,,6291456.0,,262144.0,":method,:authority,:scheme,:path"
trial-026,e3dafdb6-4ac2-4e2f-a9e6-76a56e5a68ed,2026-05-02 13:16:05.976471735+00:00,205.172.168.145,POST,/collect,HTTP/2.0,0.202,TLS 1.3,h2,TLS_AES_128_GCM_SHA256,uxbehaviorsuite.com,True,4e0c3f6111bd42d29797d85b661c2b5c,t13d1516h2_8daaf6152771_d8a2da3f94cd,"h2,http/1.1",h2,2,True,True,0.0,h2_first,"2570,772,771","TLS 1.3,TLS 1.2",2,True,True,True,False,0.0,TLS1.3+TLS1.2,True,15,True,0.0,"2570,4865,4866,4867,49195,49199,49196,49200,52393,52392,49171,49172,156,157,47,53",TLS_AES_128_GCM_SHA256_TLS_AES_256_GCM_SHA384_TLS_CHACHA20_POLY1305_SHA256_ECDHE-ECDSA-AES128-GCM_ECDHE-RSA-AES128-GCM_ECDHE-ECDSA-AES256-GCM_ECDHE-RSA-AES256-GCM_ECDHE-ECDSA-CHACHA20_ECDHE-RSA-CHACHA20_ECDHE-RSA-AES128-CBC_ECDHE-RSA-AES256-CBC_RSA-AES128-GCM_RSA-AES256-GCM_RSA-AES128-CBC_RSA-AES256-CBC,4,True,0.0,"2570,4588,29,23,24",X25519MLKEM768_x25519_secp256r1_secp384r1,8,False,,"1027,2052,1025,1283,2053,1281,2054,1537",ecdsa_secp256r1_sha256_rsa_pss_rsae_sha256_rsa_pkcs1_sha256_ecdsa_secp384r1_sha384_rsa_pss_rsae_sha384_rsa_pkcs1_sha384_rsa_pss_rsae_sha512_rsa_pkcs1_sha512,True,t13d1516h2,8daaf6152771,d8a2da3f94cd,t,13,d,15,16,h2,"1:65536;2:0;4:6291456;6:262144|15663105|1:1:0:256,3:1:0:220,5:1:0:256,7:1:5:110,9:1:7:110|m,a,s,p",1:65536;2:0;4:6291456;6:262144,15663105.0,"1:1:0:256,3:1:0:220,5:1:0:256,7:1:5:110,9:1:7:110","m,a,s,p",5.0,65536.0,0.0,,6291456.0,,262144.0,":method,:authority,:scheme,:path"
trial-026,91e36c3a-be76-4e46-90f0-d90bd1955526,2026-05-02 13:16:05.976685775+00:00,205.172.168.145,POST,/collect,HTTP/2.0,0.199,TLS 1.3,h2,TLS_AES_128_GCM_SHA256,uxbehaviorsuite.com,True,4e0c3f6111bd42d29797d85b661c2b5c,t13d1516h2_8daaf6152771_d8a2da3f94cd,"h2,http/1.1",h2,2,True,True,0.0,h2_first,"2570,772,771","TLS 1.3,TLS 1.2",2,True,True,True,False,0.0,TLS1.3+TLS1.2,True,15,True,0.0,"2570,4865,4866,4867,49195,49199,49196,49200,52393,52392,49171,49172,156,157,47,53",TLS_AES_128_GCM_SHA256_TLS_AES_256_GCM_SHA384_TLS_CHACHA20_POLY1305_SHA256_ECDHE-ECDSA-AES128-GCM_ECDHE-RSA-AES128-GCM_ECDHE-ECDSA-AES256-GCM_ECDHE-RSA-AES256-GCM_ECDHE-ECDSA-CHACHA20_ECDHE-RSA-CHACHA20_ECDHE-RSA-AES128-CBC_ECDHE-RSA-AES256-CBC_RSA-AES128-GCM_RSA-AES256-GCM_RSA-AES128-CBC_RSA-AES256-CBC,4,True,0.0,"2570,4588,29,23,24",X25519MLKEM768_x25519_secp256r1_secp384r1,8,False,,"1027,2052,1025,1283,2053,1281,2054,1537",ecdsa_secp256r1_sha256_rsa_pss_rsae_sha256_rsa_pkcs1_sha256_ecdsa_secp384r1_sha384_rsa_pss_rsae_sha384_rsa_pkcs1_sha384_rsa_pss_rsae_sha512_rsa_pkcs1_sha512,True,t13d1516h2,8daaf6152771,d8a2da3f94cd,t,13,d,15,16,h2,"1:65536;2:0;4:6291456;6:262144|15663105|1:1:0:256,3:1:0:220,5:1:0:256,7:1:5:110,9:1:7:110,11:1:9:110|m,a,s,p",1:65536;2:0;4:6291456;6:262144,15663105.0,"1:1:0:256,3:1:0:220,5:1:0:256,7:1:5:110,9:1:7:110,11:1:9:110","m,a,s,p",6.0,65536.0,0.0,,6291456.0,,262144.0,":method,:authority,:scheme,:path"
trial-026,5a9682c8-5c02-4c39-b34e-5a884d9a8584,2026-05-02 13:16:47.686725565+00:00,205.172.168.145,GET,/subscribe-v3.html,HTTP/2.0,0.586,TLS 1.3,h2,TLS_AES_128_GCM_SHA256,uxbehaviorsuite.com,True,4e0c3f6111bd42d29797d85b661c2b5c,t13d1516h2_8daaf6152771_d8a2da3f94cd,"h2,http/1.1",h2,2,True,True,0.0,h2_first,"2570,772,771","TLS 1.3,TLS 1.2",2,True,True,True,False,0.0,TLS1.3+TLS1.2,True,15,True,0.0,"2570,4865,4866,4867,49195,49199,49196,49200,52393,52392,49171,49172,156,157,47,53",TLS_AES_128_GCM_SHA256_TLS_AES_256_GCM_SHA384_TLS_CHACHA20_POLY1305_SHA256_ECDHE-ECDSA-AES128-GCM_ECDHE-RSA-AES128-GCM_ECDHE-ECDSA-AES256-GCM_ECDHE-RSA-AES256-GCM_ECDHE-ECDSA-CHACHA20_ECDHE-RSA-CHACHA20_ECDHE-RSA-AES128-CBC_ECDHE-RSA-AES256-CBC_RSA-AES128-GCM_RSA-AES256-GCM_RSA-AES128-CBC_RSA-AES256-CBC,4,True,0.0,"2570,4588,29,23,24",X25519MLKEM768_x25519_secp256r1_secp384r1,8,False,,"1027,2052,1025,1283,2053,1281,2054,1537",ecdsa_secp256r1_sha256_rsa_pss_rsae_sha256_rsa_pkcs1_sha256_ecdsa_secp384r1_sha384_rsa_pss_rsae_sha384_rsa_pkcs1_sha384_rsa_pss_rsae_sha512_rsa_pkcs1_sha512,True,t13d1516h2,8daaf6152771,d8a2da3f94cd,t,13,d,15,16,h2,"1:65536;2:0;4:6291456;6:262144|15663105|1:1:0:256,3:1:0:220,5:1:0:256,7:1:5:110,9:1:7:110,11:1:9:110,13:1:0:256|m,a,s,p",1:65536;2:0;4:6291456;6:262144,15663105.0,"1:1:0:256,3:1:0:220,5:1:0:256,7:1:5:110,9:1:7:110,11:1:9:110,13:1:0:256","m,a,s,p",7.0,65536.0,0.0,,6291456.0,,262144.0,":method,:authority,:scheme,:path"
trial-026,d4809290-3e74-49a1-b84a-8e54d0a04cee,2026-05-02 13:16:47.687464054+00:00,205.172.168.145,POST,/collect,HTTP/2.0,0.406,TLS 1.3,h2,TLS_AES_128_GCM_SHA256,uxbehaviorsuite.com,True,4e0c3f6111bd42d29797d85b661c2b5c,t13d1516h2_8daaf6152771_d8a2da3f94cd,"h2,http/1.1",h2,2,True,True,0.0,h2_first,"2570,772,771","TLS 1.3,TLS 1.2",2,True,True,True,False,0.0,TLS1.3+TLS1.2,True,15,True,0.0,"2570,4865,4866,4867,49195,49199,49196,49200,52393,52392,49171,49172,156,157,47,53",TLS_AES_128_GCM_SHA256_TLS_AES_256_GCM_SHA384_TLS_CHACHA20_POLY1305_SHA256_ECDHE-ECDSA-AES128-GCM_ECDHE-RSA-AES128-GCM_ECDHE-ECDSA-AES256-GCM_ECDHE-RSA-AES256-GCM_ECDHE-ECDSA-CHACHA20_ECDHE-RSA-CHACHA20_ECDHE-RSA-AES128-CBC_ECDHE-RSA-AES256-CBC_RSA-AES128-GCM_RSA-AES256-GCM_RSA-AES128-CBC_RSA-AES256-CBC,4,True,0.0,"2570,4588,29,23,24",X25519MLKEM768_x25519_secp256r1_secp384r1,8,False,,"1027,2052,1025,1283,2053,1281,2054,1537",ecdsa_secp256r1_sha256_rsa_pss_rsae_sha256_rsa_pkcs1_sha256_ecdsa_secp384r1_sha384_rsa_pss_rsae_sha384_rsa_pkcs1_sha384_rsa_pss_rsae_sha512_rsa_pkcs1_sha512,True,t13d1516h2,8daaf6152771,d8a2da3f94cd,t,13,d,15,16,h2,"1:65536;2:0;4:6291456;6:262144|15663105|1:1:0:256,3:1:0:220,5:1:0:256,7:1:5:110,9:1:7:110,11:1:9:110,13:1:0:256,15:1:13:110|m,a,s,p",1:65536;2:0;4:6291456;6:262144,15663105.0,"1:1:0:256,3:1:0:220,5:1:0:256,7:1:5:110,9:1:7:110,11:1:9:110,13:1:0:256,15:1:13:110","m,a,s,p",8.0,65536.0,0.0,,6291456.0,,262144.0,":method,:authority,:scheme,:path"
trial-026,6b7d2828-22b9-490f-9996-c19ba5a88c84,2026-05-02 13:16:47.707799615+00:00,205.172.168.145,POST,/collect,HTTP/2.0,0.245,TLS 1.3,h2,TLS_AES_128_GCM_SHA256,uxbehaviorsuite.com,True,4e0c3f6111bd42d29797d85b661c2b5c,t13d1516h2_8daaf6152771_d8a2da3f94cd,"h2,http/1.1",h2,2,True,True,0.0,h2_first,"2570,772,771","TLS 1.3,TLS 1.2",2,True,True,True,False,0.0,TLS1.3+TLS1.2,True,15,True,0.0,"2570,4865,4866,4867,49195,49199,49196,49200,52393,52392,49171,49172,156,157,47,53",TLS_AES_128_GCM_SHA256_TLS_AES_256_GCM_SHA384_TLS_CHACHA20_POLY1305_SHA256_ECDHE-ECDSA-AES128-GCM_ECDHE-RSA-AES128-GCM_ECDHE-ECDSA-AES256-GCM_ECDHE-RSA-AES256-GCM_ECDHE-ECDSA-CHACHA20_ECDHE-RSA-CHACHA20_ECDHE-RSA-AES128-CBC_ECDHE-RSA-AES256-CBC_RSA-AES128-GCM_RSA-AES256-GCM_RSA-AES128-CBC_RSA-AES256-CBC,4,True,0.0,"2570,4588,29,23,24",X25519MLKEM768_x25519_secp256r1_secp384r1,8,False,,"1027,2052,1025,1283,2053,1281,2054,1537",ecdsa_secp256r1_sha256_rsa_pss_rsae_sha256_rsa_pkcs1_sha256_ecdsa_secp384r1_sha384_rsa_pss_rsae_sha384_rsa_pkcs1_sha384_rsa_pss_rsae_sha512_rsa_pkcs1_sha512,True,t13d1516h2,8daaf6152771,d8a2da3f94cd,t,13,d,15,16,h2,"1:65536;2:0;4:6291456;6:262144|15663105|1:1:0:256,3:1:0:220,5:1:0:256,7:1:5:110,9:1:7:110,11:1:9:110,13:1:0:256,15:1:13:110,17:1:15:110|m,a,s,p",1:65536;2:0;4:6291456;6:262144,15663105.0,"1:1:0:256,3:1:0:220,5:1:0:256,7:1:5:110,9:1:7:110,11:1:9:110,13:1:0:256,15:1:13:110,17:1:15:110","m,a,s,p",9.0,65536.0,0.0,,6291456.0,,262144.0,":method,:authority,:scheme,:path"
trial-026,4844932d-433d-4c86-a195-ede370032f35,2026-05-02 13:16:47.710180332+00:00,205.172.168.145,POST,/collect,HTTP/2.0,0.202,TLS 1.3,h2,TLS_AES_128_GCM_SHA256,uxbehaviorsuite.com,True,4e0c3f6111bd42d29797d85b661c2b5c,t13d1516h2_8daaf6152771_d8a2da3f94cd,"h2,http/1.1",h2,2,True,True,0.0,h2_first,"2570,772,771","TLS 1.3,TLS 1.2",2,True,True,True,False,0.0,TLS1.3+TLS1.2,True,15,True,0.0,"2570,4865,4866,4867,49195,49199,49196,49200,52393,52392,49171,49172,156,157,47,53",TLS_AES_128_GCM_SHA256_TLS_AES_256_GCM_SHA384_TLS_CHACHA20_POLY1305_SHA256_ECDHE-ECDSA-AES128-GCM_ECDHE-RSA-AES128-GCM_ECDHE-ECDSA-AES256-GCM_ECDHE-RSA-AES256-GCM_ECDHE-ECDSA-CHACHA20_ECDHE-RSA-CHACHA20_ECDHE-RSA-AES128-CBC_ECDHE-RSA-AES256-CBC_RSA-AES128-GCM_RSA-AES256-GCM_RSA-AES128-CBC_RSA-AES256-CBC,4,True,0.0,"2570,4588,29,23,24",X25519MLKEM768_x25519_secp256r1_secp384r1,8,False,,"1027,2052,1025,1283,2053,1281,2054,1537",ecdsa_secp256r1_sha256_rsa_pss_rsae_sha256_rsa_pkcs1_sha256_ecdsa_secp384r1_sha384_rsa_pss_rsae_sha384_rsa_pkcs1_sha384_rsa_pss_rsae_sha512_rsa_pkcs1_sha512,True,t13d1516h2,8daaf6152771,d8a2da3f94cd,t,13,d,15,16,h2,"1:65536;2:0;4:6291456;6:262144|15663105|1:1:0:256,3:1:0:220,5:1:0:256,7:1:5:110,9:1:7:110,11:1:9:110,13:1:0:256,15:1:13:110,17:1:15:110,19:1:17:110|m,a,s,p",1:65536;2:0;4:6291456;6:262144,15663105.0,"1:1:0:256,3:1:0:220,5:1:0:256,7:1:5:110,9:1:7:110,11:1:9:110,13:1:0:256,15:1:13:110,17:1:15:110,19:1:17:110","m,a,s,p",10.0,65536.0,0.0,,6291456.0,,262144.0,":method,:authority,:scheme,:path"
trial-026,80da3507-bffe-4782-b54b-13a8eecc3830,2026-05-02 13:16:57.173022936+00:00,20.80.82.220,GET,/,HTTP/1.1,0.278,TLS 1.2,,TLS_ECDHE_ECDSA_WITH_AES_128_GCM_SHA256,,False,cba7f34191ef2379c1325641f6c6c4f4,t12i130500_2d7513195f68_e51b7354d87f,,,0,False,False,,none,,,0,False,False,False,False,,none,,13,False,,"49199,49195,49169,49159,49171,49161,49172,49162,5,47,53,49170,10",ECDHE-RSA-AES128-GCM_ECDHE-ECDSA-AES128-GCM_49169_49159_ECDHE-RSA-AES128-CBC_49161_ECDHE-RSA-AES256-CBC_49162_5_RSA-AES128-CBC_RSA-AES256-CBC_49170_10,3,False,,"23,24,25",secp256r1_secp384r1_secp521r1,7,False,,"1025,1027,513,515,1025,1281,1537",rsa_pkcs1_sha256_ecdsa_secp256r1_sha256_513_ecdsa_sha1_rsa_pkcs1_sha256_rsa_pkcs1_sha384_rsa_pkcs1_sha512,False,t12i130500,2d7513195f68,e51b7354d87f,t,12,i,13,5,00,,,,,,,,,,,,,
trial-026,ea8c6e34-6e91-43de-84c4-2249af86ce3d,2026-05-02 13:17:22.728942367+00:00,205.172.168.145,GET,/s2-scroll-gate.html,HTTP/2.0,0.516,TLS 1.3,h2,TLS_AES_128_GCM_SHA256,uxbehaviorsuite.com,True,4e0c3f6111bd42d29797d85b661c2b5c,t13d1516h2_8daaf6152771_d8a2da3f94cd,"h2,http/1.1",h2,2,True,True,0.0,h2_first,"2570,772,771","TLS 1.3,TLS 1.2",2,True,True,True,False,0.0,TLS1.3+TLS1.2,True,15,True,0.0,"2570,4865,4866,4867,49195,49199,49196,49200,52393,52392,49171,49172,156,157,47,53",TLS_AES_128_GCM_SHA256_TLS_AES_256_GCM_SHA384_TLS_CHACHA20_POLY1305_SHA256_ECDHE-ECDSA-AES128-GCM_ECDHE-RSA-AES128-GCM_ECDHE-ECDSA-AES256-GCM_ECDHE-RSA-AES256-GCM_ECDHE-ECDSA-CHACHA20_ECDHE-RSA-CHACHA20_ECDHE-RSA-AES128-CBC_ECDHE-RSA-AES256-CBC_RSA-AES128-GCM_RSA-AES256-GCM_RSA-AES128-CBC_RSA-AES256-CBC,4,True,0.0,"2570,4588,29,23,24",X25519MLKEM768_x25519_secp256r1_secp384r1,8,False,,"1027,2052,1025,1283,2053,1281,2054,1537",ecdsa_secp256r1_sha256_rsa_pss_rsae_sha256_rsa_pkcs1_sha256_ecdsa_secp384r1_sha384_rsa_pss_rsae_sha384_rsa_pkcs1_sha384_rsa_pss_rsae_sha512_rsa_pkcs1_sha512,True,t13d1516h2,8daaf6152771,d8a2da3f94cd,t,13,d,15,16,h2,"1:65536;2:0;4:6291456;6:262144|15663105|1:1:0:256,3:1:0:220,5:1:0:256,7:1:5:110,9:1:7:110,11:1:9:110,13:1:0:256,15:1:13:110,17:1:15:110,19:1:17:110,21:1:0:256|m,a,s,p",1:65536;2:0;4:6291456;6:262144,15663105.0,"1:1:0:256,3:1:0:220,5:1:0:256,7:1:5:110,9:1:7:110,11:1:9:110,13:1:0:256,15:1:13:110,17:1:15:110,19:1:17:110,21:1:0:256","m,a,s,p",11.0,65536.0,0.0,,6291456.0,,262144.0,":method,:authority,:scheme,:path"
trial-026,70806af3-434e-42bd-bb9b-5164c7509b72,2026-05-02 13:17:22.729322927+00:00,205.172.168.145,POST,/collect,HTTP/2.0,0.299,TLS 1.3,h2,TLS_AES_128_GCM_SHA256,uxbehaviorsuite.com,True,4e0c3f6111bd42d29797d85b661c2b5c,t13d1516h2_8daaf6152771_d8a2da3f94cd,"h2,http/1.1",h2,2,True,True,0.0,h2_first,"2570,772,771","TLS 1.3,TLS 1.2",2,True,True,True,False,0.0,TLS1.3+TLS1.2,True,15,True,0.0,"2570,4865,4866,4867,49195,49199,49196,49200,52393,52392,49171,49172,156,157,47,53",TLS_AES_128_GCM_SHA256_TLS_AES_256_GCM_SHA384_TLS_CHACHA20_POLY1305_SHA256_ECDHE-ECDSA-AES128-GCM_ECDHE-RSA-AES128-GCM_ECDHE-ECDSA-AES256-GCM_ECDHE-RSA-AES256-GCM_ECDHE-ECDSA-CHACHA20_ECDHE-RSA-CHACHA20_ECDHE-RSA-AES128-CBC_ECDHE-RSA-AES256-CBC_RSA-AES128-GCM_RSA-AES256-GCM_RSA-AES128-CBC_RSA-AES256-CBC,4,True,0.0,"2570,4588,29,23,24",X25519MLKEM768_x25519_secp256r1_secp384r1,8,False,,"1027,2052,1025,1283,2053,1281,2054,1537",ecdsa_secp256r1_sha256_rsa_pss_rsae_sha256_rsa_pkcs1_sha256_ecdsa_secp384r1_sha384_rsa_pss_rsae_sha384_rsa_pkcs1_sha384_rsa_pss_rsae_sha512_rsa_pkcs1_sha512,True,t13d1516h2,8daaf6152771,d8a2da3f94cd,t,13,d,15,16,h2,"1:65536;2:0;4:6291456;6:262144|15663105|1:1:0:256,3:1:0:220,5:1:0:256,7:1:5:110,9:1:7:110,11:1:9:110,13:1:0:256,15:1:13:110,17:1:15:110,19:1:17:110,21:1:0:256,23:1:21:110|m,a,s,p",1:65536;2:0;4:6291456;6:262144,15663105.0,"1:1:0:256,3:1:0:220,5:1:0:256,7:1:5:110,9:1:7:110,11:1:9:110,13:1:0:256,15:1:13:110,17:1:15:110,19:1:17:110,21:1:0:256,23:1:21:110","m,a,s,p",12.0,65536.0,0.0,,6291456.0,,262144.0,":method,:authority,:scheme,:path"
trial-026,e785b595-d21f-4bf6-8311-809752e586cc,2026-05-02 13:17:22.752395175+00:00,205.172.168.145,POST,/collect,HTTP/2.0,0.286,TLS 1.3,h2,TLS_AES_128_GCM_SHA256,uxbehaviorsuite.com,True,4e0c3f6111bd42d29797d85b661c2b5c,t13d1516h2_8daaf6152771_d8a2da3f94cd,"h2,http/1.1",h2,2,True,True,0.0,h2_first,"2570,772,771","TLS 1.3,TLS 1.2",2,True,True,True,False,0.0,TLS1.3+TLS1.2,True,15,True,0.0,"2570,4865,4866,4867,49195,49199,49196,49200,52393,52392,49171,49172,156,157,47,53",TLS_AES_128_GCM_SHA256_TLS_AES_256_GCM_SHA384_TLS_CHACHA20_POLY1305_SHA256_ECDHE-ECDSA-AES128-GCM_ECDHE-RSA-AES128-GCM_ECDHE-ECDSA-AES256-GCM_ECDHE-RSA-AES256-GCM_ECDHE-ECDSA-CHACHA20_ECDHE-RSA-CHACHA20_ECDHE-RSA-AES128-CBC_ECDHE-RSA-AES256-CBC_RSA-AES128-GCM_RSA-AES256-GCM_RSA-AES128-CBC_RSA-AES256-CBC,4,True,0.0,"2570,4588,29,23,24",X25519MLKEM768_x25519_secp256r1_secp384r1,8,False,,"1027,2052,1025,1283,2053,1281,2054,1537",ecdsa_secp256r1_sha256_rsa_pss_rsae_sha256_rsa_pkcs1_sha256_ecdsa_secp384r1_sha384_rsa_pss_rsae_sha384_rsa_pkcs1_sha384_rsa_pss_rsae_sha512_rsa_pkcs1_sha512,True,t13d1516h2,8daaf6152771,d8a2da3f94cd,t,13,d,15,16,h2,"1:65536;2:0;4:6291456;6:262144|15663105|1:1:0:256,3:1:0:220,5:1:0:256,7:1:5:110,9:1:7:110,11:1:9:110,13:1:0:256,15:1:13:110,17:1:15:110,19:1:17:110,21:1:0:256,23:1:21:110,25:1:23:110|m,a,s,p",1:65536;2:0;4:6291456;6:262144,15663105.0,"1:1:0:256,3:1:0:220,5:1:0:256,7:1:5:110,9:1:7:110,11:1:9:110,13:1:0:256,15:1:13:110,17:1:15:110,19:1:17:110,21:1:0:256,23:1:21:110,25:1:23:110","m,a,s,p",13.0,65536.0,0.0,,6291456.0,,262144.0,":method,:authority,:scheme,:path"
trial-026,eb42baf4-26df-4f1f-8ecc-d0666e6fc2fa,2026-05-02 13:17:22.752724616+00:00,205.172.168.145,POST,/collect,HTTP/2.0,0.192,TLS 1.3,h2,TLS_AES_128_GCM_SHA256,uxbehaviorsuite.com,True,4e0c3f6111bd42d29797d85b661c2b5c,t13d1516h2_8daaf6152771_d8a2da3f94cd,"h2,http/1.1",h2,2,True,True,0.0,h2_first,"2570,772,771","TLS 1.3,TLS 1.2",2,True,True,True,False,0.0,TLS1.3+TLS1.2,True,15,True,0.0,"2570,4865,4866,4867,49195,49199,49196,49200,52393,52392,49171,49172,156,157,47,53",TLS_AES_128_GCM_SHA256_TLS_AES_256_GCM_SHA384_TLS_CHACHA20_POLY1305_SHA256_ECDHE-ECDSA-AES128-GCM_ECDHE-RSA-AES128-GCM_ECDHE-ECDSA-AES256-GCM_ECDHE-RSA-AES256-GCM_ECDHE-ECDSA-CHACHA20_ECDHE-RSA-CHACHA20_ECDHE-RSA-AES128-CBC_ECDHE-RSA-AES256-CBC_RSA-AES128-GCM_RSA-AES256-GCM_RSA-AES128-CBC_RSA-AES256-CBC,4,True,0.0,"2570,4588,29,23,24",X25519MLKEM768_x25519_secp256r1_secp384r1,8,False,,"1027,2052,1025,1283,2053,1281,2054,1537",ecdsa_secp256r1_sha256_rsa_pss_rsae_sha256_rsa_pkcs1_sha256_ecdsa_secp384r1_sha384_rsa_pss_rsae_sha384_rsa_pkcs1_sha384_rsa_pss_rsae_sha512_rsa_pkcs1_sha512,True,t13d1516h2,8daaf6152771,d8a2da3f94cd,t,13,d,15,16,h2,"1:65536;2:0;4:6291456;6:262144|15663105|1:1:0:256,3:1:0:220,5:1:0:256,7:1:5:110,9:1:7:110,11:1:9:110,13:1:0:256,15:1:13:110,17:1:15:110,19:1:17:110,21:1:0:256,23:1:21:110,25:1:23:110,27:1:25:110|m,a,s,p",1:65536;2:0;4:6291456;6:262144,15663105.0,"1:1:0:256,3:1:0:220,5:1:0:256,7:1:5:110,9:1:7:110,11:1:9:110,13:1:0:256,15:1:13:110,17:1:15:110,19:1:17:110,21:1:0:256,23:1:21:110,25:1:23:110,27:1:25:110","m,a,s,p",14.0,65536.0,0.0,,6291456.0,,262144.0,":method,:authority,:scheme,:path"
trial-026,e25ba452-761b-4503-ac01-01ab044508ef,2026-05-02 13:18:38.626267634+00:00,205.172.168.145,GET,/s3-hover-reveal.html,HTTP/2.0,1.008,TLS 1.3,h2,TLS_AES_128_GCM_SHA256,uxbehaviorsuite.com,True,4e0c3f6111bd42d29797d85b661c2b5c,t13d1516h2_8daaf6152771_d8a2da3f94cd,"h2,http/1.1",h2,2,True,True,0.0,h2_first,"2570,772,771","TLS 1.3,TLS 1.2",2,True,True,True,False,0.0,TLS1.3+TLS1.2,True,15,True,0.0,"2570,4865,4866,4867,49195,49199,49196,49200,52393,52392,49171,49172,156,157,47,53",TLS_AES_128_GCM_SHA256_TLS_AES_256_GCM_SHA384_TLS_CHACHA20_POLY1305_SHA256_ECDHE-ECDSA-AES128-GCM_ECDHE-RSA-AES128-GCM_ECDHE-ECDSA-AES256-GCM_ECDHE-RSA-AES256-GCM_ECDHE-ECDSA-CHACHA20_ECDHE-RSA-CHACHA20_ECDHE-RSA-AES128-CBC_ECDHE-RSA-AES256-CBC_RSA-AES128-GCM_RSA-AES256-GCM_RSA-AES128-CBC_RSA-AES256-CBC,4,True,0.0,"2570,4588,29,23,24",X25519MLKEM768_x25519_secp256r1_secp384r1,8,False,,"1027,2052,1025,1283,2053,1281,2054,1537",ecdsa_secp256r1_sha256_rsa_pss_rsae_sha256_rsa_pkcs1_sha256_ecdsa_secp384r1_sha384_rsa_pss_rsae_sha384_rsa_pkcs1_sha384_rsa_pss_rsae_sha512_rsa_pkcs1_sha512,True,t13d1516h2,8daaf6152771,d8a2da3f94cd,t,13,d,15,16,h2,"1:65536;2:0;4:6291456;6:262144|15663105|1:1:0:256,3:1:0:220,5:1:0:256,7:1:5:110,9:1:7:110,11:1:9:110,13:1:0:256,15:1:13:110,17:1:15:110,19:1:17:110,21:1:0:256,23:1:21:110,25:1:23:110,27:1:25:110,29:1:0:256,31:1:29:110|m,a,s,p",1:65536;2:0;4:6291456;6:262144,15663105.0,"1:1:0:256,3:1:0:220,5:1:0:256,7:1:5:110,9:1:7:110,11:1:9:110,13:1:0:256,15:1:13:110,17:1:15:110,19:1:17:110,21:1:0:256,23:1:21:110,25:1:23:110,27:1:25:110,29:1:0:256,31:1:29:110","m,a,s,p",16.0,65536.0,0.0,,6291456.0,,262144.0,":method,:authority,:scheme,:path"
trial-026,d6cfc80b-1ac8-4a6c-8202-030867f0b0b0,2026-05-02 13:18:38.626352473+00:00,205.172.168.145,POST,/collect,HTTP/2.0,0.333,TLS 1.3,h2,TLS_AES_128_GCM_SHA256,uxbehaviorsuite.com,True,4e0c3f6111bd42d29797d85b661c2b5c,t13d1516h2_8daaf6152771_d8a2da3f94cd,"h2,http/1.1",h2,2,True,True,0.0,h2_first,"2570,772,771","TLS 1.3,TLS 1.2",2,True,True,True,False,0.0,TLS1.3+TLS1.2,True,15,True,0.0,"2570,4865,4866,4867,49195,49199,49196,49200,52393,52392,49171,49172,156,157,47,53",TLS_AES_128_GCM_SHA256_TLS_AES_256_GCM_SHA384_TLS_CHACHA20_POLY1305_SHA256_ECDHE-ECDSA-AES128-GCM_ECDHE-RSA-AES128-GCM_ECDHE-ECDSA-AES256-GCM_ECDHE-RSA-AES256-GCM_ECDHE-ECDSA-CHACHA20_ECDHE-RSA-CHACHA20_ECDHE-RSA-AES128-CBC_ECDHE-RSA-AES256-CBC_RSA-AES128-GCM_RSA-AES256-GCM_RSA-AES128-CBC_RSA-AES256-CBC,4,True,0.0,"2570,4588,29,23,24",X25519MLKEM768_x25519_secp256r1_secp384r1,8,False,,"1027,2052,1025,1283,2053,1281,2054,1537",ecdsa_secp256r1_sha256_rsa_pss_rsae_sha256_rsa_pkcs1_sha256_ecdsa_secp384r1_sha384_rsa_pss_rsae_sha384_rsa_pkcs1_sha384_rsa_pss_rsae_sha512_rsa_pkcs1_sha512,True,t13d1516h2,8daaf6152771,d8a2da3f94cd,t,13,d,15,16,h2,"1:65536;2:0;4:6291456;6:262144|15663105|1:1:0:256,3:1:0:220,5:1:0:256,7:1:5:110,9:1:7:110,11:1:9:110,13:1:0:256,15:1:13:110,17:1:15:110,19:1:17:110,21:1:0:256,23:1:21:110,25:1:23:110,27:1:25:110,29:1:0:256,31:1:29:110|m,a,s,p",1:65536;2:0;4:6291456;6:262144,15663105.0,"1:1:0:256,3:1:0:220,5:1:0:256,7:1:5:110,9:1:7:110,11:1:9:110,13:1:0:256,15:1:13:110,17:1:15:110,19:1:17:110,21:1:0:256,23:1:21:110,25:1:23:110,27:1:25:110,29:1:0:256,31:1:29:110","m,a,s,p",16.0,65536.0,0.0,,6291456.0,,262144.0,":method,:authority,:scheme,:path"
trial-026,30922b35-2a1a-4bdd-bfca-50a7340dfe42,2026-05-02 13:18:38.647296997+00:00,205.172.168.145,POST,/collect,HTTP/2.0,0.218,TLS 1.3,h2,TLS_AES_128_GCM_SHA256,uxbehaviorsuite.com,True,4e0c3f6111bd42d29797d85b661c2b5c,t13d1516h2_8daaf6152771_d8a2da3f94cd,"h2,http/1.1",h2,2,True,True,0.0,h2_first,"2570,772,771","TLS 1.3,TLS 1.2",2,True,True,True,False,0.0,TLS1.3+TLS1.2,True,15,True,0.0,"2570,4865,4866,4867,49195,49199,49196,49200,52393,52392,49171,49172,156,157,47,53",TLS_AES_128_GCM_SHA256_TLS_AES_256_GCM_SHA384_TLS_CHACHA20_POLY1305_SHA256_ECDHE-ECDSA-AES128-GCM_ECDHE-RSA-AES128-GCM_ECDHE-ECDSA-AES256-GCM_ECDHE-RSA-AES256-GCM_ECDHE-ECDSA-CHACHA20_ECDHE-RSA-CHACHA20_ECDHE-RSA-AES128-CBC_ECDHE-RSA-AES256-CBC_RSA-AES128-GCM_RSA-AES256-GCM_RSA-AES128-CBC_RSA-AES256-CBC,4,True,0.0,"2570,4588,29,23,24",X25519MLKEM768_x25519_secp256r1_secp384r1,8,False,,"1027,2052,1025,1283,2053,1281,2054,1537",ecdsa_secp256r1_sha256_rsa_pss_rsae_sha256_rsa_pkcs1_sha256_ecdsa_secp384r1_sha384_rsa_pss_rsae_sha384_rsa_pkcs1_sha384_rsa_pss_rsae_sha512_rsa_pkcs1_sha512,True,t13d1516h2,8daaf6152771,d8a2da3f94cd,t,13,d,15,16,h2,"1:65536;2:0;4:6291456;6:262144|15663105|1:1:0:256,3:1:0:220,5:1:0:256,7:1:5:110,9:1:7:110,11:1:9:110,13:1:0:256,15:1:13:110,17:1:15:110,19:1:17:110,21:1:0:256,23:1:21:110,25:1:23:110,27:1:25:110,29:1:0:256,31:1:29:110,33:1:29:110|m,a,s,p",1:65536;2:0;4:6291456;6:262144,15663105.0,"1:1:0:256,3:1:0:220,5:1:0:256,7:1:5:110,9:1:7:110,11:1:9:110,13:1:0:256,15:1:13:110,17:1:15:110,19:1:17:110,21:1:0:256,23:1:21:110,25:1:23:110,27:1:25:110,29:1:0:256,31:1:29:110,33:1:29:110","m,a,s,p",17.0,65536.0,0.0,,6291456.0,,262144.0,":method,:authority,:scheme,:path"
trial-026,57db3e75-c784-48d9-abc1-10fc0934a009,2026-05-02 13:18:38.647992794+00:00,205.172.168.145,POST,/collect,HTTP/2.0,0.249,TLS 1.3,h2,TLS_AES_128_GCM_SHA256,uxbehaviorsuite.com,True,4e0c3f6111bd42d29797d85b661c2b5c,t13d1516h2_8daaf6152771_d8a2da3f94cd,"h2,http/1.1",h2,2,True,True,0.0,h2_first,"2570,772,771","TLS 1.3,TLS 1.2",2,True,True,True,False,0.0,TLS1.3+TLS1.2,True,15,True,0.0,"2570,4865,4866,4867,49195,49199,49196,49200,52393,52392,49171,49172,156,157,47,53",TLS_AES_128_GCM_SHA256_TLS_AES_256_GCM_SHA384_TLS_CHACHA20_POLY1305_SHA256_ECDHE-ECDSA-AES128-GCM_ECDHE-RSA-AES128-GCM_ECDHE-ECDSA-AES256-GCM_ECDHE-RSA-AES256-GCM_ECDHE-ECDSA-CHACHA20_ECDHE-RSA-CHACHA20_ECDHE-RSA-AES128-CBC_ECDHE-RSA-AES256-CBC_RSA-AES128-GCM_RSA-AES256-GCM_RSA-AES128-CBC_RSA-AES256-CBC,4,True,0.0,"2570,4588,29,23,24",X25519MLKEM768_x25519_secp256r1_secp384r1,8,False,,"1027,2052,1025,1283,2053,1281,2054,1537",ecdsa_secp256r1_sha256_rsa_pss_rsae_sha256_rsa_pkcs1_sha256_ecdsa_secp384r1_sha384_rsa_pss_rsae_sha384_rsa_pkcs1_sha384_rsa_pss_rsae_sha512_rsa_pkcs1_sha512,True,t13d1516h2,8daaf6152771,d8a2da3f94cd,t,13,d,15,16,h2,"1:65536;2:0;4:6291456;6:262144|15663105|1:1:0:256,3:1:0:220,5:1:0:256,7:1:5:110,9:1:7:110,11:1:9:110,13:1:0:256,15:1:13:110,17:1:15:110,19:1:17:110,21:1:0:256,23:1:21:110,25:1:23:110,27:1:25:110,29:1:0:256,31:1:29:110,33:1:29:110,35:1:33:110|m,a,s,p",1:65536;2:0;4:6291456;6:262144,15663105.0,"1:1:0:256,3:1:0:220,5:1:0:256,7:1:5:110,9:1:7:110,11:1:9:110,13:1:0:256,15:1:13:110,17:1:15:110,19:1:17:110,21:1:0:256,23:1:21:110,25:1:23:110,27:1:25:110,29:1:0:256,31:1:29:110,33:1:29:110,35:1:33:110","m,a,s,p",18.0,65536.0,0.0,,6291456.0,,262144.0,":method,:authority,:scheme,:path"
trial-026,f11797b7-bdb1-44b9-8022-8e30443d0cc8,2026-05-02 13:20:06.248079891+00:00,205.172.168.145,GET,/s4-dom-mismatch.html,HTTP/2.0,0.616,TLS 1.3,h2,TLS_AES_128_GCM_SHA256,uxbehaviorsuite.com,True,4e0c3f6111bd42d29797d85b661c2b5c,t13d1516h2_8daaf6152771_d8a2da3f94cd,"h2,http/1.1",h2,2,True,True,0.0,h2_first,"2570,772,771","TLS 1.3,TLS 1.2",2,True,True,True,False,0.0,TLS1.3+TLS1.2,True,15,True,0.0,"2570,4865,4866,4867,49195,49199,49196,49200,52393,52392,49171,49172,156,157,47,53",TLS_AES_128_GCM_SHA256_TLS_AES_256_GCM_SHA384_TLS_CHACHA20_POLY1305_SHA256_ECDHE-ECDSA-AES128-GCM_ECDHE-RSA-AES128-GCM_ECDHE-ECDSA-AES256-GCM_ECDHE-RSA-AES256-GCM_ECDHE-ECDSA-CHACHA20_ECDHE-RSA-CHACHA20_ECDHE-RSA-AES128-CBC_ECDHE-RSA-AES256-CBC_RSA-AES128-GCM_RSA-AES256-GCM_RSA-AES128-CBC_RSA-AES256-CBC,4,True,0.0,"2570,4588,29,23,24",X25519MLKEM768_x25519_secp256r1_secp384r1,8,False,,"1027,2052,1025,1283,2053,1281,2054,1537",ecdsa_secp256r1_sha256_rsa_pss_rsae_sha256_rsa_pkcs1_sha256_ecdsa_secp384r1_sha384_rsa_pss_rsae_sha384_rsa_pkcs1_sha384_rsa_pss_rsae_sha512_rsa_pkcs1_sha512,True,t13d1516h2,8daaf6152771,d8a2da3f94cd,t,13,d,15,16,h2,"1:65536;2:0;4:6291456;6:262144|15663105|1:1:0:256,3:1:0:220,5:1:0:256,7:1:5:110,9:1:7:110,11:1:9:110,13:1:0:256,15:1:13:110,17:1:15:110,19:1:17:110,21:1:0:256,23:1:21:110,25:1:23:110,27:1:25:110,29:1:0:256,31:1:29:110,33:1:29:110,35:1:33:110,37:1:0:256,39:1:37:110|m,a,s,p",1:65536;2:0;4:6291456;6:262144,15663105.0,"1:1:0:256,3:1:0:220,5:1:0:256,7:1:5:110,9:1:7:110,11:1:9:110,13:1:0:256,15:1:13:110,17:1:15:110,19:1:17:110,21:1:0:256,23:1:21:110,25:1:23:110,27:1:25:110,29:1:0:256,31:1:29:110,33:1:29:110,35:1:33:110,37:1:0:256,39:1:37:110","m,a,s,p",20.0,65536.0,0.0,,6291456.0,,262144.0,":method,:authority,:scheme,:path"
trial-026,b0813b28-08f2-4887-ab9c-f1a2e775ab4f,2026-05-02 13:20:06.248473731+00:00,205.172.168.145,POST,/collect,HTTP/2.0,0.548,TLS 1.3,h2,TLS_AES_128_GCM_SHA256,uxbehaviorsuite.com,True,4e0c3f6111bd42d29797d85b661c2b5c,t13d1516h2_8daaf6152771_d8a2da3f94cd,"h2,http/1.1",h2,2,True,True,0.0,h2_first,"2570,772,771","TLS 1.3,TLS 1.2",2,True,True,True,False,0.0,TLS1.3+TLS1.2,True,15,True,0.0,"2570,4865,4866,4867,49195,49199,49196,49200,52393,52392,49171,49172,156,157,47,53",TLS_AES_128_GCM_SHA256_TLS_AES_256_GCM_SHA384_TLS_CHACHA20_POLY1305_SHA256_ECDHE-ECDSA-AES128-GCM_ECDHE-RSA-AES128-GCM_ECDHE-ECDSA-AES256-GCM_ECDHE-RSA-AES256-GCM_ECDHE-ECDSA-CHACHA20_ECDHE-RSA-CHACHA20_ECDHE-RSA-AES128-CBC_ECDHE-RSA-AES256-CBC_RSA-AES128-GCM_RSA-AES256-GCM_RSA-AES128-CBC_RSA-AES256-CBC,4,True,0.0,"2570,4588,29,23,24",X25519MLKEM768_x25519_secp256r1_secp384r1,8,False,,"1027,2052,1025,1283,2053,1281,2054,1537",ecdsa_secp256r1_sha256_rsa_pss_rsae_sha256_rsa_pkcs1_sha256_ecdsa_secp384r1_sha384_rsa_pss_rsae_sha384_rsa_pkcs1_sha384_rsa_pss_rsae_sha512_rsa_pkcs1_sha512,True,t13d1516h2,8daaf6152771,d8a2da3f94cd,t,13,d,15,16,h2,"1:65536;2:0;4:6291456;6:262144|15663105|1:1:0:256,3:1:0:220,5:1:0:256,7:1:5:110,9:1:7:110,11:1:9:110,13:1:0:256,15:1:13:110,17:1:15:110,19:1:17:110,21:1:0:256,23:1:21:110,25:1:23:110,27:1:25:110,29:1:0:256,31:1:29:110,33:1:29:110,35:1:33:110,37:1:0:256,39:1:37:110|m,a,s,p",1:65536;2:0;4:6291456;6:262144,15663105.0,"1:1:0:256,3:1:0:220,5:1:0:256,7:1:5:110,9:1:7:110,11:1:9:110,13:1:0:256,15:1:13:110,17:1:15:110,19:1:17:110,21:1:0:256,23:1:21:110,25:1:23:110,27:1:25:110,29:1:0:256,31:1:29:110,33:1:29:110,35:1:33:110,37:1:0:256,39:1:37:110","m,a,s,p",20.0,65536.0,0.0,,6291456.0,,262144.0,":method,:authority,:scheme,:path"
trial-026,91882130-f397-4dd2-88fe-b98c88e80a19,2026-05-02 13:20:06.268379908+00:00,205.172.168.145,POST,/collect,HTTP/2.0,0.29,TLS 1.3,h2,TLS_AES_128_GCM_SHA256,uxbehaviorsuite.com,True,4e0c3f6111bd42d29797d85b661c2b5c,t13d1516h2_8daaf6152771_d8a2da3f94cd,"h2,http/1.1",h2,2,True,True,0.0,h2_first,"2570,772,771","TLS 1.3,TLS 1.2",2,True,True,True,False,0.0,TLS1.3+TLS1.2,True,15,True,0.0,"2570,4865,4866,4867,49195,49199,49196,49200,52393,52392,49171,49172,156,157,47,53",TLS_AES_128_GCM_SHA256_TLS_AES_256_GCM_SHA384_TLS_CHACHA20_POLY1305_SHA256_ECDHE-ECDSA-AES128-GCM_ECDHE-RSA-AES128-GCM_ECDHE-ECDSA-AES256-GCM_ECDHE-RSA-AES256-GCM_ECDHE-ECDSA-CHACHA20_ECDHE-RSA-CHACHA20_ECDHE-RSA-AES128-CBC_ECDHE-RSA-AES256-CBC_RSA-AES128-GCM_RSA-AES256-GCM_RSA-AES128-CBC_RSA-AES256-CBC,4,True,0.0,"2570,4588,29,23,24",X25519MLKEM768_x25519_secp256r1_secp384r1,8,False,,"1027,2052,1025,1283,2053,1281,2054,1537",ecdsa_secp256r1_sha256_rsa_pss_rsae_sha256_rsa_pkcs1_sha256_ecdsa_secp384r1_sha384_rsa_pss_rsae_sha384_rsa_pkcs1_sha384_rsa_pss_rsae_sha512_rsa_pkcs1_sha512,True,t13d1516h2,8daaf6152771,d8a2da3f94cd,t,13,d,15,16,h2,"1:65536;2:0;4:6291456;6:262144|15663105|1:1:0:256,3:1:0:220,5:1:0:256,7:1:5:110,9:1:7:110,11:1:9:110,13:1:0:256,15:1:13:110,17:1:15:110,19:1:17:110,21:1:0:256,23:1:21:110,25:1:23:110,27:1:25:110,29:1:0:256,31:1:29:110,33:1:29:110,35:1:33:110,37:1:0:256,39:1:37:110,41:1:39:110|m,a,s,p",1:65536;2:0;4:6291456;6:262144,15663105.0,"1:1:0:256,3:1:0:220,5:1:0:256,7:1:5:110,9:1:7:110,11:1:9:110,13:1:0:256,15:1:13:110,17:1:15:110,19:1:17:110,21:1:0:256,23:1:21:110,25:1:23:110,27:1:25:110,29:1:0:256,31:1:29:110,33:1:29:110,35:1:33:110,37:1:0:256,39:1:37:110,41:1:39:110","m,a,s,p",21.0,65536.0,0.0,,6291456.0,,262144.0,":method,:authority,:scheme,:path"
trial-026,59d5a277-d16d-4096-b1cc-2ac2a57962b4,2026-05-02 13:20:06.272509224+00:00,205.172.168.145,POST,/collect,HTTP/2.0,0.218,TLS 1.3,h2,TLS_AES_128_GCM_SHA256,uxbehaviorsuite.com,True,4e0c3f6111bd42d29797d85b661c2b5c,t13d1516h2_8daaf6152771_d8a2da3f94cd,"h2,http/1.1",h2,2,True,True,0.0,h2_first,"2570,772,771","TLS 1.3,TLS 1.2",2,True,True,True,False,0.0,TLS1.3+TLS1.2,True,15,True,0.0,"2570,4865,4866,4867,49195,49199,49196,49200,52393,52392,49171,49172,156,157,47,53",TLS_AES_128_GCM_SHA256_TLS_AES_256_GCM_SHA384_TLS_CHACHA20_POLY1305_SHA256_ECDHE-ECDSA-AES128-GCM_ECDHE-RSA-AES128-GCM_ECDHE-ECDSA-AES256-GCM_ECDHE-RSA-AES256-GCM_ECDHE-ECDSA-CHACHA20_ECDHE-RSA-CHACHA20_ECDHE-RSA-AES128-CBC_ECDHE-RSA-AES256-CBC_RSA-AES128-GCM_RSA-AES256-GCM_RSA-AES128-CBC_RSA-AES256-CBC,4,True,0.0,"2570,4588,29,23,24",X25519MLKEM768_x25519_secp256r1_secp384r1,8,False,,"1027,2052,1025,1283,2053,1281,2054,1537",ecdsa_secp256r1_sha256_rsa_pss_rsae_sha256_rsa_pkcs1_sha256_ecdsa_secp384r1_sha384_rsa_pss_rsae_sha384_rsa_pkcs1_sha384_rsa_pss_rsae_sha512_rsa_pkcs1_sha512,True,t13d1516h2,8daaf6152771,d8a2da3f94cd,t,13,d,15,16,h2,"1:65536;2:0;4:6291456;6:262144|15663105|1:1:0:256,3:1:0:220,5:1:0:256,7:1:5:110,9:1:7:110,11:1:9:110,13:1:0:256,15:1:13:110,17:1:15:110,19:1:17:110,21:1:0:256,23:1:21:110,25:1:23:110,27:1:25:110,29:1:0:256,31:1:29:110,33:1:29:110,35:1:33:110,37:1:0:256,39:1:37:110,41:1:39:110,43:1:41:110|m,a,s,p",1:65536;2:0;4:6291456;6:262144,15663105.0,"1:1:0:256,3:1:0:220,5:1:0:256,7:1:5:110,9:1:7:110,11:1:9:110,13:1:0:256,15:1:13:110,17:1:15:110,19:1:17:110,21:1:0:256,23:1:21:110,25:1:23:110,27:1:25:110,29:1:0:256,31:1:29:110,33:1:29:110,35:1:33:110,37:1:0:256,39:1:37:110,41:1:39:110,43:1:41:110","m,a,s,p",22.0,65536.0,0.0,,6291456.0,,262144.0,":method,:authority,:scheme,:path"
trial-027,debc5375-863f-4f25-8f7b-791faee9d7ec,2026-05-02 13:36:03.746695530+00:00,205.172.168.145,GET,/subscribe-v1.html,HTTP/2.0,0.437,TLS 1.3,h2,TLS_AES_128_GCM_SHA256,uxbehaviorsuite.com,True,f34056b0eae467499021c11a3737a19f,t13d1516h2_8daaf6152771_d8a2da3f94cd,"h2,http/1.1",h2,2,True,True,0.0,h2_first,"2570,772,771","TLS 1.3,TLS 1.2",2,True,True,True,False,0.0,TLS1.3+TLS1.2,True,15,True,0.0,"2570,4865,4866,4867,49195,49199,49196,49200,52393,52392,49171,49172,156,157,47,53",TLS_AES_128_GCM_SHA256_TLS_AES_256_GCM_SHA384_TLS_CHACHA20_POLY1305_SHA256_ECDHE-ECDSA-AES128-GCM_ECDHE-RSA-AES128-GCM_ECDHE-ECDSA-AES256-GCM_ECDHE-RSA-AES256-GCM_ECDHE-ECDSA-CHACHA20_ECDHE-RSA-CHACHA20_ECDHE-RSA-AES128-CBC_ECDHE-RSA-AES256-CBC_RSA-AES128-GCM_RSA-AES256-GCM_RSA-AES128-CBC_RSA-AES256-CBC,4,True,0.0,"2570,4588,29,23,24",X25519MLKEM768_x25519_secp256r1_secp384r1,8,False,,"1027,2052,1025,1283,2053,1281,2054,1537",ecdsa_secp256r1_sha256_rsa_pss_rsae_sha256_rsa_pkcs1_sha256_ecdsa_secp384r1_sha384_rsa_pss_rsae_sha384_rsa_pkcs1_sha384_rsa_pss_rsae_sha512_rsa_pkcs1_sha512,True,t13d1516h2,8daaf6152771,d8a2da3f94cd,t,13,d,15,16,h2,"1:65536;2:0;4:6291456;6:262144|15663105|1:1:0:256|m,a,s,p",1:65536;2:0;4:6291456;6:262144,15663105.0,1:1:0:256,"m,a,s,p",1.0,65536.0,0.0,,6291456.0,,262144.0,":method,:authority,:scheme,:path"
trial-027,2cd3a2d6-17ad-4479-acde-d4b7b1b4d1e6,2026-05-02 13:36:03.778381712+00:00,205.172.168.145,GET,/logger.js,HTTP/2.0,0.442,TLS 1.3,h2,TLS_AES_128_GCM_SHA256,uxbehaviorsuite.com,True,f34056b0eae467499021c11a3737a19f,t13d1516h2_8daaf6152771_d8a2da3f94cd,"h2,http/1.1",h2,2,True,True,0.0,h2_first,"2570,772,771","TLS 1.3,TLS 1.2",2,True,True,True,False,0.0,TLS1.3+TLS1.2,True,15,True,0.0,"2570,4865,4866,4867,49195,49199,49196,49200,52393,52392,49171,49172,156,157,47,53",TLS_AES_128_GCM_SHA256_TLS_AES_256_GCM_SHA384_TLS_CHACHA20_POLY1305_SHA256_ECDHE-ECDSA-AES128-GCM_ECDHE-RSA-AES128-GCM_ECDHE-ECDSA-AES256-GCM_ECDHE-RSA-AES256-GCM_ECDHE-ECDSA-CHACHA20_ECDHE-RSA-CHACHA20_ECDHE-RSA-AES128-CBC_ECDHE-RSA-AES256-CBC_RSA-AES128-GCM_RSA-AES256-GCM_RSA-AES128-CBC_RSA-AES256-CBC,4,True,0.0,"2570,4588,29,23,24",X25519MLKEM768_x25519_secp256r1_secp384r1,8,False,,"1027,2052,1025,1283,2053,1281,2054,1537",ecdsa_secp256r1_sha256_rsa_pss_rsae_sha256_rsa_pkcs1_sha256_ecdsa_secp384r1_sha384_rsa_pss_rsae_sha384_rsa_pkcs1_sha384_rsa_pss_rsae_sha512_rsa_pkcs1_sha512,True,t13d1516h2,8daaf6152771,d8a2da3f94cd,t,13,d,15,16,h2,"1:65536;2:0;4:6291456;6:262144|15663105|1:1:0:256,3:1:0:220|m,a,s,p",1:65536;2:0;4:6291456;6:262144,15663105.0,"1:1:0:256,3:1:0:220","m,a,s,p",2.0,65536.0,0.0,,6291456.0,,262144.0,":method,:authority,:scheme,:path"
trial-027,06d685a3-4158-47b8-ac79-259f20784f2e,2026-05-02 13:36:40.974838607+00:00,205.172.168.145,GET,/subscribe-v2.html,HTTP/2.0,0.584,TLS 1.3,h2,TLS_AES_128_GCM_SHA256,uxbehaviorsuite.com,True,f34056b0eae467499021c11a3737a19f,t13d1516h2_8daaf6152771_d8a2da3f94cd,"h2,http/1.1",h2,2,True,True,0.0,h2_first,"2570,772,771","TLS 1.3,TLS 1.2",2,True,True,True,False,0.0,TLS1.3+TLS1.2,True,15,True,0.0,"2570,4865,4866,4867,49195,49199,49196,49200,52393,52392,49171,49172,156,157,47,53",TLS_AES_128_GCM_SHA256_TLS_AES_256_GCM_SHA384_TLS_CHACHA20_POLY1305_SHA256_ECDHE-ECDSA-AES128-GCM_ECDHE-RSA-AES128-GCM_ECDHE-ECDSA-AES256-GCM_ECDHE-RSA-AES256-GCM_ECDHE-ECDSA-CHACHA20_ECDHE-RSA-CHACHA20_ECDHE-RSA-AES128-CBC_ECDHE-RSA-AES256-CBC_RSA-AES128-GCM_RSA-AES256-GCM_RSA-AES128-CBC_RSA-AES256-CBC,4,True,0.0,"2570,4588,29,23,24",X25519MLKEM768_x25519_secp256r1_secp384r1,8,False,,"1027,2052,1025,1283,2053,1281,2054,1537",ecdsa_secp256r1_sha256_rsa_pss_rsae_sha256_rsa_pkcs1_sha256_ecdsa_secp384r1_sha384_rsa_pss_rsae_sha384_rsa_pkcs1_sha384_rsa_pss_rsae_sha512_rsa_pkcs1_sha512,True,t13d1516h2,8daaf6152771,d8a2da3f94cd,t,13,d,15,16,h2,"1:65536;2:0;4:6291456;6:262144|15663105|1:1:0:256,3:1:0:220,5:1:0:256|m,a,s,p",1:65536;2:0;4:6291456;6:262144,15663105.0,"1:1:0:256,3:1:0:220,5:1:0:256","m,a,s,p",3.0,65536.0,0.0,,6291456.0,,262144.0,":method,:authority,:scheme,:path"
trial-027,9a09b10f-b188-45cb-b0ac-c06bdd89ebcd,2026-05-02 13:36:40.975190189+00:00,205.172.168.145,POST,/collect,HTTP/2.0,0.484,TLS 1.3,h2,TLS_AES_128_GCM_SHA256,uxbehaviorsuite.com,True,f34056b0eae467499021c11a3737a19f,t13d1516h2_8daaf6152771_d8a2da3f94cd,"h2,http/1.1",h2,2,True,True,0.0,h2_first,"2570,772,771","TLS 1.3,TLS 1.2",2,True,True,True,False,0.0,TLS1.3+TLS1.2,True,15,True,0.0,"2570,4865,4866,4867,49195,49199,49196,49200,52393,52392,49171,49172,156,157,47,53",TLS_AES_128_GCM_SHA256_TLS_AES_256_GCM_SHA384_TLS_CHACHA20_POLY1305_SHA256_ECDHE-ECDSA-AES128-GCM_ECDHE-RSA-AES128-GCM_ECDHE-ECDSA-AES256-GCM_ECDHE-RSA-AES256-GCM_ECDHE-ECDSA-CHACHA20_ECDHE-RSA-CHACHA20_ECDHE-RSA-AES128-CBC_ECDHE-RSA-AES256-CBC_RSA-AES128-GCM_RSA-AES256-GCM_RSA-AES128-CBC_RSA-AES256-CBC,4,True,0.0,"2570,4588,29,23,24",X25519MLKEM768_x25519_secp256r1_secp384r1,8,False,,"1027,2052,1025,1283,2053,1281,2054,1537",ecdsa_secp256r1_sha256_rsa_pss_rsae_sha256_rsa_pkcs1_sha256_ecdsa_secp384r1_sha384_rsa_pss_rsae_sha384_rsa_pkcs1_sha384_rsa_pss_rsae_sha512_rsa_pkcs1_sha512,True,t13d1516h2,8daaf6152771,d8a2da3f94cd,t,13,d,15,16,h2,"1:65536;2:0;4:6291456;6:262144|15663105|1:1:0:256,3:1:0:220,5:1:0:256,7:1:5:110|m,a,s,p",1:65536;2:0;4:6291456;6:262144,15663105.0,"1:1:0:256,3:1:0:220,5:1:0:256,7:1:5:110","m,a,s,p",4.0,65536.0,0.0,,6291456.0,,262144.0,":method,:authority,:scheme,:path"
trial-027,9ee1170a-a14f-4b8e-9888-f3f5615d48cf,2026-05-02 13:36:40.997929217+00:00,205.172.168.145,POST,/collect,HTTP/2.0,0.229,TLS 1.3,h2,TLS_AES_128_GCM_SHA256,uxbehaviorsuite.com,True,f34056b0eae467499021c11a3737a19f,t13d1516h2_8daaf6152771_d8a2da3f94cd,"h2,http/1.1",h2,2,True,True,0.0,h2_first,"2570,772,771","TLS 1.3,TLS 1.2",2,True,True,True,False,0.0,TLS1.3+TLS1.2,True,15,True,0.0,"2570,4865,4866,4867,49195,49199,49196,49200,52393,52392,49171,49172,156,157,47,53",TLS_AES_128_GCM_SHA256_TLS_AES_256_GCM_SHA384_TLS_CHACHA20_POLY1305_SHA256_ECDHE-ECDSA-AES128-GCM_ECDHE-RSA-AES128-GCM_ECDHE-ECDSA-AES256-GCM_ECDHE-RSA-AES256-GCM_ECDHE-ECDSA-CHACHA20_ECDHE-RSA-CHACHA20_ECDHE-RSA-AES128-CBC_ECDHE-RSA-AES256-CBC_RSA-AES128-GCM_RSA-AES256-GCM_RSA-AES128-CBC_RSA-AES256-CBC,4,True,0.0,"2570,4588,29,23,24",X25519MLKEM768_x25519_secp256r1_secp384r1,8,False,,"1027,2052,1025,1283,2053,1281,2054,1537",ecdsa_secp256r1_sha256_rsa_pss_rsae_sha256_rsa_pkcs1_sha256_ecdsa_secp384r1_sha384_rsa_pss_rsae_sha384_rsa_pkcs1_sha384_rsa_pss_rsae_sha512_rsa_pkcs1_sha512,True,t13d1516h2,8daaf6152771,d8a2da3f94cd,t,13,d,15,16,h2,"1:65536;2:0;4:6291456;6:262144|15663105|1:1:0:256,3:1:0:220,5:1:0:256,7:1:5:110,9:1:7:110|m,a,s,p",1:65536;2:0;4:6291456;6:262144,15663105.0,"1:1:0:256,3:1:0:220,5:1:0:256,7:1:5:110,9:1:7:110","m,a,s,p",5.0,65536.0,0.0,,6291456.0,,262144.0,":method,:authority,:scheme,:path"
trial-027,136db42c-3a06-4cd3-a703-57fe1645e818,2026-05-02 13:36:40.998966054+00:00,205.172.168.145,POST,/collect,HTTP/2.0,0.233,TLS 1.3,h2,TLS_AES_128_GCM_SHA256,uxbehaviorsuite.com,True,f34056b0eae467499021c11a3737a19f,t13d1516h2_8daaf6152771_d8a2da3f94cd,"h2,http/1.1",h2,2,True,True,0.0,h2_first,"2570,772,771","TLS 1.3,TLS 1.2",2,True,True,True,False,0.0,TLS1.3+TLS1.2,True,15,True,0.0,"2570,4865,4866,4867,49195,49199,49196,49200,52393,52392,49171,49172,156,157,47,53",TLS_AES_128_GCM_SHA256_TLS_AES_256_GCM_SHA384_TLS_CHACHA20_POLY1305_SHA256_ECDHE-ECDSA-AES128-GCM_ECDHE-RSA-AES128-GCM_ECDHE-ECDSA-AES256-GCM_ECDHE-RSA-AES256-GCM_ECDHE-ECDSA-CHACHA20_ECDHE-RSA-CHACHA20_ECDHE-RSA-AES128-CBC_ECDHE-RSA-AES256-CBC_RSA-AES128-GCM_RSA-AES256-GCM_RSA-AES128-CBC_RSA-AES256-CBC,4,True,0.0,"2570,4588,29,23,24",X25519MLKEM768_x25519_secp256r1_secp384r1,8,False,,"1027,2052,1025,1283,2053,1281,2054,1537",ecdsa_secp256r1_sha256_rsa_pss_rsae_sha256_rsa_pkcs1_sha256_ecdsa_secp384r1_sha384_rsa_pss_rsae_sha384_rsa_pkcs1_sha384_rsa_pss_rsae_sha512_rsa_pkcs1_sha512,True,t13d1516h2,8daaf6152771,d8a2da3f94cd,t,13,d,15,16,h2,"1:65536;2:0;4:6291456;6:262144|15663105|1:1:0:256,3:1:0:220,5:1:0:256,7:1:5:110,9:1:7:110,11:1:9:110|m,a,s,p",1:65536;2:0;4:6291456;6:262144,15663105.0,"1:1:0:256,3:1:0:220,5:1:0:256,7:1:5:110,9:1:7:110,11:1:9:110","m,a,s,p",6.0,65536.0,0.0,,6291456.0,,262144.0,":method,:authority,:scheme,:path"
trial-027,df0615be-df7c-4ec0-93b1-4f083d49cd13,2026-05-02 13:37:16.685310528+00:00,205.172.168.145,GET,/subscribe-v3.html,HTTP/2.0,0.374,TLS 1.3,h2,TLS_AES_128_GCM_SHA256,uxbehaviorsuite.com,True,f34056b0eae467499021c11a3737a19f,t13d1516h2_8daaf6152771_d8a2da3f94cd,"h2,http/1.1",h2,2,True,True,0.0,h2_first,"2570,772,771","TLS 1.3,TLS 1.2",2,True,True,True,False,0.0,TLS1.3+TLS1.2,True,15,True,0.0,"2570,4865,4866,4867,49195,49199,49196,49200,52393,52392,49171,49172,156,157,47,53",TLS_AES_128_GCM_SHA256_TLS_AES_256_GCM_SHA384_TLS_CHACHA20_POLY1305_SHA256_ECDHE-ECDSA-AES128-GCM_ECDHE-RSA-AES128-GCM_ECDHE-ECDSA-AES256-GCM_ECDHE-RSA-AES256-GCM_ECDHE-ECDSA-CHACHA20_ECDHE-RSA-CHACHA20_ECDHE-RSA-AES128-CBC_ECDHE-RSA-AES256-CBC_RSA-AES128-GCM_RSA-AES256-GCM_RSA-AES128-CBC_RSA-AES256-CBC,4,True,0.0,"2570,4588,29,23,24",X25519MLKEM768_x25519_secp256r1_secp384r1,8,False,,"1027,2052,1025,1283,2053,1281,2054,1537",ecdsa_secp256r1_sha256_rsa_pss_rsae_sha256_rsa_pkcs1_sha256_ecdsa_secp384r1_sha384_rsa_pss_rsae_sha384_rsa_pkcs1_sha384_rsa_pss_rsae_sha512_rsa_pkcs1_sha512,True,t13d1516h2,8daaf6152771,d8a2da3f94cd,t,13,d,15,16,h2,"1:65536;2:0;4:6291456;6:262144|15663105|1:1:0:256,3:1:0:220,5:1:0:256,7:1:5:110,9:1:7:110,11:1:9:110,13:1:0:256|m,a,s,p",1:65536;2:0;4:6291456;6:262144,15663105.0,"1:1:0:256,3:1:0:220,5:1:0:256,7:1:5:110,9:1:7:110,11:1:9:110,13:1:0:256","m,a,s,p",7.0,65536.0,0.0,,6291456.0,,262144.0,":method,:authority,:scheme,:path"
trial-027,e756361d-cdd1-49cd-ae83-ad3b7363852b,2026-05-02 13:37:16.685922793+00:00,205.172.168.145,POST,/collect,HTTP/2.0,0.336,TLS 1.3,h2,TLS_AES_128_GCM_SHA256,uxbehaviorsuite.com,True,f34056b0eae467499021c11a3737a19f,t13d1516h2_8daaf6152771_d8a2da3f94cd,"h2,http/1.1",h2,2,True,True,0.0,h2_first,"2570,772,771","TLS 1.3,TLS 1.2",2,True,True,True,False,0.0,TLS1.3+TLS1.2,True,15,True,0.0,"2570,4865,4866,4867,49195,49199,49196,49200,52393,52392,49171,49172,156,157,47,53",TLS_AES_128_GCM_SHA256_TLS_AES_256_GCM_SHA384_TLS_CHACHA20_POLY1305_SHA256_ECDHE-ECDSA-AES128-GCM_ECDHE-RSA-AES128-GCM_ECDHE-ECDSA-AES256-GCM_ECDHE-RSA-AES256-GCM_ECDHE-ECDSA-CHACHA20_ECDHE-RSA-CHACHA20_ECDHE-RSA-AES128-CBC_ECDHE-RSA-AES256-CBC_RSA-AES128-GCM_RSA-AES256-GCM_RSA-AES128-CBC_RSA-AES256-CBC,4,True,0.0,"2570,4588,29,23,24",X25519MLKEM768_x25519_secp256r1_secp384r1,8,False,,"1027,2052,1025,1283,2053,1281,2054,1537",ecdsa_secp256r1_sha256_rsa_pss_rsae_sha256_rsa_pkcs1_sha256_ecdsa_secp384r1_sha384_rsa_pss_rsae_sha384_rsa_pkcs1_sha384_rsa_pss_rsae_sha512_rsa_pkcs1_sha512,True,t13d1516h2,8daaf6152771,d8a2da3f94cd,t,13,d,15,16,h2,"1:65536;2:0;4:6291456;6:262144|15663105|1:1:0:256,3:1:0:220,5:1:0:256,7:1:5:110,9:1:7:110,11:1:9:110,13:1:0:256,15:1:13:110|m,a,s,p",1:65536;2:0;4:6291456;6:262144,15663105.0,"1:1:0:256,3:1:0:220,5:1:0:256,7:1:5:110,9:1:7:110,11:1:9:110,13:1:0:256,15:1:13:110","m,a,s,p",8.0,65536.0,0.0,,6291456.0,,262144.0,":method,:authority,:scheme,:path"
trial-027,20cef179-8d89-4484-a49f-2ea0614d86da,2026-05-02 13:37:16.707245659+00:00,205.172.168.145,POST,/collect,HTTP/2.0,0.213,TLS 1.3,h2,TLS_AES_128_GCM_SHA256,uxbehaviorsuite.com,True,f34056b0eae467499021c11a3737a19f,t13d1516h2_8daaf6152771_d8a2da3f94cd,"h2,http/1.1",h2,2,True,True,0.0,h2_first,"2570,772,771","TLS 1.3,TLS 1.2",2,True,True,True,False,0.0,TLS1.3+TLS1.2,True,15,True,0.0,"2570,4865,4866,4867,49195,49199,49196,49200,52393,52392,49171,49172,156,157,47,53",TLS_AES_128_GCM_SHA256_TLS_AES_256_GCM_SHA384_TLS_CHACHA20_POLY1305_SHA256_ECDHE-ECDSA-AES128-GCM_ECDHE-RSA-AES128-GCM_ECDHE-ECDSA-AES256-GCM_ECDHE-RSA-AES256-GCM_ECDHE-ECDSA-CHACHA20_ECDHE-RSA-CHACHA20_ECDHE-RSA-AES128-CBC_ECDHE-RSA-AES256-CBC_RSA-AES128-GCM_RSA-AES256-GCM_RSA-AES128-CBC_RSA-AES256-CBC,4,True,0.0,"2570,4588,29,23,24",X25519MLKEM768_x25519_secp256r1_secp384r1,8,False,,"1027,2052,1025,1283,2053,1281,2054,1537",ecdsa_secp256r1_sha256_rsa_pss_rsae_sha256_rsa_pkcs1_sha256_ecdsa_secp384r1_sha384_rsa_pss_rsae_sha384_rsa_pkcs1_sha384_rsa_pss_rsae_sha512_rsa_pkcs1_sha512,True,t13d1516h2,8daaf6152771,d8a2da3f94cd,t,13,d,15,16,h2,"1:65536;2:0;4:6291456;6:262144|15663105|1:1:0:256,3:1:0:220,5:1:0:256,7:1:5:110,9:1:7:110,11:1:9:110,13:1:0:256,15:1:13:110,17:1:15:110|m,a,s,p",1:65536;2:0;4:6291456;6:262144,15663105.0,"1:1:0:256,3:1:0:220,5:1:0:256,7:1:5:110,9:1:7:110,11:1:9:110,13:1:0:256,15:1:13:110,17:1:15:110","m,a,s,p",9.0,65536.0,0.0,,6291456.0,,262144.0,":method,:authority,:scheme,:path"
trial-027,1ea1a7df-2e07-4b9a-a111-744e0c0655bf,2026-05-02 13:37:16.710664008+00:00,205.172.168.145,POST,/collect,HTTP/2.0,0.224,TLS 1.3,h2,TLS_AES_128_GCM_SHA256,uxbehaviorsuite.com,True,f34056b0eae467499021c11a3737a19f,t13d1516h2_8daaf6152771_d8a2da3f94cd,"h2,http/1.1",h2,2,True,True,0.0,h2_first,"2570,772,771","TLS 1.3,TLS 1.2",2,True,True,True,False,0.0,TLS1.3+TLS1.2,True,15,True,0.0,"2570,4865,4866,4867,49195,49199,49196,49200,52393,52392,49171,49172,156,157,47,53",TLS_AES_128_GCM_SHA256_TLS_AES_256_GCM_SHA384_TLS_CHACHA20_POLY1305_SHA256_ECDHE-ECDSA-AES128-GCM_ECDHE-RSA-AES128-GCM_ECDHE-ECDSA-AES256-GCM_ECDHE-RSA-AES256-GCM_ECDHE-ECDSA-CHACHA20_ECDHE-RSA-CHACHA20_ECDHE-RSA-AES128-CBC_ECDHE-RSA-AES256-CBC_RSA-AES128-GCM_RSA-AES256-GCM_RSA-AES128-CBC_RSA-AES256-CBC,4,True,0.0,"2570,4588,29,23,24",X25519MLKEM768_x25519_secp256r1_secp384r1,8,False,,"1027,2052,1025,1283,2053,1281,2054,1537",ecdsa_secp256r1_sha256_rsa_pss_rsae_sha256_rsa_pkcs1_sha256_ecdsa_secp384r1_sha384_rsa_pss_rsae_sha384_rsa_pkcs1_sha384_rsa_pss_rsae_sha512_rsa_pkcs1_sha512,True,t13d1516h2,8daaf6152771,d8a2da3f94cd,t,13,d,15,16,h2,"1:65536;2:0;4:6291456;6:262144|15663105|1:1:0:256,3:1:0:220,5:1:0:256,7:1:5:110,9:1:7:110,11:1:9:110,13:1:0:256,15:1:13:110,17:1:15:110,19:1:17:110|m,a,s,p",1:65536;2:0;4:6291456;6:262144,15663105.0,"1:1:0:256,3:1:0:220,5:1:0:256,7:1:5:110,9:1:7:110,11:1:9:110,13:1:0:256,15:1:13:110,17:1:15:110,19:1:17:110","m,a,s,p",10.0,65536.0,0.0,,6291456.0,,262144.0,":method,:authority,:scheme,:path"
trial-027,e2f20978-f9dd-46ef-8c9a-14552055e62a,2026-05-02 13:37:59.759107052+00:00,205.172.168.145,GET,/s2-scroll-gate.html,HTTP/2.0,1.441,TLS 1.3,h2,TLS_AES_128_GCM_SHA256,uxbehaviorsuite.com,True,f34056b0eae467499021c11a3737a19f,t13d1516h2_8daaf6152771_d8a2da3f94cd,"h2,http/1.1",h2,2,True,True,0.0,h2_first,"2570,772,771","TLS 1.3,TLS 1.2",2,True,True,True,False,0.0,TLS1.3+TLS1.2,True,15,True,0.0,"2570,4865,4866,4867,49195,49199,49196,49200,52393,52392,49171,49172,156,157,47,53",TLS_AES_128_GCM_SHA256_TLS_AES_256_GCM_SHA384_TLS_CHACHA20_POLY1305_SHA256_ECDHE-ECDSA-AES128-GCM_ECDHE-RSA-AES128-GCM_ECDHE-ECDSA-AES256-GCM_ECDHE-RSA-AES256-GCM_ECDHE-ECDSA-CHACHA20_ECDHE-RSA-CHACHA20_ECDHE-RSA-AES128-CBC_ECDHE-RSA-AES256-CBC_RSA-AES128-GCM_RSA-AES256-GCM_RSA-AES128-CBC_RSA-AES256-CBC,4,True,0.0,"2570,4588,29,23,24",X25519MLKEM768_x25519_secp256r1_secp384r1,8,False,,"1027,2052,1025,1283,2053,1281,2054,1537",ecdsa_secp256r1_sha256_rsa_pss_rsae_sha256_rsa_pkcs1_sha256_ecdsa_secp384r1_sha384_rsa_pss_rsae_sha384_rsa_pkcs1_sha384_rsa_pss_rsae_sha512_rsa_pkcs1_sha512,True,t13d1516h2,8daaf6152771,d8a2da3f94cd,t,13,d,15,16,h2,"1:65536;2:0;4:6291456;6:262144|15663105|1:1:0:256,3:1:0:220,5:1:0:256,7:1:5:110,9:1:7:110,11:1:9:110,13:1:0:256,15:1:13:110,17:1:15:110,19:1:17:110,21:1:0:256,23:1:21:110|m,a,s,p",1:65536;2:0;4:6291456;6:262144,15663105.0,"1:1:0:256,3:1:0:220,5:1:0:256,7:1:5:110,9:1:7:110,11:1:9:110,13:1:0:256,15:1:13:110,17:1:15:110,19:1:17:110,21:1:0:256,23:1:21:110","m,a,s,p",12.0,65536.0,0.0,,6291456.0,,262144.0,":method,:authority,:scheme,:path"
trial-027,d837407f-58b8-49db-94b4-1a95f955f4f1,2026-05-02 13:37:59.759326868+00:00,205.172.168.145,POST,/collect,HTTP/2.0,0.676,TLS 1.3,h2,TLS_AES_128_GCM_SHA256,uxbehaviorsuite.com,True,f34056b0eae467499021c11a3737a19f,t13d1516h2_8daaf6152771_d8a2da3f94cd,"h2,http/1.1",h2,2,True,True,0.0,h2_first,"2570,772,771","TLS 1.3,TLS 1.2",2,True,True,True,False,0.0,TLS1.3+TLS1.2,True,15,True,0.0,"2570,4865,4866,4867,49195,49199,49196,49200,52393,52392,49171,49172,156,157,47,53",TLS_AES_128_GCM_SHA256_TLS_AES_256_GCM_SHA384_TLS_CHACHA20_POLY1305_SHA256_ECDHE-ECDSA-AES128-GCM_ECDHE-RSA-AES128-GCM_ECDHE-ECDSA-AES256-GCM_ECDHE-RSA-AES256-GCM_ECDHE-ECDSA-CHACHA20_ECDHE-RSA-CHACHA20_ECDHE-RSA-AES128-CBC_ECDHE-RSA-AES256-CBC_RSA-AES128-GCM_RSA-AES256-GCM_RSA-AES128-CBC_RSA-AES256-CBC,4,True,0.0,"2570,4588,29,23,24",X25519MLKEM768_x25519_secp256r1_secp384r1,8,False,,"1027,2052,1025,1283,2053,1281,2054,1537",ecdsa_secp256r1_sha256_rsa_pss_rsae_sha256_rsa_pkcs1_sha256_ecdsa_secp384r1_sha384_rsa_pss_rsae_sha384_rsa_pkcs1_sha384_rsa_pss_rsae_sha512_rsa_pkcs1_sha512,True,t13d1516h2,8daaf6152771,d8a2da3f94cd,t,13,d,15,16,h2,"1:65536;2:0;4:6291456;6:262144|15663105|1:1:0:256,3:1:0:220,5:1:0:256,7:1:5:110,9:1:7:110,11:1:9:110,13:1:0:256,15:1:13:110,17:1:15:110,19:1:17:110,21:1:0:256,23:1:21:110|m,a,s,p",1:65536;2:0;4:6291456;6:262144,15663105.0,"1:1:0:256,3:1:0:220,5:1:0:256,7:1:5:110,9:1:7:110,11:1:9:110,13:1:0:256,15:1:13:110,17:1:15:110,19:1:17:110,21:1:0:256,23:1:21:110","m,a,s,p",12.0,65536.0,0.0,,6291456.0,,262144.0,":method,:authority,:scheme,:path"
trial-027,9523b91f-8eb5-4fa9-ac8f-07877a48812b,2026-05-02 13:37:59.784900847+00:00,205.172.168.145,POST,/collect,HTTP/2.0,0.482,TLS 1.3,h2,TLS_AES_128_GCM_SHA256,uxbehaviorsuite.com,True,f34056b0eae467499021c11a3737a19f,t13d1516h2_8daaf6152771_d8a2da3f94cd,"h2,http/1.1",h2,2,True,True,0.0,h2_first,"2570,772,771","TLS 1.3,TLS 1.2",2,True,True,True,False,0.0,TLS1.3+TLS1.2,True,15,True,0.0,"2570,4865,4866,4867,49195,49199,49196,49200,52393,52392,49171,49172,156,157,47,53",TLS_AES_128_GCM_SHA256_TLS_AES_256_GCM_SHA384_TLS_CHACHA20_POLY1305_SHA256_ECDHE-ECDSA-AES128-GCM_ECDHE-RSA-AES128-GCM_ECDHE-ECDSA-AES256-GCM_ECDHE-RSA-AES256-GCM_ECDHE-ECDSA-CHACHA20_ECDHE-RSA-CHACHA20_ECDHE-RSA-AES128-CBC_ECDHE-RSA-AES256-CBC_RSA-AES128-GCM_RSA-AES256-GCM_RSA-AES128-CBC_RSA-AES256-CBC,4,True,0.0,"2570,4588,29,23,24",X25519MLKEM768_x25519_secp256r1_secp384r1,8,False,,"1027,2052,1025,1283,2053,1281,2054,1537",ecdsa_secp256r1_sha256_rsa_pss_rsae_sha256_rsa_pkcs1_sha256_ecdsa_secp384r1_sha384_rsa_pss_rsae_sha384_rsa_pkcs1_sha384_rsa_pss_rsae_sha512_rsa_pkcs1_sha512,True,t13d1516h2,8daaf6152771,d8a2da3f94cd,t,13,d,15,16,h2,"1:65536;2:0;4:6291456;6:262144|15663105|1:1:0:256,3:1:0:220,5:1:0:256,7:1:5:110,9:1:7:110,11:1:9:110,13:1:0:256,15:1:13:110,17:1:15:110,19:1:17:110,21:1:0:256,23:1:21:110,25:1:23:110|m,a,s,p",1:65536;2:0;4:6291456;6:262144,15663105.0,"1:1:0:256,3:1:0:220,5:1:0:256,7:1:5:110,9:1:7:110,11:1:9:110,13:1:0:256,15:1:13:110,17:1:15:110,19:1:17:110,21:1:0:256,23:1:21:110,25:1:23:110","m,a,s,p",13.0,65536.0,0.0,,6291456.0,,262144.0,":method,:authority,:scheme,:path"
trial-027,bafa9947-0f31-458d-a20c-66666f3cba6e,2026-05-02 13:37:59.785521686+00:00,205.172.168.145,POST,/collect,HTTP/2.0,0.171,TLS 1.3,h2,TLS_AES_128_GCM_SHA256,uxbehaviorsuite.com,True,f34056b0eae467499021c11a3737a19f,t13d1516h2_8daaf6152771_d8a2da3f94cd,"h2,http/1.1",h2,2,True,True,0.0,h2_first,"2570,772,771","TLS 1.3,TLS 1.2",2,True,True,True,False,0.0,TLS1.3+TLS1.2,True,15,True,0.0,"2570,4865,4866,4867,49195,49199,49196,49200,52393,52392,49171,49172,156,157,47,53",TLS_AES_128_GCM_SHA256_TLS_AES_256_GCM_SHA384_TLS_CHACHA20_POLY1305_SHA256_ECDHE-ECDSA-AES128-GCM_ECDHE-RSA-AES128-GCM_ECDHE-ECDSA-AES256-GCM_ECDHE-RSA-AES256-GCM_ECDHE-ECDSA-CHACHA20_ECDHE-RSA-CHACHA20_ECDHE-RSA-AES128-CBC_ECDHE-RSA-AES256-CBC_RSA-AES128-GCM_RSA-AES256-GCM_RSA-AES128-CBC_RSA-AES256-CBC,4,True,0.0,"2570,4588,29,23,24",X25519MLKEM768_x25519_secp256r1_secp384r1,8,False,,"1027,2052,1025,1283,2053,1281,2054,1537",ecdsa_secp256r1_sha256_rsa_pss_rsae_sha256_rsa_pkcs1_sha256_ecdsa_secp384r1_sha384_rsa_pss_rsae_sha384_rsa_pkcs1_sha384_rsa_pss_rsae_sha512_rsa_pkcs1_sha512,True,t13d1516h2,8daaf6152771,d8a2da3f94cd,t,13,d,15,16,h2,"1:65536;2:0;4:6291456;6:262144|15663105|1:1:0:256,3:1:0:220,5:1:0:256,7:1:5:110,9:1:7:110,11:1:9:110,13:1:0:256,15:1:13:110,17:1:15:110,19:1:17:110,21:1:0:256,23:1:21:110,25:1:23:110,27:1:25:110|m,a,s,p",1:65536;2:0;4:6291456;6:262144,15663105.0,"1:1:0:256,3:1:0:220,5:1:0:256,7:1:5:110,9:1:7:110,11:1:9:110,13:1:0:256,15:1:13:110,17:1:15:110,19:1:17:110,21:1:0:256,23:1:21:110,25:1:23:110,27:1:25:110","m,a,s,p",14.0,65536.0,0.0,,6291456.0,,262144.0,":method,:authority,:scheme,:path"
trial-027,6c7af140-368c-4285-9ca5-83947db9c93a,2026-05-02 13:38:52.903371720+00:00,205.172.168.145,GET,/s3-hover-reveal.html,HTTP/2.0,0.481,TLS 1.3,h2,TLS_AES_128_GCM_SHA256,uxbehaviorsuite.com,True,f34056b0eae467499021c11a3737a19f,t13d1516h2_8daaf6152771_d8a2da3f94cd,"h2,http/1.1",h2,2,True,True,0.0,h2_first,"2570,772,771","TLS 1.3,TLS 1.2",2,True,True,True,False,0.0,TLS1.3+TLS1.2,True,15,True,0.0,"2570,4865,4866,4867,49195,49199,49196,49200,52393,52392,49171,49172,156,157,47,53",TLS_AES_128_GCM_SHA256_TLS_AES_256_GCM_SHA384_TLS_CHACHA20_POLY1305_SHA256_ECDHE-ECDSA-AES128-GCM_ECDHE-RSA-AES128-GCM_ECDHE-ECDSA-AES256-GCM_ECDHE-RSA-AES256-GCM_ECDHE-ECDSA-CHACHA20_ECDHE-RSA-CHACHA20_ECDHE-RSA-AES128-CBC_ECDHE-RSA-AES256-CBC_RSA-AES128-GCM_RSA-AES256-GCM_RSA-AES128-CBC_RSA-AES256-CBC,4,True,0.0,"2570,4588,29,23,24",X25519MLKEM768_x25519_secp256r1_secp384r1,8,False,,"1027,2052,1025,1283,2053,1281,2054,1537",ecdsa_secp256r1_sha256_rsa_pss_rsae_sha256_rsa_pkcs1_sha256_ecdsa_secp384r1_sha384_rsa_pss_rsae_sha384_rsa_pkcs1_sha384_rsa_pss_rsae_sha512_rsa_pkcs1_sha512,True,t13d1516h2,8daaf6152771,d8a2da3f94cd,t,13,d,15,16,h2,"1:65536;2:0;4:6291456;6:262144|15663105|1:1:0:256,3:1:0:220,5:1:0:256,7:1:5:110,9:1:7:110,11:1:9:110,13:1:0:256,15:1:13:110,17:1:15:110,19:1:17:110,21:1:0:256,23:1:21:110,25:1:23:110,27:1:25:110,29:1:0:256|m,a,s,p",1:65536;2:0;4:6291456;6:262144,15663105.0,"1:1:0:256,3:1:0:220,5:1:0:256,7:1:5:110,9:1:7:110,11:1:9:110,13:1:0:256,15:1:13:110,17:1:15:110,19:1:17:110,21:1:0:256,23:1:21:110,25:1:23:110,27:1:25:110,29:1:0:256","m,a,s,p",15.0,65536.0,0.0,,6291456.0,,262144.0,":method,:authority,:scheme,:path"
trial-027,3ff76929-5996-4c8d-bc8f-208ddf0e0d75,2026-05-02 13:38:52.903923543+00:00,205.172.168.145,POST,/collect,HTTP/2.0,0.377,TLS 1.3,h2,TLS_AES_128_GCM_SHA256,uxbehaviorsuite.com,True,f34056b0eae467499021c11a3737a19f,t13d1516h2_8daaf6152771_d8a2da3f94cd,"h2,http/1.1",h2,2,True,True,0.0,h2_first,"2570,772,771","TLS 1.3,TLS 1.2",2,True,True,True,False,0.0,TLS1.3+TLS1.2,True,15,True,0.0,"2570,4865,4866,4867,49195,49199,49196,49200,52393,52392,49171,49172,156,157,47,53",TLS_AES_128_GCM_SHA256_TLS_AES_256_GCM_SHA384_TLS_CHACHA20_POLY1305_SHA256_ECDHE-ECDSA-AES128-GCM_ECDHE-RSA-AES128-GCM_ECDHE-ECDSA-AES256-GCM_ECDHE-RSA-AES256-GCM_ECDHE-ECDSA-CHACHA20_ECDHE-RSA-CHACHA20_ECDHE-RSA-AES128-CBC_ECDHE-RSA-AES256-CBC_RSA-AES128-GCM_RSA-AES256-GCM_RSA-AES128-CBC_RSA-AES256-CBC,4,True,0.0,"2570,4588,29,23,24",X25519MLKEM768_x25519_secp256r1_secp384r1,8,False,,"1027,2052,1025,1283,2053,1281,2054,1537",ecdsa_secp256r1_sha256_rsa_pss_rsae_sha256_rsa_pkcs1_sha256_ecdsa_secp384r1_sha384_rsa_pss_rsae_sha384_rsa_pkcs1_sha384_rsa_pss_rsae_sha512_rsa_pkcs1_sha512,True,t13d1516h2,8daaf6152771,d8a2da3f94cd,t,13,d,15,16,h2,"1:65536;2:0;4:6291456;6:262144|15663105|1:1:0:256,3:1:0:220,5:1:0:256,7:1:5:110,9:1:7:110,11:1:9:110,13:1:0:256,15:1:13:110,17:1:15:110,19:1:17:110,21:1:0:256,23:1:21:110,25:1:23:110,27:1:25:110,29:1:0:256,31:1:29:110|m,a,s,p",1:65536;2:0;4:6291456;6:262144,15663105.0,"1:1:0:256,3:1:0:220,5:1:0:256,7:1:5:110,9:1:7:110,11:1:9:110,13:1:0:256,15:1:13:110,17:1:15:110,19:1:17:110,21:1:0:256,23:1:21:110,25:1:23:110,27:1:25:110,29:1:0:256,31:1:29:110","m,a,s,p",16.0,65536.0,0.0,,6291456.0,,262144.0,":method,:authority,:scheme,:path"
trial-027,ae82d919-f9e6-4645-94e5-385c284c1a01,2026-05-02 13:38:52.925147967+00:00,205.172.168.145,POST,/collect,HTTP/2.0,0.208,TLS 1.3,h2,TLS_AES_128_GCM_SHA256,uxbehaviorsuite.com,True,f34056b0eae467499021c11a3737a19f,t13d1516h2_8daaf6152771_d8a2da3f94cd,"h2,http/1.1",h2,2,True,True,0.0,h2_first,"2570,772,771","TLS 1.3,TLS 1.2",2,True,True,True,False,0.0,TLS1.3+TLS1.2,True,15,True,0.0,"2570,4865,4866,4867,49195,49199,49196,49200,52393,52392,49171,49172,156,157,47,53",TLS_AES_128_GCM_SHA256_TLS_AES_256_GCM_SHA384_TLS_CHACHA20_POLY1305_SHA256_ECDHE-ECDSA-AES128-GCM_ECDHE-RSA-AES128-GCM_ECDHE-ECDSA-AES256-GCM_ECDHE-RSA-AES256-GCM_ECDHE-ECDSA-CHACHA20_ECDHE-RSA-CHACHA20_ECDHE-RSA-AES128-CBC_ECDHE-RSA-AES256-CBC_RSA-AES128-GCM_RSA-AES256-GCM_RSA-AES128-CBC_RSA-AES256-CBC,4,True,0.0,"2570,4588,29,23,24",X25519MLKEM768_x25519_secp256r1_secp384r1,8,False,,"1027,2052,1025,1283,2053,1281,2054,1537",ecdsa_secp256r1_sha256_rsa_pss_rsae_sha256_rsa_pkcs1_sha256_ecdsa_secp384r1_sha384_rsa_pss_rsae_sha384_rsa_pkcs1_sha384_rsa_pss_rsae_sha512_rsa_pkcs1_sha512,True,t13d1516h2,8daaf6152771,d8a2da3f94cd,t,13,d,15,16,h2,"1:65536;2:0;4:6291456;6:262144|15663105|1:1:0:256,3:1:0:220,5:1:0:256,7:1:5:110,9:1:7:110,11:1:9:110,13:1:0:256,15:1:13:110,17:1:15:110,19:1:17:110,21:1:0:256,23:1:21:110,25:1:23:110,27:1:25:110,29:1:0:256,31:1:29:110,33:1:31:110|m,a,s,p",1:65536;2:0;4:6291456;6:262144,15663105.0,"1:1:0:256,3:1:0:220,5:1:0:256,7:1:5:110,9:1:7:110,11:1:9:110,13:1:0:256,15:1:13:110,17:1:15:110,19:1:17:110,21:1:0:256,23:1:21:110,25:1:23:110,27:1:25:110,29:1:0:256,31:1:29:110,33:1:31:110","m,a,s,p",17.0,65536.0,0.0,,6291456.0,,262144.0,":method,:authority,:scheme,:path"
trial-027,7337e7c1-5df9-44d1-9f53-060d5502ab04,2026-05-02 13:38:52.927112361+00:00,205.172.168.145,POST,/collect,HTTP/2.0,0.194,TLS 1.3,h2,TLS_AES_128_GCM_SHA256,uxbehaviorsuite.com,True,f34056b0eae467499021c11a3737a19f,t13d1516h2_8daaf6152771_d8a2da3f94cd,"h2,http/1.1",h2,2,True,True,0.0,h2_first,"2570,772,771","TLS 1.3,TLS 1.2",2,True,True,True,False,0.0,TLS1.3+TLS1.2,True,15,True,0.0,"2570,4865,4866,4867,49195,49199,49196,49200,52393,52392,49171,49172,156,157,47,53",TLS_AES_128_GCM_SHA256_TLS_AES_256_GCM_SHA384_TLS_CHACHA20_POLY1305_SHA256_ECDHE-ECDSA-AES128-GCM_ECDHE-RSA-AES128-GCM_ECDHE-ECDSA-AES256-GCM_ECDHE-RSA-AES256-GCM_ECDHE-ECDSA-CHACHA20_ECDHE-RSA-CHACHA20_ECDHE-RSA-AES128-CBC_ECDHE-RSA-AES256-CBC_RSA-AES128-GCM_RSA-AES256-GCM_RSA-AES128-CBC_RSA-AES256-CBC,4,True,0.0,"2570,4588,29,23,24",X25519MLKEM768_x25519_secp256r1_secp384r1,8,False,,"1027,2052,1025,1283,2053,1281,2054,1537",ecdsa_secp256r1_sha256_rsa_pss_rsae_sha256_rsa_pkcs1_sha256_ecdsa_secp384r1_sha384_rsa_pss_rsae_sha384_rsa_pkcs1_sha384_rsa_pss_rsae_sha512_rsa_pkcs1_sha512,True,t13d1516h2,8daaf6152771,d8a2da3f94cd,t,13,d,15,16,h2,"1:65536;2:0;4:6291456;6:262144|15663105|1:1:0:256,3:1:0:220,5:1:0:256,7:1:5:110,9:1:7:110,11:1:9:110,13:1:0:256,15:1:13:110,17:1:15:110,19:1:17:110,21:1:0:256,23:1:21:110,25:1:23:110,27:1:25:110,29:1:0:256,31:1:29:110,33:1:31:110,35:1:33:110|m,a,s,p",1:65536;2:0;4:6291456;6:262144,15663105.0,"1:1:0:256,3:1:0:220,5:1:0:256,7:1:5:110,9:1:7:110,11:1:9:110,13:1:0:256,15:1:13:110,17:1:15:110,19:1:17:110,21:1:0:256,23:1:21:110,25:1:23:110,27:1:25:110,29:1:0:256,31:1:29:110,33:1:31:110,35:1:33:110","m,a,s,p",18.0,65536.0,0.0,,6291456.0,,262144.0,":method,:authority,:scheme,:path"
trial-027,f014ab9b-7fec-49bf-818a-83e373968c08,2026-05-02 13:40:15.692158332+00:00,205.172.168.145,GET,/s4-dom-mismatch.html,HTTP/2.0,0.505,TLS 1.3,h2,TLS_AES_128_GCM_SHA256,uxbehaviorsuite.com,True,f34056b0eae467499021c11a3737a19f,t13d1516h2_8daaf6152771_d8a2da3f94cd,"h2,http/1.1",h2,2,True,True,0.0,h2_first,"2570,772,771","TLS 1.3,TLS 1.2",2,True,True,True,False,0.0,TLS1.3+TLS1.2,True,15,True,0.0,"2570,4865,4866,4867,49195,49199,49196,49200,52393,52392,49171,49172,156,157,47,53",TLS_AES_128_GCM_SHA256_TLS_AES_256_GCM_SHA384_TLS_CHACHA20_POLY1305_SHA256_ECDHE-ECDSA-AES128-GCM_ECDHE-RSA-AES128-GCM_ECDHE-ECDSA-AES256-GCM_ECDHE-RSA-AES256-GCM_ECDHE-ECDSA-CHACHA20_ECDHE-RSA-CHACHA20_ECDHE-RSA-AES128-CBC_ECDHE-RSA-AES256-CBC_RSA-AES128-GCM_RSA-AES256-GCM_RSA-AES128-CBC_RSA-AES256-CBC,4,True,0.0,"2570,4588,29,23,24",X25519MLKEM768_x25519_secp256r1_secp384r1,8,False,,"1027,2052,1025,1283,2053,1281,2054,1537",ecdsa_secp256r1_sha256_rsa_pss_rsae_sha256_rsa_pkcs1_sha256_ecdsa_secp384r1_sha384_rsa_pss_rsae_sha384_rsa_pkcs1_sha384_rsa_pss_rsae_sha512_rsa_pkcs1_sha512,True,t13d1516h2,8daaf6152771,d8a2da3f94cd,t,13,d,15,16,h2,"1:65536;2:0;4:6291456;6:262144|15663105|1:1:0:256,3:1:0:220,5:1:0:256,7:1:5:110,9:1:7:110,11:1:9:110,13:1:0:256,15:1:13:110,17:1:15:110,19:1:17:110,21:1:0:256,23:1:21:110,25:1:23:110,27:1:25:110,29:1:0:256,31:1:29:110,33:1:31:110,35:1:33:110,37:1:0:256|m,a,s,p",1:65536;2:0;4:6291456;6:262144,15663105.0,"1:1:0:256,3:1:0:220,5:1:0:256,7:1:5:110,9:1:7:110,11:1:9:110,13:1:0:256,15:1:13:110,17:1:15:110,19:1:17:110,21:1:0:256,23:1:21:110,25:1:23:110,27:1:25:110,29:1:0:256,31:1:29:110,33:1:31:110,35:1:33:110,37:1:0:256","m,a,s,p",19.0,65536.0,0.0,,6291456.0,,262144.0,":method,:authority,:scheme,:path"
trial-027,9f5110cf-d48f-4c51-ac3b-ae70e47ee488,2026-05-02 13:40:15.693410992+00:00,205.172.168.145,POST,/collect,HTTP/2.0,0.344,TLS 1.3,h2,TLS_AES_128_GCM_SHA256,uxbehaviorsuite.com,True,f34056b0eae467499021c11a3737a19f,t13d1516h2_8daaf6152771_d8a2da3f94cd,"h2,http/1.1",h2,2,True,True,0.0,h2_first,"2570,772,771","TLS 1.3,TLS 1.2",2,True,True,True,False,0.0,TLS1.3+TLS1.2,True,15,True,0.0,"2570,4865,4866,4867,49195,49199,49196,49200,52393,52392,49171,49172,156,157,47,53",TLS_AES_128_GCM_SHA256_TLS_AES_256_GCM_SHA384_TLS_CHACHA20_POLY1305_SHA256_ECDHE-ECDSA-AES128-GCM_ECDHE-RSA-AES128-GCM_ECDHE-ECDSA-AES256-GCM_ECDHE-RSA-AES256-GCM_ECDHE-ECDSA-CHACHA20_ECDHE-RSA-CHACHA20_ECDHE-RSA-AES128-CBC_ECDHE-RSA-AES256-CBC_RSA-AES128-GCM_RSA-AES256-GCM_RSA-AES128-CBC_RSA-AES256-CBC,4,True,0.0,"2570,4588,29,23,24",X25519MLKEM768_x25519_secp256r1_secp384r1,8,False,,"1027,2052,1025,1283,2053,1281,2054,1537",ecdsa_secp256r1_sha256_rsa_pss_rsae_sha256_rsa_pkcs1_sha256_ecdsa_secp384r1_sha384_rsa_pss_rsae_sha384_rsa_pkcs1_sha384_rsa_pss_rsae_sha512_rsa_pkcs1_sha512,True,t13d1516h2,8daaf6152771,d8a2da3f94cd,t,13,d,15,16,h2,"1:65536;2:0;4:6291456;6:262144|15663105|1:1:0:256,3:1:0:220,5:1:0:256,7:1:5:110,9:1:7:110,11:1:9:110,13:1:0:256,15:1:13:110,17:1:15:110,19:1:17:110,21:1:0:256,23:1:21:110,25:1:23:110,27:1:25:110,29:1:0:256,31:1:29:110,33:1:31:110,35:1:33:110,37:1:0:256,39:1:37:110|m,a,s,p",1:65536;2:0;4:6291456;6:262144,15663105.0,"1:1:0:256,3:1:0:220,5:1:0:256,7:1:5:110,9:1:7:110,11:1:9:110,13:1:0:256,15:1:13:110,17:1:15:110,19:1:17:110,21:1:0:256,23:1:21:110,25:1:23:110,27:1:25:110,29:1:0:256,31:1:29:110,33:1:31:110,35:1:33:110,37:1:0:256,39:1:37:110","m,a,s,p",20.0,65536.0,0.0,,6291456.0,,262144.0,":method,:authority,:scheme,:path"
trial-027,7ef6e2f5-0624-49cb-928e-0e0de13227de,2026-05-02 13:40:15.716025504+00:00,205.172.168.145,POST,/collect,HTTP/2.0,0.241,TLS 1.3,h2,TLS_AES_128_GCM_SHA256,uxbehaviorsuite.com,True,f34056b0eae467499021c11a3737a19f,t13d1516h2_8daaf6152771_d8a2da3f94cd,"h2,http/1.1",h2,2,True,True,0.0,h2_first,"2570,772,771","TLS 1.3,TLS 1.2",2,True,True,True,False,0.0,TLS1.3+TLS1.2,True,15,True,0.0,"2570,4865,4866,4867,49195,49199,49196,49200,52393,52392,49171,49172,156,157,47,53",TLS_AES_128_GCM_SHA256_TLS_AES_256_GCM_SHA384_TLS_CHACHA20_POLY1305_SHA256_ECDHE-ECDSA-AES128-GCM_ECDHE-RSA-AES128-GCM_ECDHE-ECDSA-AES256-GCM_ECDHE-RSA-AES256-GCM_ECDHE-ECDSA-CHACHA20_ECDHE-RSA-CHACHA20_ECDHE-RSA-AES128-CBC_ECDHE-RSA-AES256-CBC_RSA-AES128-GCM_RSA-AES256-GCM_RSA-AES128-CBC_RSA-AES256-CBC,4,True,0.0,"2570,4588,29,23,24",X25519MLKEM768_x25519_secp256r1_secp384r1,8,False,,"1027,2052,1025,1283,2053,1281,2054,1537",ecdsa_secp256r1_sha256_rsa_pss_rsae_sha256_rsa_pkcs1_sha256_ecdsa_secp384r1_sha384_rsa_pss_rsae_sha384_rsa_pkcs1_sha384_rsa_pss_rsae_sha512_rsa_pkcs1_sha512,True,t13d1516h2,8daaf6152771,d8a2da3f94cd,t,13,d,15,16,h2,"1:65536;2:0;4:6291456;6:262144|15663105|1:1:0:256,3:1:0:220,5:1:0:256,7:1:5:110,9:1:7:110,11:1:9:110,13:1:0:256,15:1:13:110,17:1:15:110,19:1:17:110,21:1:0:256,23:1:21:110,25:1:23:110,27:1:25:110,29:1:0:256,31:1:29:110,33:1:31:110,35:1:33:110,37:1:0:256,39:1:37:110,41:1:39:110|m,a,s,p",1:65536;2:0;4:6291456;6:262144,15663105.0,"1:1:0:256,3:1:0:220,5:1:0:256,7:1:5:110,9:1:7:110,11:1:9:110,13:1:0:256,15:1:13:110,17:1:15:110,19:1:17:110,21:1:0:256,23:1:21:110,25:1:23:110,27:1:25:110,29:1:0:256,31:1:29:110,33:1:31:110,35:1:33:110,37:1:0:256,39:1:37:110,41:1:39:110","m,a,s,p",21.0,65536.0,0.0,,6291456.0,,262144.0,":method,:authority,:scheme,:path"
trial-027,618c91c3-c9e4-43fc-ba6a-353460d8817d,2026-05-02 13:40:15.717248500+00:00,205.172.168.145,POST,/collect,HTTP/2.0,0.319,TLS 1.3,h2,TLS_AES_128_GCM_SHA256,uxbehaviorsuite.com,True,f34056b0eae467499021c11a3737a19f,t13d1516h2_8daaf6152771_d8a2da3f94cd,"h2,http/1.1",h2,2,True,True,0.0,h2_first,"2570,772,771","TLS 1.3,TLS 1.2",2,True,True,True,False,0.0,TLS1.3+TLS1.2,True,15,True,0.0,"2570,4865,4866,4867,49195,49199,49196,49200,52393,52392,49171,49172,156,157,47,53",TLS_AES_128_GCM_SHA256_TLS_AES_256_GCM_SHA384_TLS_CHACHA20_POLY1305_SHA256_ECDHE-ECDSA-AES128-GCM_ECDHE-RSA-AES128-GCM_ECDHE-ECDSA-AES256-GCM_ECDHE-RSA-AES256-GCM_ECDHE-ECDSA-CHACHA20_ECDHE-RSA-CHACHA20_ECDHE-RSA-AES128-CBC_ECDHE-RSA-AES256-CBC_RSA-AES128-GCM_RSA-AES256-GCM_RSA-AES128-CBC_RSA-AES256-CBC,4,True,0.0,"2570,4588,29,23,24",X25519MLKEM768_x25519_secp256r1_secp384r1,8,False,,"1027,2052,1025,1283,2053,1281,2054,1537",ecdsa_secp256r1_sha256_rsa_pss_rsae_sha256_rsa_pkcs1_sha256_ecdsa_secp384r1_sha384_rsa_pss_rsae_sha384_rsa_pkcs1_sha384_rsa_pss_rsae_sha512_rsa_pkcs1_sha512,True,t13d1516h2,8daaf6152771,d8a2da3f94cd,t,13,d,15,16,h2,"1:65536;2:0;4:6291456;6:262144|15663105|1:1:0:256,3:1:0:220,5:1:0:256,7:1:5:110,9:1:7:110,11:1:9:110,13:1:0:256,15:1:13:110,17:1:15:110,19:1:17:110,21:1:0:256,23:1:21:110,25:1:23:110,27:1:25:110,29:1:0:256,31:1:29:110,33:1:31:110,35:1:33:110,37:1:0:256,39:1:37:110,41:1:39:110,43:1:41:110|m,a,s,p",1:65536;2:0;4:6291456;6:262144,15663105.0,"1:1:0:256,3:1:0:220,5:1:0:256,7:1:5:110,9:1:7:110,11:1:9:110,13:1:0:256,15:1:13:110,17:1:15:110,19:1:17:110,21:1:0:256,23:1:21:110,25:1:23:110,27:1:25:110,29:1:0:256,31:1:29:110,33:1:31:110,35:1:33:110,37:1:0:256,39:1:37:110,41:1:39:110,43:1:41:110","m,a,s,p",22.0,65536.0,0.0,,6291456.0,,262144.0,":method,:authority,:scheme,:path"
trial-027,d3c90fac-32e4-42a0-933f-308f5ae30eb0,2026-05-02 13:41:17.504982271+00:00,205.172.168.145,GET,/s5-delayed-feedback.html,HTTP/2.0,0.594,TLS 1.3,h2,TLS_AES_128_GCM_SHA256,uxbehaviorsuite.com,True,f34056b0eae467499021c11a3737a19f,t13d1516h2_8daaf6152771_d8a2da3f94cd,"h2,http/1.1",h2,2,True,True,0.0,h2_first,"2570,772,771","TLS 1.3,TLS 1.2",2,True,True,True,False,0.0,TLS1.3+TLS1.2,True,15,True,0.0,"2570,4865,4866,4867,49195,49199,49196,49200,52393,52392,49171,49172,156,157,47,53",TLS_AES_128_GCM_SHA256_TLS_AES_256_GCM_SHA384_TLS_CHACHA20_POLY1305_SHA256_ECDHE-ECDSA-AES128-GCM_ECDHE-RSA-AES128-GCM_ECDHE-ECDSA-AES256-GCM_ECDHE-RSA-AES256-GCM_ECDHE-ECDSA-CHACHA20_ECDHE-RSA-CHACHA20_ECDHE-RSA-AES128-CBC_ECDHE-RSA-AES256-CBC_RSA-AES128-GCM_RSA-AES256-GCM_RSA-AES128-CBC_RSA-AES256-CBC,4,True,0.0,"2570,4588,29,23,24",X25519MLKEM768_x25519_secp256r1_secp384r1,8,False,,"1027,2052,1025,1283,2053,1281,2054,1537",ecdsa_secp256r1_sha256_rsa_pss_rsae_sha256_rsa_pkcs1_sha256_ecdsa_secp384r1_sha384_rsa_pss_rsae_sha384_rsa_pkcs1_sha384_rsa_pss_rsae_sha512_rsa_pkcs1_sha512,True,t13d1516h2,8daaf6152771,d8a2da3f94cd,t,13,d,15,16,h2,"1:65536;2:0;4:6291456;6:262144|15663105|1:1:0:256,3:1:0:220,5:1:0:256,7:1:5:110,9:1:7:110,11:1:9:110,13:1:0:256,15:1:13:110,17:1:15:110,19:1:17:110,21:1:0:256,23:1:21:110,25:1:23:110,27:1:25:110,29:1:0:256,31:1:29:110,33:1:31:110,35:1:33:110,37:1:0:256,39:1:37:110,41:1:39:110,43:1:41:110,45:1:0:256,47:1:45:110|m,a,s,p",1:65536;2:0;4:6291456;6:262144,15663105.0,"1:1:0:256,3:1:0:220,5:1:0:256,7:1:5:110,9:1:7:110,11:1:9:110,13:1:0:256,15:1:13:110,17:1:15:110,19:1:17:110,21:1:0:256,23:1:21:110,25:1:23:110,27:1:25:110,29:1:0:256,31:1:29:110,33:1:31:110,35:1:33:110,37:1:0:256,39:1:37:110,41:1:39:110,43:1:41:110,45:1:0:256,47:1:45:110","m,a,s,p",24.0,65536.0,0.0,,6291456.0,,262144.0,":method,:authority,:scheme,:path"
trial-027,063e82a6-ac13-4936-b5a8-78c149eb46ae,2026-05-02 13:41:17.505124166+00:00,205.172.168.145,POST,/collect,HTTP/2.0,0.576,TLS 1.3,h2,TLS_AES_128_GCM_SHA256,uxbehaviorsuite.com,True,f34056b0eae467499021c11a3737a19f,t13d1516h2_8daaf6152771_d8a2da3f94cd,"h2,http/1.1",h2,2,True,True,0.0,h2_first,"2570,772,771","TLS 1.3,TLS 1.2",2,True,True,True,False,0.0,TLS1.3+TLS1.2,True,15,True,0.0,"2570,4865,4866,4867,49195,49199,49196,49200,52393,52392,49171,49172,156,157,47,53",TLS_AES_128_GCM_SHA256_TLS_AES_256_GCM_SHA384_TLS_CHACHA20_POLY1305_SHA256_ECDHE-ECDSA-AES128-GCM_ECDHE-RSA-AES128-GCM_ECDHE-ECDSA-AES256-GCM_ECDHE-RSA-AES256-GCM_ECDHE-ECDSA-CHACHA20_ECDHE-RSA-CHACHA20_ECDHE-RSA-AES128-CBC_ECDHE-RSA-AES256-CBC_RSA-AES128-GCM_RSA-AES256-GCM_RSA-AES128-CBC_RSA-AES256-CBC,4,True,0.0,"2570,4588,29,23,24",X25519MLKEM768_x25519_secp256r1_secp384r1,8,False,,"1027,2052,1025,1283,2053,1281,2054,1537",ecdsa_secp256r1_sha256_rsa_pss_rsae_sha256_rsa_pkcs1_sha256_ecdsa_secp384r1_sha384_rsa_pss_rsae_sha384_rsa_pkcs1_sha384_rsa_pss_rsae_sha512_rsa_pkcs1_sha512,True,t13d1516h2,8daaf6152771,d8a2da3f94cd,t,13,d,15,16,h2,"1:65536;2:0;4:6291456;6:262144|15663105|1:1:0:256,3:1:0:220,5:1:0:256,7:1:5:110,9:1:7:110,11:1:9:110,13:1:0:256,15:1:13:110,17:1:15:110,19:1:17:110,21:1:0:256,23:1:21:110,25:1:23:110,27:1:25:110,29:1:0:256,31:1:29:110,33:1:31:110,35:1:33:110,37:1:0:256,39:1:37:110,41:1:39:110,43:1:41:110,45:1:0:256,47:1:45:110|m,a,s,p",1:65536;2:0;4:6291456;6:262144,15663105.0,"1:1:0:256,3:1:0:220,5:1:0:256,7:1:5:110,9:1:7:110,11:1:9:110,13:1:0:256,15:1:13:110,17:1:15:110,19:1:17:110,21:1:0:256,23:1:21:110,25:1:23:110,27:1:25:110,29:1:0:256,31:1:29:110,33:1:31:110,35:1:33:110,37:1:0:256,39:1:37:110,41:1:39:110,43:1:41:110,45:1:0:256,47:1:45:110","m,a,s,p",24.0,65536.0,0.0,,6291456.0,,262144.0,":method,:authority,:scheme,:path"
trial-027,e939cb48-f3a2-43c0-b012-b6dcf85e8f36,2026-05-02 13:41:17.529799271+00:00,205.172.168.145,POST,/collect,HTTP/2.0,0.217,TLS 1.3,h2,TLS_AES_128_GCM_SHA256,uxbehaviorsuite.com,True,f34056b0eae467499021c11a3737a19f,t13d1516h2_8daaf6152771_d8a2da3f94cd,"h2,http/1.1",h2,2,True,True,0.0,h2_first,"2570,772,771","TLS 1.3,TLS 1.2",2,True,True,True,False,0.0,TLS1.3+TLS1.2,True,15,True,0.0,"2570,4865,4866,4867,49195,49199,49196,49200,52393,52392,49171,49172,156,157,47,53",TLS_AES_128_GCM_SHA256_TLS_AES_256_GCM_SHA384_TLS_CHACHA20_POLY1305_SHA256_ECDHE-ECDSA-AES128-GCM_ECDHE-RSA-AES128-GCM_ECDHE-ECDSA-AES256-GCM_ECDHE-RSA-AES256-GCM_ECDHE-ECDSA-CHACHA20_ECDHE-RSA-CHACHA20_ECDHE-RSA-AES128-CBC_ECDHE-RSA-AES256-CBC_RSA-AES128-GCM_RSA-AES256-GCM_RSA-AES128-CBC_RSA-AES256-CBC,4,True,0.0,"2570,4588,29,23,24",X25519MLKEM768_x25519_secp256r1_secp384r1,8,False,,"1027,2052,1025,1283,2053,1281,2054,1537",ecdsa_secp256r1_sha256_rsa_pss_rsae_sha256_rsa_pkcs1_sha256_ecdsa_secp384r1_sha384_rsa_pss_rsae_sha384_rsa_pkcs1_sha384_rsa_pss_rsae_sha512_rsa_pkcs1_sha512,True,t13d1516h2,8daaf6152771,d8a2da3f94cd,t,13,d,15,16,h2,"1:65536;2:0;4:6291456;6:262144|15663105|1:1:0:256,3:1:0:220,5:1:0:256,7:1:5:110,9:1:7:110,11:1:9:110,13:1:0:256,15:1:13:110,17:1:15:110,19:1:17:110,21:1:0:256,23:1:21:110,25:1:23:110,27:1:25:110,29:1:0:256,31:1:29:110,33:1:31:110,35:1:33:110,37:1:0:256,39:1:37:110,41:1:39:110,43:1:41:110,45:1:0:256,47:1:45:110,49:1:47:110|m,a,s,p",1:65536;2:0;4:6291456;6:262144,15663105.0,"1:1:0:256,3:1:0:220,5:1:0:256,7:1:5:110,9:1:7:110,11:1:9:110,13:1:0:256,15:1:13:110,17:1:15:110,19:1:17:110,21:1:0:256,23:1:21:110,25:1:23:110,27:1:25:110,29:1:0:256,31:1:29:110,33:1:31:110,35:1:33:110,37:1:0:256,39:1:37:110,41:1:39:110,43:1:41:110,45:1:0:256,47:1:45:110,49:1:47:110","m,a,s,p",25.0,65536.0,0.0,,6291456.0,,262144.0,":method,:authority,:scheme,:path"
trial-027,9f2c802d-b5b5-4886-a7ad-0f2cf776f925,2026-05-02 13:41:17.530143408+00:00,205.172.168.145,POST,/collect,HTTP/2.0,0.234,TLS 1.3,h2,TLS_AES_128_GCM_SHA256,uxbehaviorsuite.com,True,f34056b0eae467499021c11a3737a19f,t13d1516h2_8daaf6152771_d8a2da3f94cd,"h2,http/1.1",h2,2,True,True,0.0,h2_first,"2570,772,771","TLS 1.3,TLS 1.2",2,True,True,True,False,0.0,TLS1.3+TLS1.2,True,15,True,0.0,"2570,4865,4866,4867,49195,49199,49196,49200,52393,52392,49171,49172,156,157,47,53",TLS_AES_128_GCM_SHA256_TLS_AES_256_GCM_SHA384_TLS_CHACHA20_POLY1305_SHA256_ECDHE-ECDSA-AES128-GCM_ECDHE-RSA-AES128-GCM_ECDHE-ECDSA-AES256-GCM_ECDHE-RSA-AES256-GCM_ECDHE-ECDSA-CHACHA20_ECDHE-RSA-CHACHA20_ECDHE-RSA-AES128-CBC_ECDHE-RSA-AES256-CBC_RSA-AES128-GCM_RSA-AES256-GCM_RSA-AES128-CBC_RSA-AES256-CBC,4,True,0.0,"2570,4588,29,23,24",X25519MLKEM768_x25519_secp256r1_secp384r1,8,False,,"1027,2052,1025,1283,2053,1281,2054,1537",ecdsa_secp256r1_sha256_rsa_pss_rsae_sha256_rsa_pkcs1_sha256_ecdsa_secp384r1_sha384_rsa_pss_rsae_sha384_rsa_pkcs1_sha384_rsa_pss_rsae_sha512_rsa_pkcs1_sha512,True,t13d1516h2,8daaf6152771,d8a2da3f94cd,t,13,d,15,16,h2,"1:65536;2:0;4:6291456;6:262144|15663105|1:1:0:256,3:1:0:220,5:1:0:256,7:1:5:110,9:1:7:110,11:1:9:110,13:1:0:256,15:1:13:110,17:1:15:110,19:1:17:110,21:1:0:256,23:1:21:110,25:1:23:110,27:1:25:110,29:1:0:256,31:1:29:110,33:1:31:110,35:1:33:110,37:1:0:256,39:1:37:110,41:1:39:110,43:1:41:110,45:1:0:256,47:1:45:110,49:1:47:110,51:1:49:110|m,a,s,p",1:65536;2:0;4:6291456;6:262144,15663105.0,"1:1:0:256,3:1:0:220,5:1:0:256,7:1:5:110,9:1:7:110,11:1:9:110,13:1:0:256,15:1:13:110,17:1:15:110,19:1:17:110,21:1:0:256,23:1:21:110,25:1:23:110,27:1:25:110,29:1:0:256,31:1:29:110,33:1:31:110,35:1:33:110,37:1:0:256,39:1:37:110,41:1:39:110,43:1:41:110,45:1:0:256,47:1:45:110,49:1:47:110,51:1:49:110","m,a,s,p",26.0,65536.0,0.0,,6291456.0,,262144.0,":method,:authority,:scheme,:path"
trial-028,63ea2d3f-df77-4841-ab7e-016b04d6dea5,2026-05-02 13:57:00.302185362+00:00,205.172.168.145,GET,/subscribe-v1.html,HTTP/2.0,0.365,TLS 1.3,h2,TLS_AES_128_GCM_SHA256,uxbehaviorsuite.com,True,0a430b067fcfa832b1245d9bd816ccfd,t13d1516h2_8daaf6152771_d8a2da3f94cd,"h2,http/1.1",h2,2,True,True,0.0,h2_first,"2570,772,771","TLS 1.3,TLS 1.2",2,True,True,True,False,0.0,TLS1.3+TLS1.2,True,15,True,0.0,"2570,4865,4866,4867,49195,49199,49196,49200,52393,52392,49171,49172,156,157,47,53",TLS_AES_128_GCM_SHA256_TLS_AES_256_GCM_SHA384_TLS_CHACHA20_POLY1305_SHA256_ECDHE-ECDSA-AES128-GCM_ECDHE-RSA-AES128-GCM_ECDHE-ECDSA-AES256-GCM_ECDHE-RSA-AES256-GCM_ECDHE-ECDSA-CHACHA20_ECDHE-RSA-CHACHA20_ECDHE-RSA-AES128-CBC_ECDHE-RSA-AES256-CBC_RSA-AES128-GCM_RSA-AES256-GCM_RSA-AES128-CBC_RSA-AES256-CBC,4,True,0.0,"2570,4588,29,23,24",X25519MLKEM768_x25519_secp256r1_secp384r1,8,False,,"1027,2052,1025,1283,2053,1281,2054,1537",ecdsa_secp256r1_sha256_rsa_pss_rsae_sha256_rsa_pkcs1_sha256_ecdsa_secp384r1_sha384_rsa_pss_rsae_sha384_rsa_pkcs1_sha384_rsa_pss_rsae_sha512_rsa_pkcs1_sha512,True,t13d1516h2,8daaf6152771,d8a2da3f94cd,t,13,d,15,16,h2,"1:65536;2:0;4:6291456;6:262144|15663105|1:1:0:256|m,a,s,p",1:65536;2:0;4:6291456;6:262144,15663105.0,1:1:0:256,"m,a,s,p",1.0,65536.0,0.0,,6291456.0,,262144.0,":method,:authority,:scheme,:path"
trial-028,ce6ffe67-dc4e-43ba-9bc7-b647d137cbbf,2026-05-02 13:57:00.331554435+00:00,205.172.168.145,GET,/logger.js,HTTP/2.0,0.431,TLS 1.3,h2,TLS_AES_128_GCM_SHA256,uxbehaviorsuite.com,True,0a430b067fcfa832b1245d9bd816ccfd,t13d1516h2_8daaf6152771_d8a2da3f94cd,"h2,http/1.1",h2,2,True,True,0.0,h2_first,"2570,772,771","TLS 1.3,TLS 1.2",2,True,True,True,False,0.0,TLS1.3+TLS1.2,True,15,True,0.0,"2570,4865,4866,4867,49195,49199,49196,49200,52393,52392,49171,49172,156,157,47,53",TLS_AES_128_GCM_SHA256_TLS_AES_256_GCM_SHA384_TLS_CHACHA20_POLY1305_SHA256_ECDHE-ECDSA-AES128-GCM_ECDHE-RSA-AES128-GCM_ECDHE-ECDSA-AES256-GCM_ECDHE-RSA-AES256-GCM_ECDHE-ECDSA-CHACHA20_ECDHE-RSA-CHACHA20_ECDHE-RSA-AES128-CBC_ECDHE-RSA-AES256-CBC_RSA-AES128-GCM_RSA-AES256-GCM_RSA-AES128-CBC_RSA-AES256-CBC,4,True,0.0,"2570,4588,29,23,24",X25519MLKEM768_x25519_secp256r1_secp384r1,8,False,,"1027,2052,1025,1283,2053,1281,2054,1537",ecdsa_secp256r1_sha256_rsa_pss_rsae_sha256_rsa_pkcs1_sha256_ecdsa_secp384r1_sha384_rsa_pss_rsae_sha384_rsa_pkcs1_sha384_rsa_pss_rsae_sha512_rsa_pkcs1_sha512,True,t13d1516h2,8daaf6152771,d8a2da3f94cd,t,13,d,15,16,h2,"1:65536;2:0;4:6291456;6:262144|15663105|1:1:0:256,3:1:0:220|m,a,s,p",1:65536;2:0;4:6291456;6:262144,15663105.0,"1:1:0:256,3:1:0:220","m,a,s,p",2.0,65536.0,0.0,,6291456.0,,262144.0,":method,:authority,:scheme,:path"
trial-028,eb17658e-b407-4260-9984-39f56e33fd7f,2026-05-02 13:58:02.659371958+00:00,205.172.168.145,GET,/subscribe-v2.html,HTTP/2.0,0.454,TLS 1.3,h2,TLS_AES_128_GCM_SHA256,uxbehaviorsuite.com,True,0a430b067fcfa832b1245d9bd816ccfd,t13d1516h2_8daaf6152771_d8a2da3f94cd,"h2,http/1.1",h2,2,True,True,0.0,h2_first,"2570,772,771","TLS 1.3,TLS 1.2",2,True,True,True,False,0.0,TLS1.3+TLS1.2,True,15,True,0.0,"2570,4865,4866,4867,49195,49199,49196,49200,52393,52392,49171,49172,156,157,47,53",TLS_AES_128_GCM_SHA256_TLS_AES_256_GCM_SHA384_TLS_CHACHA20_POLY1305_SHA256_ECDHE-ECDSA-AES128-GCM_ECDHE-RSA-AES128-GCM_ECDHE-ECDSA-AES256-GCM_ECDHE-RSA-AES256-GCM_ECDHE-ECDSA-CHACHA20_ECDHE-RSA-CHACHA20_ECDHE-RSA-AES128-CBC_ECDHE-RSA-AES256-CBC_RSA-AES128-GCM_RSA-AES256-GCM_RSA-AES128-CBC_RSA-AES256-CBC,4,True,0.0,"2570,4588,29,23,24",X25519MLKEM768_x25519_secp256r1_secp384r1,8,False,,"1027,2052,1025,1283,2053,1281,2054,1537",ecdsa_secp256r1_sha256_rsa_pss_rsae_sha256_rsa_pkcs1_sha256_ecdsa_secp384r1_sha384_rsa_pss_rsae_sha384_rsa_pkcs1_sha384_rsa_pss_rsae_sha512_rsa_pkcs1_sha512,True,t13d1516h2,8daaf6152771,d8a2da3f94cd,t,13,d,15,16,h2,"1:65536;2:0;4:6291456;6:262144|15663105|1:1:0:256,3:1:0:220,5:1:0:256,7:1:5:110|m,a,s,p",1:65536;2:0;4:6291456;6:262144,15663105.0,"1:1:0:256,3:1:0:220,5:1:0:256,7:1:5:110","m,a,s,p",4.0,65536.0,0.0,,6291456.0,,262144.0,":method,:authority,:scheme,:path"
trial-028,c93f11f9-2174-4e8b-84a1-2b2db882b435,2026-05-02 13:58:02.659469808+00:00,205.172.168.145,POST,/collect,HTTP/2.0,0.683,TLS 1.3,h2,TLS_AES_128_GCM_SHA256,uxbehaviorsuite.com,True,0a430b067fcfa832b1245d9bd816ccfd,t13d1516h2_8daaf6152771_d8a2da3f94cd,"h2,http/1.1",h2,2,True,True,0.0,h2_first,"2570,772,771","TLS 1.3,TLS 1.2",2,True,True,True,False,0.0,TLS1.3+TLS1.2,True,15,True,0.0,"2570,4865,4866,4867,49195,49199,49196,49200,52393,52392,49171,49172,156,157,47,53",TLS_AES_128_GCM_SHA256_TLS_AES_256_GCM_SHA384_TLS_CHACHA20_POLY1305_SHA256_ECDHE-ECDSA-AES128-GCM_ECDHE-RSA-AES128-GCM_ECDHE-ECDSA-AES256-GCM_ECDHE-RSA-AES256-GCM_ECDHE-ECDSA-CHACHA20_ECDHE-RSA-CHACHA20_ECDHE-RSA-AES128-CBC_ECDHE-RSA-AES256-CBC_RSA-AES128-GCM_RSA-AES256-GCM_RSA-AES128-CBC_RSA-AES256-CBC,4,True,0.0,"2570,4588,29,23,24",X25519MLKEM768_x25519_secp256r1_secp384r1,8,False,,"1027,2052,1025,1283,2053,1281,2054,1537",ecdsa_secp256r1_sha256_rsa_pss_rsae_sha256_rsa_pkcs1_sha256_ecdsa_secp384r1_sha384_rsa_pss_rsae_sha384_rsa_pkcs1_sha384_rsa_pss_rsae_sha512_rsa_pkcs1_sha512,True,t13d1516h2,8daaf6152771,d8a2da3f94cd,t,13,d,15,16,h2,"1:65536;2:0;4:6291456;6:262144|15663105|1:1:0:256,3:1:0:220,5:1:0:256,7:1:5:110|m,a,s,p",1:65536;2:0;4:6291456;6:262144,15663105.0,"1:1:0:256,3:1:0:220,5:1:0:256,7:1:5:110","m,a,s,p",4.0,65536.0,0.0,,6291456.0,,262144.0,":method,:authority,:scheme,:path"
trial-028,4cdb952c-7f45-4f34-9a18-d79aaa9110da,2026-05-02 13:58:02.682334744+00:00,205.172.168.145,POST,/collect,HTTP/2.0,0.281,TLS 1.3,h2,TLS_AES_128_GCM_SHA256,uxbehaviorsuite.com,True,0a430b067fcfa832b1245d9bd816ccfd,t13d1516h2_8daaf6152771_d8a2da3f94cd,"h2,http/1.1",h2,2,True,True,0.0,h2_first,"2570,772,771","TLS 1.3,TLS 1.2",2,True,True,True,False,0.0,TLS1.3+TLS1.2,True,15,True,0.0,"2570,4865,4866,4867,49195,49199,49196,49200,52393,52392,49171,49172,156,157,47,53",TLS_AES_128_GCM_SHA256_TLS_AES_256_GCM_SHA384_TLS_CHACHA20_POLY1305_SHA256_ECDHE-ECDSA-AES128-GCM_ECDHE-RSA-AES128-GCM_ECDHE-ECDSA-AES256-GCM_ECDHE-RSA-AES256-GCM_ECDHE-ECDSA-CHACHA20_ECDHE-RSA-CHACHA20_ECDHE-RSA-AES128-CBC_ECDHE-RSA-AES256-CBC_RSA-AES128-GCM_RSA-AES256-GCM_RSA-AES128-CBC_RSA-AES256-CBC,4,True,0.0,"2570,4588,29,23,24",X25519MLKEM768_x25519_secp256r1_secp384r1,8,False,,"1027,2052,1025,1283,2053,1281,2054,1537",ecdsa_secp256r1_sha256_rsa_pss_rsae_sha256_rsa_pkcs1_sha256_ecdsa_secp384r1_sha384_rsa_pss_rsae_sha384_rsa_pkcs1_sha384_rsa_pss_rsae_sha512_rsa_pkcs1_sha512,True,t13d1516h2,8daaf6152771,d8a2da3f94cd,t,13,d,15,16,h2,"1:65536;2:0;4:6291456;6:262144|15663105|1:1:0:256,3:1:0:220,5:1:0:256,7:1:5:110,9:1:7:110|m,a,s,p",1:65536;2:0;4:6291456;6:262144,15663105.0,"1:1:0:256,3:1:0:220,5:1:0:256,7:1:5:110,9:1:7:110","m,a,s,p",5.0,65536.0,0.0,,6291456.0,,262144.0,":method,:authority,:scheme,:path"
trial-028,8a99de0d-2ea0-4c71-84bf-1e9a0fe6ab2d,2026-05-02 13:58:02.685528424+00:00,205.172.168.145,POST,/collect,HTTP/2.0,0.205,TLS 1.3,h2,TLS_AES_128_GCM_SHA256,uxbehaviorsuite.com,True,0a430b067fcfa832b1245d9bd816ccfd,t13d1516h2_8daaf6152771_d8a2da3f94cd,"h2,http/1.1",h2,2,True,True,0.0,h2_first,"2570,772,771","TLS 1.3,TLS 1.2",2,True,True,True,False,0.0,TLS1.3+TLS1.2,True,15,True,0.0,"2570,4865,4866,4867,49195,49199,49196,49200,52393,52392,49171,49172,156,157,47,53",TLS_AES_128_GCM_SHA256_TLS_AES_256_GCM_SHA384_TLS_CHACHA20_POLY1305_SHA256_ECDHE-ECDSA-AES128-GCM_ECDHE-RSA-AES128-GCM_ECDHE-ECDSA-AES256-GCM_ECDHE-RSA-AES256-GCM_ECDHE-ECDSA-CHACHA20_ECDHE-RSA-CHACHA20_ECDHE-RSA-AES128-CBC_ECDHE-RSA-AES256-CBC_RSA-AES128-GCM_RSA-AES256-GCM_RSA-AES128-CBC_RSA-AES256-CBC,4,True,0.0,"2570,4588,29,23,24",X25519MLKEM768_x25519_secp256r1_secp384r1,8,False,,"1027,2052,1025,1283,2053,1281,2054,1537",ecdsa_secp256r1_sha256_rsa_pss_rsae_sha256_rsa_pkcs1_sha256_ecdsa_secp384r1_sha384_rsa_pss_rsae_sha384_rsa_pkcs1_sha384_rsa_pss_rsae_sha512_rsa_pkcs1_sha512,True,t13d1516h2,8daaf6152771,d8a2da3f94cd,t,13,d,15,16,h2,"1:65536;2:0;4:6291456;6:262144|15663105|1:1:0:256,3:1:0:220,5:1:0:256,7:1:5:110,9:1:7:110,11:1:9:110|m,a,s,p",1:65536;2:0;4:6291456;6:262144,15663105.0,"1:1:0:256,3:1:0:220,5:1:0:256,7:1:5:110,9:1:7:110,11:1:9:110","m,a,s,p",6.0,65536.0,0.0,,6291456.0,,262144.0,":method,:authority,:scheme,:path"
trial-028,469baa2c-fa02-40a4-bce3-06fd3ad0a179,2026-05-02 13:59:21.375001022+00:00,205.172.168.145,GET,/subscribe-v3.html,HTTP/2.0,0.479,TLS 1.3,h2,TLS_AES_128_GCM_SHA256,uxbehaviorsuite.com,True,0a430b067fcfa832b1245d9bd816ccfd,t13d1516h2_8daaf6152771_d8a2da3f94cd,"h2,http/1.1",h2,2,True,True,0.0,h2_first,"2570,772,771","TLS 1.3,TLS 1.2",2,True,True,True,False,0.0,TLS1.3+TLS1.2,True,15,True,0.0,"2570,4865,4866,4867,49195,49199,49196,49200,52393,52392,49171,49172,156,157,47,53",TLS_AES_128_GCM_SHA256_TLS_AES_256_GCM_SHA384_TLS_CHACHA20_POLY1305_SHA256_ECDHE-ECDSA-AES128-GCM_ECDHE-RSA-AES128-GCM_ECDHE-ECDSA-AES256-GCM_ECDHE-RSA-AES256-GCM_ECDHE-ECDSA-CHACHA20_ECDHE-RSA-CHACHA20_ECDHE-RSA-AES128-CBC_ECDHE-RSA-AES256-CBC_RSA-AES128-GCM_RSA-AES256-GCM_RSA-AES128-CBC_RSA-AES256-CBC,4,True,0.0,"2570,4588,29,23,24",X25519MLKEM768_x25519_secp256r1_secp384r1,8,False,,"1027,2052,1025,1283,2053,1281,2054,1537",ecdsa_secp256r1_sha256_rsa_pss_rsae_sha256_rsa_pkcs1_sha256_ecdsa_secp384r1_sha384_rsa_pss_rsae_sha384_rsa_pkcs1_sha384_rsa_pss_rsae_sha512_rsa_pkcs1_sha512,True,t13d1516h2,8daaf6152771,d8a2da3f94cd,t,13,d,15,16,h2,"1:65536;2:0;4:6291456;6:262144|15663105|1:1:0:256,3:1:0:220,5:1:0:256,7:1:5:110,9:1:7:110,11:1:9:110,13:1:0:256|m,a,s,p",1:65536;2:0;4:6291456;6:262144,15663105.0,"1:1:0:256,3:1:0:220,5:1:0:256,7:1:5:110,9:1:7:110,11:1:9:110,13:1:0:256","m,a,s,p",7.0,65536.0,0.0,,6291456.0,,262144.0,":method,:authority,:scheme,:path"
trial-028,dceac5fa-8934-4ca9-bb86-d59575ce4ca4,2026-05-02 13:59:21.375545436+00:00,205.172.168.145,POST,/collect,HTTP/2.0,0.423,TLS 1.3,h2,TLS_AES_128_GCM_SHA256,uxbehaviorsuite.com,True,0a430b067fcfa832b1245d9bd816ccfd,t13d1516h2_8daaf6152771_d8a2da3f94cd,"h2,http/1.1",h2,2,True,True,0.0,h2_first,"2570,772,771","TLS 1.3,TLS 1.2",2,True,True,True,False,0.0,TLS1.3+TLS1.2,True,15,True,0.0,"2570,4865,4866,4867,49195,49199,49196,49200,52393,52392,49171,49172,156,157,47,53",TLS_AES_128_GCM_SHA256_TLS_AES_256_GCM_SHA384_TLS_CHACHA20_POLY1305_SHA256_ECDHE-ECDSA-AES128-GCM_ECDHE-RSA-AES128-GCM_ECDHE-ECDSA-AES256-GCM_ECDHE-RSA-AES256-GCM_ECDHE-ECDSA-CHACHA20_ECDHE-RSA-CHACHA20_ECDHE-RSA-AES128-CBC_ECDHE-RSA-AES256-CBC_RSA-AES128-GCM_RSA-AES256-GCM_RSA-AES128-CBC_RSA-AES256-CBC,4,True,0.0,"2570,4588,29,23,24",X25519MLKEM768_x25519_secp256r1_secp384r1,8,False,,"1027,2052,1025,1283,2053,1281,2054,1537",ecdsa_secp256r1_sha256_rsa_pss_rsae_sha256_rsa_pkcs1_sha256_ecdsa_secp384r1_sha384_rsa_pss_rsae_sha384_rsa_pkcs1_sha384_rsa_pss_rsae_sha512_rsa_pkcs1_sha512,True,t13d1516h2,8daaf6152771,d8a2da3f94cd,t,13,d,15,16,h2,"1:65536;2:0;4:6291456;6:262144|15663105|1:1:0:256,3:1:0:220,5:1:0:256,7:1:5:110,9:1:7:110,11:1:9:110,13:1:0:256,15:1:13:110|m,a,s,p",1:65536;2:0;4:6291456;6:262144,15663105.0,"1:1:0:256,3:1:0:220,5:1:0:256,7:1:5:110,9:1:7:110,11:1:9:110,13:1:0:256,15:1:13:110","m,a,s,p",8.0,65536.0,0.0,,6291456.0,,262144.0,":method,:authority,:scheme,:path"
trial-028,19cfa809-a983-4e3e-8d4f-fd4bb769ba6d,2026-05-02 13:59:21.395503346+00:00,205.172.168.145,POST,/collect,HTTP/2.0,0.287,TLS 1.3,h2,TLS_AES_128_GCM_SHA256,uxbehaviorsuite.com,True,0a430b067fcfa832b1245d9bd816ccfd,t13d1516h2_8daaf6152771_d8a2da3f94cd,"h2,http/1.1",h2,2,True,True,0.0,h2_first,"2570,772,771","TLS 1.3,TLS 1.2",2,True,True,True,False,0.0,TLS1.3+TLS1.2,True,15,True,0.0,"2570,4865,4866,4867,49195,49199,49196,49200,52393,52392,49171,49172,156,157,47,53",TLS_AES_128_GCM_SHA256_TLS_AES_256_GCM_SHA384_TLS_CHACHA20_POLY1305_SHA256_ECDHE-ECDSA-AES128-GCM_ECDHE-RSA-AES128-GCM_ECDHE-ECDSA-AES256-GCM_ECDHE-RSA-AES256-GCM_ECDHE-ECDSA-CHACHA20_ECDHE-RSA-CHACHA20_ECDHE-RSA-AES128-CBC_ECDHE-RSA-AES256-CBC_RSA-AES128-GCM_RSA-AES256-GCM_RSA-AES128-CBC_RSA-AES256-CBC,4,True,0.0,"2570,4588,29,23,24",X25519MLKEM768_x25519_secp256r1_secp384r1,8,False,,"1027,2052,1025,1283,2053,1281,2054,1537",ecdsa_secp256r1_sha256_rsa_pss_rsae_sha256_rsa_pkcs1_sha256_ecdsa_secp384r1_sha384_rsa_pss_rsae_sha384_rsa_pkcs1_sha384_rsa_pss_rsae_sha512_rsa_pkcs1_sha512,True,t13d1516h2,8daaf6152771,d8a2da3f94cd,t,13,d,15,16,h2,"1:65536;2:0;4:6291456;6:262144|15663105|1:1:0:256,3:1:0:220,5:1:0:256,7:1:5:110,9:1:7:110,11:1:9:110,13:1:0:256,15:1:13:110,17:1:15:110|m,a,s,p",1:65536;2:0;4:6291456;6:262144,15663105.0,"1:1:0:256,3:1:0:220,5:1:0:256,7:1:5:110,9:1:7:110,11:1:9:110,13:1:0:256,15:1:13:110,17:1:15:110","m,a,s,p",9.0,65536.0,0.0,,6291456.0,,262144.0,":method,:authority,:scheme,:path"
trial-028,f49b4486-630f-4548-b6cd-7043a4cab56b,2026-05-02 13:59:21.395936117+00:00,205.172.168.145,POST,/collect,HTTP/2.0,0.248,TLS 1.3,h2,TLS_AES_128_GCM_SHA256,uxbehaviorsuite.com,True,0a430b067fcfa832b1245d9bd816ccfd,t13d1516h2_8daaf6152771_d8a2da3f94cd,"h2,http/1.1",h2,2,True,True,0.0,h2_first,"2570,772,771","TLS 1.3,TLS 1.2",2,True,True,True,False,0.0,TLS1.3+TLS1.2,True,15,True,0.0,"2570,4865,4866,4867,49195,49199,49196,49200,52393,52392,49171,49172,156,157,47,53",TLS_AES_128_GCM_SHA256_TLS_AES_256_GCM_SHA384_TLS_CHACHA20_POLY1305_SHA256_ECDHE-ECDSA-AES128-GCM_ECDHE-RSA-AES128-GCM_ECDHE-ECDSA-AES256-GCM_ECDHE-RSA-AES256-GCM_ECDHE-ECDSA-CHACHA20_ECDHE-RSA-CHACHA20_ECDHE-RSA-AES128-CBC_ECDHE-RSA-AES256-CBC_RSA-AES128-GCM_RSA-AES256-GCM_RSA-AES128-CBC_RSA-AES256-CBC,4,True,0.0,"2570,4588,29,23,24",X25519MLKEM768_x25519_secp256r1_secp384r1,8,False,,"1027,2052,1025,1283,2053,1281,2054,1537",ecdsa_secp256r1_sha256_rsa_pss_rsae_sha256_rsa_pkcs1_sha256_ecdsa_secp384r1_sha384_rsa_pss_rsae_sha384_rsa_pkcs1_sha384_rsa_pss_rsae_sha512_rsa_pkcs1_sha512,True,t13d1516h2,8daaf6152771,d8a2da3f94cd,t,13,d,15,16,h2,"1:65536;2:0;4:6291456;6:262144|15663105|1:1:0:256,3:1:0:220,5:1:0:256,7:1:5:110,9:1:7:110,11:1:9:110,13:1:0:256,15:1:13:110,17:1:15:110,19:1:17:110|m,a,s,p",1:65536;2:0;4:6291456;6:262144,15663105.0,"1:1:0:256,3:1:0:220,5:1:0:256,7:1:5:110,9:1:7:110,11:1:9:110,13:1:0:256,15:1:13:110,17:1:15:110,19:1:17:110","m,a,s,p",10.0,65536.0,0.0,,6291456.0,,262144.0,":method,:authority,:scheme,:path"
trial-028,9275ab84-497e-42c5-8af5-e549fadab61a,2026-05-02 13:59:46.793423583+00:00,104.248.87.191,GET,/.git/config,HTTP/1.1,0.129,TLS 1.3,http/1.1,TLS_AES_128_GCM_SHA256,,False,f80d3d09f61892c5846c854dd84ac403,t13i4311h1_c7886603b240_b26ce05bbdd6,http/1.1,http/1.1,1,False,True,,http11_only,"772,771","TLS 1.3,TLS 1.2",2,False,True,True,False,,TLS1.3+TLS1.2,True,43,False,,"4866,4867,4865,49196,49200,49195,49199,52393,52392,159,158,52394,49327,49325,49326,49324,49188,49192,49187,49191,49162,49172,49161,49171,49315,49311,49314,49310,107,103,57,51,157,156,49313,49309,49312,49308,61,60,53,47,255",TLS_AES_256_GCM_SHA384_TLS_CHACHA20_POLY1305_SHA256_TLS_AES_128_GCM_SHA256_ECDHE-ECDSA-AES256-GCM_ECDHE-RSA-AES256-GCM_ECDHE-ECDSA-AES128-GCM_ECDHE-RSA-AES128-GCM_ECDHE-ECDSA-CHACHA20_ECDHE-RSA-CHACHA20_159_158_52394_49327_49325_49326_49324_49188_49192_49187_49191_49162_ECDHE-RSA-AES256-CBC_49161_ECDHE-RSA-AES128-CBC_49315_49311_49314_49310_107_103_57_51_RSA-AES256-GCM_RSA-AES128-GCM_49313_49309_49312_49308_61_60_RSA-AES256-CBC_RSA-AES128-CBC_EMPTY_RENEGOTIATION,10,False,,"29,23,30,25,24,256,257,258,259,260",x25519_secp256r1_30_secp521r1_secp384r1_256_257_258_259_260,20,False,,"1027,1283,1539,2055,2056,2057,2058,2059,2052,2053,2054,1025,1281,1537,771,769,770,1026,1282,1538",ecdsa_secp256r1_sha256_ecdsa_secp384r1_sha384_1539_2055_2056_2057_2058_2059_rsa_pss_rsae_sha256_rsa_pss_rsae_sha384_rsa_pss_rsae_sha512_rsa_pkcs1_sha256_rsa_pkcs1_sha384_rsa_pkcs1_sha512_771_769_770_1026_1282_1538,False,t13i4311h1,c7886603b240,b26ce05bbdd6,t,13,i,43,11,h1,,,,,,,,,,,,,
trial-028,f65d75db-3e60-436b-a75e-8865bf83f7ca,2026-05-02 14:01:16.698465585+00:00,205.172.168.145,GET,/s2-scroll-gate.html,HTTP/2.0,0.624,TLS 1.3,h2,TLS_AES_128_GCM_SHA256,uxbehaviorsuite.com,True,0a430b067fcfa832b1245d9bd816ccfd,t13d1516h2_8daaf6152771_d8a2da3f94cd,"h2,http/1.1",h2,2,True,True,0.0,h2_first,"2570,772,771","TLS 1.3,TLS 1.2",2,True,True,True,False,0.0,TLS1.3+TLS1.2,True,15,True,0.0,"2570,4865,4866,4867,49195,49199,49196,49200,52393,52392,49171,49172,156,157,47,53",TLS_AES_128_GCM_SHA256_TLS_AES_256_GCM_SHA384_TLS_CHACHA20_POLY1305_SHA256_ECDHE-ECDSA-AES128-GCM_ECDHE-RSA-AES128-GCM_ECDHE-ECDSA-AES256-GCM_ECDHE-RSA-AES256-GCM_ECDHE-ECDSA-CHACHA20_ECDHE-RSA-CHACHA20_ECDHE-RSA-AES128-CBC_ECDHE-RSA-AES256-CBC_RSA-AES128-GCM_RSA-AES256-GCM_RSA-AES128-CBC_RSA-AES256-CBC,4,True,0.0,"2570,4588,29,23,24",X25519MLKEM768_x25519_secp256r1_secp384r1,8,False,,"1027,2052,1025,1283,2053,1281,2054,1537",ecdsa_secp256r1_sha256_rsa_pss_rsae_sha256_rsa_pkcs1_sha256_ecdsa_secp384r1_sha384_rsa_pss_rsae_sha384_rsa_pkcs1_sha384_rsa_pss_rsae_sha512_rsa_pkcs1_sha512,True,t13d1516h2,8daaf6152771,d8a2da3f94cd,t,13,d,15,16,h2,"1:65536;2:0;4:6291456;6:262144|15663105|1:1:0:256,3:1:0:220,5:1:0:256,7:1:5:110,9:1:7:110,11:1:9:110,13:1:0:256,15:1:13:110,17:1:15:110,19:1:17:110,21:1:0:256|m,a,s,p",1:65536;2:0;4:6291456;6:262144,15663105.0,"1:1:0:256,3:1:0:220,5:1:0:256,7:1:5:110,9:1:7:110,11:1:9:110,13:1:0:256,15:1:13:110,17:1:15:110,19:1:17:110,21:1:0:256","m,a,s,p",11.0,65536.0,0.0,,6291456.0,,262144.0,":method,:authority,:scheme,:path"
trial-028,f2ca6be6-a09b-4965-b8f6-b84db06d488a,2026-05-02 14:01:16.698807890+00:00,205.172.168.145,POST,/collect,HTTP/2.0,0.558,TLS 1.3,h2,TLS_AES_128_GCM_SHA256,uxbehaviorsuite.com,True,0a430b067fcfa832b1245d9bd816ccfd,t13d1516h2_8daaf6152771_d8a2da3f94cd,"h2,http/1.1",h2,2,True,True,0.0,h2_first,"2570,772,771","TLS 1.3,TLS 1.2",2,True,True,True,False,0.0,TLS1.3+TLS1.2,True,15,True,0.0,"2570,4865,4866,4867,49195,49199,49196,49200,52393,52392,49171,49172,156,157,47,53",TLS_AES_128_GCM_SHA256_TLS_AES_256_GCM_SHA384_TLS_CHACHA20_POLY1305_SHA256_ECDHE-ECDSA-AES128-GCM_ECDHE-RSA-AES128-GCM_ECDHE-ECDSA-AES256-GCM_ECDHE-RSA-AES256-GCM_ECDHE-ECDSA-CHACHA20_ECDHE-RSA-CHACHA20_ECDHE-RSA-AES128-CBC_ECDHE-RSA-AES256-CBC_RSA-AES128-GCM_RSA-AES256-GCM_RSA-AES128-CBC_RSA-AES256-CBC,4,True,0.0,"2570,4588,29,23,24",X25519MLKEM768_x25519_secp256r1_secp384r1,8,False,,"1027,2052,1025,1283,2053,1281,2054,1537",ecdsa_secp256r1_sha256_rsa_pss_rsae_sha256_rsa_pkcs1_sha256_ecdsa_secp384r1_sha384_rsa_pss_rsae_sha384_rsa_pkcs1_sha384_rsa_pss_rsae_sha512_rsa_pkcs1_sha512,True,t13d1516h2,8daaf6152771,d8a2da3f94cd,t,13,d,15,16,h2,"1:65536;2:0;4:6291456;6:262144|15663105|1:1:0:256,3:1:0:220,5:1:0:256,7:1:5:110,9:1:7:110,11:1:9:110,13:1:0:256,15:1:13:110,17:1:15:110,19:1:17:110,21:1:0:256,23:1:21:110|m,a,s,p",1:65536;2:0;4:6291456;6:262144,15663105.0,"1:1:0:256,3:1:0:220,5:1:0:256,7:1:5:110,9:1:7:110,11:1:9:110,13:1:0:256,15:1:13:110,17:1:15:110,19:1:17:110,21:1:0:256,23:1:21:110","m,a,s,p",12.0,65536.0,0.0,,6291456.0,,262144.0,":method,:authority,:scheme,:path"
trial-028,37bb36f3-9f9f-45dc-8fd2-35d9bcc4f465,2026-05-02 14:01:16.730982474+00:00,205.172.168.145,POST,/collect,HTTP/2.0,0.273,TLS 1.3,h2,TLS_AES_128_GCM_SHA256,uxbehaviorsuite.com,True,0a430b067fcfa832b1245d9bd816ccfd,t13d1516h2_8daaf6152771_d8a2da3f94cd,"h2,http/1.1",h2,2,True,True,0.0,h2_first,"2570,772,771","TLS 1.3,TLS 1.2",2,True,True,True,False,0.0,TLS1.3+TLS1.2,True,15,True,0.0,"2570,4865,4866,4867,49195,49199,49196,49200,52393,52392,49171,49172,156,157,47,53",TLS_AES_128_GCM_SHA256_TLS_AES_256_GCM_SHA384_TLS_CHACHA20_POLY1305_SHA256_ECDHE-ECDSA-AES128-GCM_ECDHE-RSA-AES128-GCM_ECDHE-ECDSA-AES256-GCM_ECDHE-RSA-AES256-GCM_ECDHE-ECDSA-CHACHA20_ECDHE-RSA-CHACHA20_ECDHE-RSA-AES128-CBC_ECDHE-RSA-AES256-CBC_RSA-AES128-GCM_RSA-AES256-GCM_RSA-AES128-CBC_RSA-AES256-CBC,4,True,0.0,"2570,4588,29,23,24",X25519MLKEM768_x25519_secp256r1_secp384r1,8,False,,"1027,2052,1025,1283,2053,1281,2054,1537",ecdsa_secp256r1_sha256_rsa_pss_rsae_sha256_rsa_pkcs1_sha256_ecdsa_secp384r1_sha384_rsa_pss_rsae_sha384_rsa_pkcs1_sha384_rsa_pss_rsae_sha512_rsa_pkcs1_sha512,True,t13d1516h2,8daaf6152771,d8a2da3f94cd,t,13,d,15,16,h2,"1:65536;2:0;4:6291456;6:262144|15663105|1:1:0:256,3:1:0:220,5:1:0:256,7:1:5:110,9:1:7:110,11:1:9:110,13:1:0:256,15:1:13:110,17:1:15:110,19:1:17:110,21:1:0:256,23:1:21:110,25:1:23:110|m,a,s,p",1:65536;2:0;4:6291456;6:262144,15663105.0,"1:1:0:256,3:1:0:220,5:1:0:256,7:1:5:110,9:1:7:110,11:1:9:110,13:1:0:256,15:1:13:110,17:1:15:110,19:1:17:110,21:1:0:256,23:1:21:110,25:1:23:110","m,a,s,p",13.0,65536.0,0.0,,6291456.0,,262144.0,":method,:authority,:scheme,:path"
trial-028,bb6ff295-7c19-46dd-8725-8b4a0204a191,2026-05-02 14:01:16.734459098+00:00,205.172.168.145,POST,/collect,HTTP/2.0,0.209,TLS 1.3,h2,TLS_AES_128_GCM_SHA256,uxbehaviorsuite.com,True,0a430b067fcfa832b1245d9bd816ccfd,t13d1516h2_8daaf6152771_d8a2da3f94cd,"h2,http/1.1",h2,2,True,True,0.0,h2_first,"2570,772,771","TLS 1.3,TLS 1.2",2,True,True,True,False,0.0,TLS1.3+TLS1.2,True,15,True,0.0,"2570,4865,4866,4867,49195,49199,49196,49200,52393,52392,49171,49172,156,157,47,53",TLS_AES_128_GCM_SHA256_TLS_AES_256_GCM_SHA384_TLS_CHACHA20_POLY1305_SHA256_ECDHE-ECDSA-AES128-GCM_ECDHE-RSA-AES128-GCM_ECDHE-ECDSA-AES256-GCM_ECDHE-RSA-AES256-GCM_ECDHE-ECDSA-CHACHA20_ECDHE-RSA-CHACHA20_ECDHE-RSA-AES128-CBC_ECDHE-RSA-AES256-CBC_RSA-AES128-GCM_RSA-AES256-GCM_RSA-AES128-CBC_RSA-AES256-CBC,4,True,0.0,"2570,4588,29,23,24",X25519MLKEM768_x25519_secp256r1_secp384r1,8,False,,"1027,2052,1025,1283,2053,1281,2054,1537",ecdsa_secp256r1_sha256_rsa_pss_rsae_sha256_rsa_pkcs1_sha256_ecdsa_secp384r1_sha384_rsa_pss_rsae_sha384_rsa_pkcs1_sha384_rsa_pss_rsae_sha512_rsa_pkcs1_sha512,True,t13d1516h2,8daaf6152771,d8a2da3f94cd,t,13,d,15,16,h2,"1:65536;2:0;4:6291456;6:262144|15663105|1:1:0:256,3:1:0:220,5:1:0:256,7:1:5:110,9:1:7:110,11:1:9:110,13:1:0:256,15:1:13:110,17:1:15:110,19:1:17:110,21:1:0:256,23:1:21:110,25:1:23:110,27:1:25:110|m,a,s,p",1:65536;2:0;4:6291456;6:262144,15663105.0,"1:1:0:256,3:1:0:220,5:1:0:256,7:1:5:110,9:1:7:110,11:1:9:110,13:1:0:256,15:1:13:110,17:1:15:110,19:1:17:110,21:1:0:256,23:1:21:110,25:1:23:110,27:1:25:110","m,a,s,p",14.0,65536.0,0.0,,6291456.0,,262144.0,":method,:authority,:scheme,:path"
trial-028,6d3507b2-7b28-4a0b-bd5b-335d22d9ef4f,2026-05-02 14:02:22.380905681+00:00,205.172.168.145,GET,/s3-hover-reveal.html,HTTP/2.0,0.454,TLS 1.3,h2,TLS_AES_128_GCM_SHA256,uxbehaviorsuite.com,True,0a430b067fcfa832b1245d9bd816ccfd,t13d1516h2_8daaf6152771_d8a2da3f94cd,"h2,http/1.1",h2,2,True,True,0.0,h2_first,"2570,772,771","TLS 1.3,TLS 1.2",2,True,True,True,False,0.0,TLS1.3+TLS1.2,True,15,True,0.0,"2570,4865,4866,4867,49195,49199,49196,49200,52393,52392,49171,49172,156,157,47,53",TLS_AES_128_GCM_SHA256_TLS_AES_256_GCM_SHA384_TLS_CHACHA20_POLY1305_SHA256_ECDHE-ECDSA-AES128-GCM_ECDHE-RSA-AES128-GCM_ECDHE-ECDSA-AES256-GCM_ECDHE-RSA-AES256-GCM_ECDHE-ECDSA-CHACHA20_ECDHE-RSA-CHACHA20_ECDHE-RSA-AES128-CBC_ECDHE-RSA-AES256-CBC_RSA-AES128-GCM_RSA-AES256-GCM_RSA-AES128-CBC_RSA-AES256-CBC,4,True,0.0,"2570,4588,29,23,24",X25519MLKEM768_x25519_secp256r1_secp384r1,8,False,,"1027,2052,1025,1283,2053,1281,2054,1537",ecdsa_secp256r1_sha256_rsa_pss_rsae_sha256_rsa_pkcs1_sha256_ecdsa_secp384r1_sha384_rsa_pss_rsae_sha384_rsa_pkcs1_sha384_rsa_pss_rsae_sha512_rsa_pkcs1_sha512,True,t13d1516h2,8daaf6152771,d8a2da3f94cd,t,13,d,15,16,h2,"1:65536;2:0;4:6291456;6:262144|15663105|1:1:0:256,3:1:0:220,5:1:0:256,7:1:5:110,9:1:7:110,11:1:9:110,13:1:0:256,15:1:13:110,17:1:15:110,19:1:17:110,21:1:0:256,23:1:21:110,25:1:23:110,27:1:25:110,29:1:0:256|m,a,s,p",1:65536;2:0;4:6291456;6:262144,15663105.0,"1:1:0:256,3:1:0:220,5:1:0:256,7:1:5:110,9:1:7:110,11:1:9:110,13:1:0:256,15:1:13:110,17:1:15:110,19:1:17:110,21:1:0:256,23:1:21:110,25:1:23:110,27:1:25:110,29:1:0:256","m,a,s,p",15.0,65536.0,0.0,,6291456.0,,262144.0,":method,:authority,:scheme,:path"
trial-028,281c59fe-ff1c-4273-abbb-e19204616ec4,2026-05-02 14:02:22.381600758+00:00,205.172.168.145,POST,/collect,HTTP/2.0,0.383,TLS 1.3,h2,TLS_AES_128_GCM_SHA256,uxbehaviorsuite.com,True,0a430b067fcfa832b1245d9bd816ccfd,t13d1516h2_8daaf6152771_d8a2da3f94cd,"h2,http/1.1",h2,2,True,True,0.0,h2_first,"2570,772,771","TLS 1.3,TLS 1.2",2,True,True,True,False,0.0,TLS1.3+TLS1.2,True,15,True,0.0,"2570,4865,4866,4867,49195,49199,49196,49200,52393,52392,49171,49172,156,157,47,53",TLS_AES_128_GCM_SHA256_TLS_AES_256_GCM_SHA384_TLS_CHACHA20_POLY1305_SHA256_ECDHE-ECDSA-AES128-GCM_ECDHE-RSA-AES128-GCM_ECDHE-ECDSA-AES256-GCM_ECDHE-RSA-AES256-GCM_ECDHE-ECDSA-CHACHA20_ECDHE-RSA-CHACHA20_ECDHE-RSA-AES128-CBC_ECDHE-RSA-AES256-CBC_RSA-AES128-GCM_RSA-AES256-GCM_RSA-AES128-CBC_RSA-AES256-CBC,4,True,0.0,"2570,4588,29,23,24",X25519MLKEM768_x25519_secp256r1_secp384r1,8,False,,"1027,2052,1025,1283,2053,1281,2054,1537",ecdsa_secp256r1_sha256_rsa_pss_rsae_sha256_rsa_pkcs1_sha256_ecdsa_secp384r1_sha384_rsa_pss_rsae_sha384_rsa_pkcs1_sha384_rsa_pss_rsae_sha512_rsa_pkcs1_sha512,True,t13d1516h2,8daaf6152771,d8a2da3f94cd,t,13,d,15,16,h2,"1:65536;2:0;4:6291456;6:262144|15663105|1:1:0:256,3:1:0:220,5:1:0:256,7:1:5:110,9:1:7:110,11:1:9:110,13:1:0:256,15:1:13:110,17:1:15:110,19:1:17:110,21:1:0:256,23:1:21:110,25:1:23:110,27:1:25:110,29:1:0:256,31:1:29:110|m,a,s,p",1:65536;2:0;4:6291456;6:262144,15663105.0,"1:1:0:256,3:1:0:220,5:1:0:256,7:1:5:110,9:1:7:110,11:1:9:110,13:1:0:256,15:1:13:110,17:1:15:110,19:1:17:110,21:1:0:256,23:1:21:110,25:1:23:110,27:1:25:110,29:1:0:256,31:1:29:110","m,a,s,p",16.0,65536.0,0.0,,6291456.0,,262144.0,":method,:authority,:scheme,:path"
trial-028,39125102-6889-4dc8-822f-af5fbe52eef6,2026-05-02 14:02:22.430629949+00:00,205.172.168.145,POST,/collect,HTTP/2.0,1.307,TLS 1.3,h2,TLS_AES_128_GCM_SHA256,uxbehaviorsuite.com,True,0a430b067fcfa832b1245d9bd816ccfd,t13d1516h2_8daaf6152771_d8a2da3f94cd,"h2,http/1.1",h2,2,True,True,0.0,h2_first,"2570,772,771","TLS 1.3,TLS 1.2",2,True,True,True,False,0.0,TLS1.3+TLS1.2,True,15,True,0.0,"2570,4865,4866,4867,49195,49199,49196,49200,52393,52392,49171,49172,156,157,47,53",TLS_AES_128_GCM_SHA256_TLS_AES_256_GCM_SHA384_TLS_CHACHA20_POLY1305_SHA256_ECDHE-ECDSA-AES128-GCM_ECDHE-RSA-AES128-GCM_ECDHE-ECDSA-AES256-GCM_ECDHE-RSA-AES256-GCM_ECDHE-ECDSA-CHACHA20_ECDHE-RSA-CHACHA20_ECDHE-RSA-AES128-CBC_ECDHE-RSA-AES256-CBC_RSA-AES128-GCM_RSA-AES256-GCM_RSA-AES128-CBC_RSA-AES256-CBC,4,True,0.0,"2570,4588,29,23,24",X25519MLKEM768_x25519_secp256r1_secp384r1,8,False,,"1027,2052,1025,1283,2053,1281,2054,1537",ecdsa_secp256r1_sha256_rsa_pss_rsae_sha256_rsa_pkcs1_sha256_ecdsa_secp384r1_sha384_rsa_pss_rsae_sha384_rsa_pkcs1_sha384_rsa_pss_rsae_sha512_rsa_pkcs1_sha512,True,t13d1516h2,8daaf6152771,d8a2da3f94cd,t,13,d,15,16,h2,"1:65536;2:0;4:6291456;6:262144|15663105|1:1:0:256,3:1:0:220,5:1:0:256,7:1:5:110,9:1:7:110,11:1:9:110,13:1:0:256,15:1:13:110,17:1:15:110,19:1:17:110,21:1:0:256,23:1:21:110,25:1:23:110,27:1:25:110,29:1:0:256,31:1:29:110,33:1:0:110|m,a,s,p",1:65536;2:0;4:6291456;6:262144,15663105.0,"1:1:0:256,3:1:0:220,5:1:0:256,7:1:5:110,9:1:7:110,11:1:9:110,13:1:0:256,15:1:13:110,17:1:15:110,19:1:17:110,21:1:0:256,23:1:21:110,25:1:23:110,27:1:25:110,29:1:0:256,31:1:29:110,33:1:0:110","m,a,s,p",17.0,65536.0,0.0,,6291456.0,,262144.0,":method,:authority,:scheme,:path"
trial-028,2bc08db1-64d6-4247-b86a-f7591060a67e,2026-05-02 14:02:22.432131167+00:00,205.172.168.145,POST,/collect,HTTP/2.0,0.225,TLS 1.3,h2,TLS_AES_128_GCM_SHA256,uxbehaviorsuite.com,True,0a430b067fcfa832b1245d9bd816ccfd,t13d1516h2_8daaf6152771_d8a2da3f94cd,"h2,http/1.1",h2,2,True,True,0.0,h2_first,"2570,772,771","TLS 1.3,TLS 1.2",2,True,True,True,False,0.0,TLS1.3+TLS1.2,True,15,True,0.0,"2570,4865,4866,4867,49195,49199,49196,49200,52393,52392,49171,49172,156,157,47,53",TLS_AES_128_GCM_SHA256_TLS_AES_256_GCM_SHA384_TLS_CHACHA20_POLY1305_SHA256_ECDHE-ECDSA-AES128-GCM_ECDHE-RSA-AES128-GCM_ECDHE-ECDSA-AES256-GCM_ECDHE-RSA-AES256-GCM_ECDHE-ECDSA-CHACHA20_ECDHE-RSA-CHACHA20_ECDHE-RSA-AES128-CBC_ECDHE-RSA-AES256-CBC_RSA-AES128-GCM_RSA-AES256-GCM_RSA-AES128-CBC_RSA-AES256-CBC,4,True,0.0,"2570,4588,29,23,24",X25519MLKEM768_x25519_secp256r1_secp384r1,8,False,,"1027,2052,1025,1283,2053,1281,2054,1537",ecdsa_secp256r1_sha256_rsa_pss_rsae_sha256_rsa_pkcs1_sha256_ecdsa_secp384r1_sha384_rsa_pss_rsae_sha384_rsa_pkcs1_sha384_rsa_pss_rsae_sha512_rsa_pkcs1_sha512,True,t13d1516h2,8daaf6152771,d8a2da3f94cd,t,13,d,15,16,h2,"1:65536;2:0;4:6291456;6:262144|15663105|1:1:0:256,3:1:0:220,5:1:0:256,7:1:5:110,9:1:7:110,11:1:9:110,13:1:0:256,15:1:13:110,17:1:15:110,19:1:17:110,21:1:0:256,23:1:21:110,25:1:23:110,27:1:25:110,29:1:0:256,31:1:29:110,33:1:0:110,35:1:33:110|m,a,s,p",1:65536;2:0;4:6291456;6:262144,15663105.0,"1:1:0:256,3:1:0:220,5:1:0:256,7:1:5:110,9:1:7:110,11:1:9:110,13:1:0:256,15:1:13:110,17:1:15:110,19:1:17:110,21:1:0:256,23:1:21:110,25:1:23:110,27:1:25:110,29:1:0:256,31:1:29:110,33:1:0:110,35:1:33:110","m,a,s,p",18.0,65536.0,0.0,,6291456.0,,262144.0,":method,:authority,:scheme,:path"
trial-028,29111252-3f74-45f7-98cb-4e8627972d90,2026-05-02 14:03:25.353646420+00:00,205.172.168.145,GET,/s4-dom-mismatch.html,HTTP/2.0,0.456,TLS 1.3,h2,TLS_AES_128_GCM_SHA256,uxbehaviorsuite.com,True,0a430b067fcfa832b1245d9bd816ccfd,t13d1516h2_8daaf6152771_d8a2da3f94cd,"h2,http/1.1",h2,2,True,True,0.0,h2_first,"2570,772,771","TLS 1.3,TLS 1.2",2,True,True,True,False,0.0,TLS1.3+TLS1.2,True,15,True,0.0,"2570,4865,4866,4867,49195,49199,49196,49200,52393,52392,49171,49172,156,157,47,53",TLS_AES_128_GCM_SHA256_TLS_AES_256_GCM_SHA384_TLS_CHACHA20_POLY1305_SHA256_ECDHE-ECDSA-AES128-GCM_ECDHE-RSA-AES128-GCM_ECDHE-ECDSA-AES256-GCM_ECDHE-RSA-AES256-GCM_ECDHE-ECDSA-CHACHA20_ECDHE-RSA-CHACHA20_ECDHE-RSA-AES128-CBC_ECDHE-RSA-AES256-CBC_RSA-AES128-GCM_RSA-AES256-GCM_RSA-AES128-CBC_RSA-AES256-CBC,4,True,0.0,"2570,4588,29,23,24",X25519MLKEM768_x25519_secp256r1_secp384r1,8,False,,"1027,2052,1025,1283,2053,1281,2054,1537",ecdsa_secp256r1_sha256_rsa_pss_rsae_sha256_rsa_pkcs1_sha256_ecdsa_secp384r1_sha384_rsa_pss_rsae_sha384_rsa_pkcs1_sha384_rsa_pss_rsae_sha512_rsa_pkcs1_sha512,True,t13d1516h2,8daaf6152771,d8a2da3f94cd,t,13,d,15,16,h2,"1:65536;2:0;4:6291456;6:262144|15663105|1:1:0:256,3:1:0:220,5:1:0:256,7:1:5:110,9:1:7:110,11:1:9:110,13:1:0:256,15:1:13:110,17:1:15:110,19:1:17:110,21:1:0:256,23:1:21:110,25:1:23:110,27:1:25:110,29:1:0:256,31:1:29:110,33:1:0:110,35:1:33:110,37:1:0:256|m,a,s,p",1:65536;2:0;4:6291456;6:262144,15663105.0,"1:1:0:256,3:1:0:220,5:1:0:256,7:1:5:110,9:1:7:110,11:1:9:110,13:1:0:256,15:1:13:110,17:1:15:110,19:1:17:110,21:1:0:256,23:1:21:110,25:1:23:110,27:1:25:110,29:1:0:256,31:1:29:110,33:1:0:110,35:1:33:110,37:1:0:256","m,a,s,p",19.0,65536.0,0.0,,6291456.0,,262144.0,":method,:authority,:scheme,:path"
trial-028,dc7b7673-8934-402b-a80c-c4058501f58c,2026-05-02 14:03:25.353969296+00:00,205.172.168.145,POST,/collect,HTTP/2.0,0.293,TLS 1.3,h2,TLS_AES_128_GCM_SHA256,uxbehaviorsuite.com,True,0a430b067fcfa832b1245d9bd816ccfd,t13d1516h2_8daaf6152771_d8a2da3f94cd,"h2,http/1.1",h2,2,True,True,0.0,h2_first,"2570,772,771","TLS 1.3,TLS 1.2",2,True,True,True,False,0.0,TLS1.3+TLS1.2,True,15,True,0.0,"2570,4865,4866,4867,49195,49199,49196,49200,52393,52392,49171,49172,156,157,47,53",TLS_AES_128_GCM_SHA256_TLS_AES_256_GCM_SHA384_TLS_CHACHA20_POLY1305_SHA256_ECDHE-ECDSA-AES128-GCM_ECDHE-RSA-AES128-GCM_ECDHE-ECDSA-AES256-GCM_ECDHE-RSA-AES256-GCM_ECDHE-ECDSA-CHACHA20_ECDHE-RSA-CHACHA20_ECDHE-RSA-AES128-CBC_ECDHE-RSA-AES256-CBC_RSA-AES128-GCM_RSA-AES256-GCM_RSA-AES128-CBC_RSA-AES256-CBC,4,True,0.0,"2570,4588,29,23,24",X25519MLKEM768_x25519_secp256r1_secp384r1,8,False,,"1027,2052,1025,1283,2053,1281,2054,1537",ecdsa_secp256r1_sha256_rsa_pss_rsae_sha256_rsa_pkcs1_sha256_ecdsa_secp384r1_sha384_rsa_pss_rsae_sha384_rsa_pkcs1_sha384_rsa_pss_rsae_sha512_rsa_pkcs1_sha512,True,t13d1516h2,8daaf6152771,d8a2da3f94cd,t,13,d,15,16,h2,"1:65536;2:0;4:6291456;6:262144|15663105|1:1:0:256,3:1:0:220,5:1:0:256,7:1:5:110,9:1:7:110,11:1:9:110,13:1:0:256,15:1:13:110,17:1:15:110,19:1:17:110,21:1:0:256,23:1:21:110,25:1:23:110,27:1:25:110,29:1:0:256,31:1:29:110,33:1:0:110,35:1:33:110,37:1:0:256,39:1:37:110|m,a,s,p",1:65536;2:0;4:6291456;6:262144,15663105.0,"1:1:0:256,3:1:0:220,5:1:0:256,7:1:5:110,9:1:7:110,11:1:9:110,13:1:0:256,15:1:13:110,17:1:15:110,19:1:17:110,21:1:0:256,23:1:21:110,25:1:23:110,27:1:25:110,29:1:0:256,31:1:29:110,33:1:0:110,35:1:33:110,37:1:0:256,39:1:37:110","m,a,s,p",20.0,65536.0,0.0,,6291456.0,,262144.0,":method,:authority,:scheme,:path"
trial-028,20cf2ee1-4ee1-43da-9f3e-3bafe5ff50c3,2026-05-02 14:03:25.382265626+00:00,205.172.168.145,POST,/collect,HTTP/2.0,0.218,TLS 1.3,h2,TLS_AES_128_GCM_SHA256,uxbehaviorsuite.com,True,0a430b067fcfa832b1245d9bd816ccfd,t13d1516h2_8daaf6152771_d8a2da3f94cd,"h2,http/1.1",h2,2,True,True,0.0,h2_first,"2570,772,771","TLS 1.3,TLS 1.2",2,True,True,True,False,0.0,TLS1.3+TLS1.2,True,15,True,0.0,"2570,4865,4866,4867,49195,49199,49196,49200,52393,52392,49171,49172,156,157,47,53",TLS_AES_128_GCM_SHA256_TLS_AES_256_GCM_SHA384_TLS_CHACHA20_POLY1305_SHA256_ECDHE-ECDSA-AES128-GCM_ECDHE-RSA-AES128-GCM_ECDHE-ECDSA-AES256-GCM_ECDHE-RSA-AES256-GCM_ECDHE-ECDSA-CHACHA20_ECDHE-RSA-CHACHA20_ECDHE-RSA-AES128-CBC_ECDHE-RSA-AES256-CBC_RSA-AES128-GCM_RSA-AES256-GCM_RSA-AES128-CBC_RSA-AES256-CBC,4,True,0.0,"2570,4588,29,23,24",X25519MLKEM768_x25519_secp256r1_secp384r1,8,False,,"1027,2052,1025,1283,2053,1281,2054,1537",ecdsa_secp256r1_sha256_rsa_pss_rsae_sha256_rsa_pkcs1_sha256_ecdsa_secp384r1_sha384_rsa_pss_rsae_sha384_rsa_pkcs1_sha384_rsa_pss_rsae_sha512_rsa_pkcs1_sha512,True,t13d1516h2,8daaf6152771,d8a2da3f94cd,t,13,d,15,16,h2,"1:65536;2:0;4:6291456;6:262144|15663105|1:1:0:256,3:1:0:220,5:1:0:256,7:1:5:110,9:1:7:110,11:1:9:110,13:1:0:256,15:1:13:110,17:1:15:110,19:1:17:110,21:1:0:256,23:1:21:110,25:1:23:110,27:1:25:110,29:1:0:256,31:1:29:110,33:1:0:110,35:1:33:110,37:1:0:256,39:1:37:110,41:1:39:110,43:1:41:110|m,a,s,p",1:65536;2:0;4:6291456;6:262144,15663105.0,"1:1:0:256,3:1:0:220,5:1:0:256,7:1:5:110,9:1:7:110,11:1:9:110,13:1:0:256,15:1:13:110,17:1:15:110,19:1:17:110,21:1:0:256,23:1:21:110,25:1:23:110,27:1:25:110,29:1:0:256,31:1:29:110,33:1:0:110,35:1:33:110,37:1:0:256,39:1:37:110,41:1:39:110,43:1:41:110","m,a,s,p",22.0,65536.0,0.0,,6291456.0,,262144.0,":method,:authority,:scheme,:path"
trial-028,f9230d34-3266-4d2c-adb5-556c37d9111e,2026-05-02 14:03:25.382370241+00:00,205.172.168.145,POST,/collect,HTTP/2.0,0.227,TLS 1.3,h2,TLS_AES_128_GCM_SHA256,uxbehaviorsuite.com,True,0a430b067fcfa832b1245d9bd816ccfd,t13d1516h2_8daaf6152771_d8a2da3f94cd,"h2,http/1.1",h2,2,True,True,0.0,h2_first,"2570,772,771","TLS 1.3,TLS 1.2",2,True,True,True,False,0.0,TLS1.3+TLS1.2,True,15,True,0.0,"2570,4865,4866,4867,49195,49199,49196,49200,52393,52392,49171,49172,156,157,47,53",TLS_AES_128_GCM_SHA256_TLS_AES_256_GCM_SHA384_TLS_CHACHA20_POLY1305_SHA256_ECDHE-ECDSA-AES128-GCM_ECDHE-RSA-AES128-GCM_ECDHE-ECDSA-AES256-GCM_ECDHE-RSA-AES256-GCM_ECDHE-ECDSA-CHACHA20_ECDHE-RSA-CHACHA20_ECDHE-RSA-AES128-CBC_ECDHE-RSA-AES256-CBC_RSA-AES128-GCM_RSA-AES256-GCM_RSA-AES128-CBC_RSA-AES256-CBC,4,True,0.0,"2570,4588,29,23,24",X25519MLKEM768_x25519_secp256r1_secp384r1,8,False,,"1027,2052,1025,1283,2053,1281,2054,1537",ecdsa_secp256r1_sha256_rsa_pss_rsae_sha256_rsa_pkcs1_sha256_ecdsa_secp384r1_sha384_rsa_pss_rsae_sha384_rsa_pkcs1_sha384_rsa_pss_rsae_sha512_rsa_pkcs1_sha512,True,t13d1516h2,8daaf6152771,d8a2da3f94cd,t,13,d,15,16,h2,"1:65536;2:0;4:6291456;6:262144|15663105|1:1:0:256,3:1:0:220,5:1:0:256,7:1:5:110,9:1:7:110,11:1:9:110,13:1:0:256,15:1:13:110,17:1:15:110,19:1:17:110,21:1:0:256,23:1:21:110,25:1:23:110,27:1:25:110,29:1:0:256,31:1:29:110,33:1:0:110,35:1:33:110,37:1:0:256,39:1:37:110,41:1:39:110,43:1:41:110|m,a,s,p",1:65536;2:0;4:6291456;6:262144,15663105.0,"1:1:0:256,3:1:0:220,5:1:0:256,7:1:5:110,9:1:7:110,11:1:9:110,13:1:0:256,15:1:13:110,17:1:15:110,19:1:17:110,21:1:0:256,23:1:21:110,25:1:23:110,27:1:25:110,29:1:0:256,31:1:29:110,33:1:0:110,35:1:33:110,37:1:0:256,39:1:37:110,41:1:39:110,43:1:41:110","m,a,s,p",22.0,65536.0,0.0,,6291456.0,,262144.0,":method,:authority,:scheme,:path"
trial-028,a759fccc-c047-49d0-b1ca-bcbfe1b55b55,2026-05-02 14:04:38.316617870+00:00,205.172.168.145,GET,/s5-delayed-feedback.html,HTTP/2.0,0.426,TLS 1.3,h2,TLS_AES_128_GCM_SHA256,uxbehaviorsuite.com,True,0a430b067fcfa832b1245d9bd816ccfd,t13d1516h2_8daaf6152771_d8a2da3f94cd,"h2,http/1.1",h2,2,True,True,0.0,h2_first,"2570,772,771","TLS 1.3,TLS 1.2",2,True,True,True,False,0.0,TLS1.3+TLS1.2,True,15,True,0.0,"2570,4865,4866,4867,49195,49199,49196,49200,52393,52392,49171,49172,156,157,47,53",TLS_AES_128_GCM_SHA256_TLS_AES_256_GCM_SHA384_TLS_CHACHA20_POLY1305_SHA256_ECDHE-ECDSA-AES128-GCM_ECDHE-RSA-AES128-GCM_ECDHE-ECDSA-AES256-GCM_ECDHE-RSA-AES256-GCM_ECDHE-ECDSA-CHACHA20_ECDHE-RSA-CHACHA20_ECDHE-RSA-AES128-CBC_ECDHE-RSA-AES256-CBC_RSA-AES128-GCM_RSA-AES256-GCM_RSA-AES128-CBC_RSA-AES256-CBC,4,True,0.0,"2570,4588,29,23,24",X25519MLKEM768_x25519_secp256r1_secp384r1,8,False,,"1027,2052,1025,1283,2053,1281,2054,1537",ecdsa_secp256r1_sha256_rsa_pss_rsae_sha256_rsa_pkcs1_sha256_ecdsa_secp384r1_sha384_rsa_pss_rsae_sha384_rsa_pkcs1_sha384_rsa_pss_rsae_sha512_rsa_pkcs1_sha512,True,t13d1516h2,8daaf6152771,d8a2da3f94cd,t,13,d,15,16,h2,"1:65536;2:0;4:6291456;6:262144|15663105|1:1:0:256,3:1:0:220,5:1:0:256,7:1:5:110,9:1:7:110,11:1:9:110,13:1:0:256,15:1:13:110,17:1:15:110,19:1:17:110,21:1:0:256,23:1:21:110,25:1:23:110,27:1:25:110,29:1:0:256,31:1:29:110,33:1:0:110,35:1:33:110,37:1:0:256,39:1:37:110,41:1:39:110,43:1:41:110,45:1:0:256|m,a,s,p",1:65536;2:0;4:6291456;6:262144,15663105.0,"1:1:0:256,3:1:0:220,5:1:0:256,7:1:5:110,9:1:7:110,11:1:9:110,13:1:0:256,15:1:13:110,17:1:15:110,19:1:17:110,21:1:0:256,23:1:21:110,25:1:23:110,27:1:25:110,29:1:0:256,31:1:29:110,33:1:0:110,35:1:33:110,37:1:0:256,39:1:37:110,41:1:39:110,43:1:41:110,45:1:0:256","m,a,s,p",23.0,65536.0,0.0,,6291456.0,,262144.0,":method,:authority,:scheme,:path"
trial-028,0f0ebefe-782f-45a9-acc7-36a2de6a1c09,2026-05-02 14:04:38.317405136+00:00,205.172.168.145,POST,/collect,HTTP/2.0,0.879,TLS 1.3,h2,TLS_AES_128_GCM_SHA256,uxbehaviorsuite.com,True,0a430b067fcfa832b1245d9bd816ccfd,t13d1516h2_8daaf6152771_d8a2da3f94cd,"h2,http/1.1",h2,2,True,True,0.0,h2_first,"2570,772,771","TLS 1.3,TLS 1.2",2,True,True,True,False,0.0,TLS1.3+TLS1.2,True,15,True,0.0,"2570,4865,4866,4867,49195,49199,49196,49200,52393,52392,49171,49172,156,157,47,53",TLS_AES_128_GCM_SHA256_TLS_AES_256_GCM_SHA384_TLS_CHACHA20_POLY1305_SHA256_ECDHE-ECDSA-AES128-GCM_ECDHE-RSA-AES128-GCM_ECDHE-ECDSA-AES256-GCM_ECDHE-RSA-AES256-GCM_ECDHE-ECDSA-CHACHA20_ECDHE-RSA-CHACHA20_ECDHE-RSA-AES128-CBC_ECDHE-RSA-AES256-CBC_RSA-AES128-GCM_RSA-AES256-GCM_RSA-AES128-CBC_RSA-AES256-CBC,4,True,0.0,"2570,4588,29,23,24",X25519MLKEM768_x25519_secp256r1_secp384r1,8,False,,"1027,2052,1025,1283,2053,1281,2054,1537",ecdsa_secp256r1_sha256_rsa_pss_rsae_sha256_rsa_pkcs1_sha256_ecdsa_secp384r1_sha384_rsa_pss_rsae_sha384_rsa_pkcs1_sha384_rsa_pss_rsae_sha512_rsa_pkcs1_sha512,True,t13d1516h2,8daaf6152771,d8a2da3f94cd,t,13,d,15,16,h2,"1:65536;2:0;4:6291456;6:262144|15663105|1:1:0:256,3:1:0:220,5:1:0:256,7:1:5:110,9:1:7:110,11:1:9:110,13:1:0:256,15:1:13:110,17:1:15:110,19:1:17:110,21:1:0:256,23:1:21:110,25:1:23:110,27:1:25:110,29:1:0:256,31:1:29:110,33:1:0:110,35:1:33:110,37:1:0:256,39:1:37:110,41:1:39:110,43:1:41:110,45:1:0:256,47:1:45:110|m,a,s,p",1:65536;2:0;4:6291456;6:262144,15663105.0,"1:1:0:256,3:1:0:220,5:1:0:256,7:1:5:110,9:1:7:110,11:1:9:110,13:1:0:256,15:1:13:110,17:1:15:110,19:1:17:110,21:1:0:256,23:1:21:110,25:1:23:110,27:1:25:110,29:1:0:256,31:1:29:110,33:1:0:110,35:1:33:110,37:1:0:256,39:1:37:110,41:1:39:110,43:1:41:110,45:1:0:256,47:1:45:110","m,a,s,p",24.0,65536.0,0.0,,6291456.0,,262144.0,":method,:authority,:scheme,:path"
trial-028,c217ef53-0da8-4d47-a68b-f4700170d1e3,2026-05-02 14:04:38.366510368+00:00,205.172.168.145,POST,/collect,HTTP/2.0,0.25,TLS 1.3,h2,TLS_AES_128_GCM_SHA256,uxbehaviorsuite.com,True,0a430b067fcfa832b1245d9bd816ccfd,t13d1516h2_8daaf6152771_d8a2da3f94cd,"h2,http/1.1",h2,2,True,True,0.0,h2_first,"2570,772,771","TLS 1.3,TLS 1.2",2,True,True,True,False,0.0,TLS1.3+TLS1.2,True,15,True,0.0,"2570,4865,4866,4867,49195,49199,49196,49200,52393,52392,49171,49172,156,157,47,53",TLS_AES_128_GCM_SHA256_TLS_AES_256_GCM_SHA384_TLS_CHACHA20_POLY1305_SHA256_ECDHE-ECDSA-AES128-GCM_ECDHE-RSA-AES128-GCM_ECDHE-ECDSA-AES256-GCM_ECDHE-RSA-AES256-GCM_ECDHE-ECDSA-CHACHA20_ECDHE-RSA-CHACHA20_ECDHE-RSA-AES128-CBC_ECDHE-RSA-AES256-CBC_RSA-AES128-GCM_RSA-AES256-GCM_RSA-AES128-CBC_RSA-AES256-CBC,4,True,0.0,"2570,4588,29,23,24",X25519MLKEM768_x25519_secp256r1_secp384r1,8,False,,"1027,2052,1025,1283,2053,1281,2054,1537",ecdsa_secp256r1_sha256_rsa_pss_rsae_sha256_rsa_pkcs1_sha256_ecdsa_secp384r1_sha384_rsa_pss_rsae_sha384_rsa_pkcs1_sha384_rsa_pss_rsae_sha512_rsa_pkcs1_sha512,True,t13d1516h2,8daaf6152771,d8a2da3f94cd,t,13,d,15,16,h2,"1:65536;2:0;4:6291456;6:262144|15663105|1:1:0:256,3:1:0:220,5:1:0:256,7:1:5:110,9:1:7:110,11:1:9:110,13:1:0:256,15:1:13:110,17:1:15:110,19:1:17:110,21:1:0:256,23:1:21:110,25:1:23:110,27:1:25:110,29:1:0:256,31:1:29:110,33:1:0:110,35:1:33:110,37:1:0:256,39:1:37:110,41:1:39:110,43:1:41:110,45:1:0:256,47:1:45:110,49:1:47:110|m,a,s,p",1:65536;2:0;4:6291456;6:262144,15663105.0,"1:1:0:256,3:1:0:220,5:1:0:256,7:1:5:110,9:1:7:110,11:1:9:110,13:1:0:256,15:1:13:110,17:1:15:110,19:1:17:110,21:1:0:256,23:1:21:110,25:1:23:110,27:1:25:110,29:1:0:256,31:1:29:110,33:1:0:110,35:1:33:110,37:1:0:256,39:1:37:110,41:1:39:110,43:1:41:110,45:1:0:256,47:1:45:110,49:1:47:110","m,a,s,p",25.0,65536.0,0.0,,6291456.0,,262144.0,":method,:authority,:scheme,:path"
trial-028,2b7a8fd5-2f54-4055-b8fa-aa20df1ef668,2026-05-02 14:04:38.368303457+00:00,205.172.168.145,POST,/collect,HTTP/2.0,0.211,TLS 1.3,h2,TLS_AES_128_GCM_SHA256,uxbehaviorsuite.com,True,0a430b067fcfa832b1245d9bd816ccfd,t13d1516h2_8daaf6152771_d8a2da3f94cd,"h2,http/1.1",h2,2,True,True,0.0,h2_first,"2570,772,771","TLS 1.3,TLS 1.2",2,True,True,True,False,0.0,TLS1.3+TLS1.2,True,15,True,0.0,"2570,4865,4866,4867,49195,49199,49196,49200,52393,52392,49171,49172,156,157,47,53",TLS_AES_128_GCM_SHA256_TLS_AES_256_GCM_SHA384_TLS_CHACHA20_POLY1305_SHA256_ECDHE-ECDSA-AES128-GCM_ECDHE-RSA-AES128-GCM_ECDHE-ECDSA-AES256-GCM_ECDHE-RSA-AES256-GCM_ECDHE-ECDSA-CHACHA20_ECDHE-RSA-CHACHA20_ECDHE-RSA-AES128-CBC_ECDHE-RSA-AES256-CBC_RSA-AES128-GCM_RSA-AES256-GCM_RSA-AES128-CBC_RSA-AES256-CBC,4,True,0.0,"2570,4588,29,23,24",X25519MLKEM768_x25519_secp256r1_secp384r1,8,False,,"1027,2052,1025,1283,2053,1281,2054,1537",ecdsa_secp256r1_sha256_rsa_pss_rsae_sha256_rsa_pkcs1_sha256_ecdsa_secp384r1_sha384_rsa_pss_rsae_sha384_rsa_pkcs1_sha384_rsa_pss_rsae_sha512_rsa_pkcs1_sha512,True,t13d1516h2,8daaf6152771,d8a2da3f94cd,t,13,d,15,16,h2,"1:65536;2:0;4:6291456;6:262144|15663105|1:1:0:256,3:1:0:220,5:1:0:256,7:1:5:110,9:1:7:110,11:1:9:110,13:1:0:256,15:1:13:110,17:1:15:110,19:1:17:110,21:1:0:256,23:1:21:110,25:1:23:110,27:1:25:110,29:1:0:256,31:1:29:110,33:1:0:110,35:1:33:110,37:1:0:256,39:1:37:110,41:1:39:110,43:1:41:110,45:1:0:256,47:1:45:110,49:1:47:110,51:1:49:110|m,a,s,p",1:65536;2:0;4:6291456;6:262144,15663105.0,"1:1:0:256,3:1:0:220,5:1:0:256,7:1:5:110,9:1:7:110,11:1:9:110,13:1:0:256,15:1:13:110,17:1:15:110,19:1:17:110,21:1:0:256,23:1:21:110,25:1:23:110,27:1:25:110,29:1:0:256,31:1:29:110,33:1:0:110,35:1:33:110,37:1:0:256,39:1:37:110,41:1:39:110,43:1:41:110,45:1:0:256,47:1:45:110,49:1:47:110,51:1:49:110","m,a,s,p",26.0,65536.0,0.0,,6291456.0,,262144.0,":method,:authority,:scheme,:path"
trial-029,100745e0-85df-4388-9cc0-b042aa4ac3a2,2026-05-02 14:21:18.742775922+00:00,205.172.168.145,GET,/subscribe-v1.html,HTTP/2.0,0.445,TLS 1.3,h2,TLS_AES_128_GCM_SHA256,uxbehaviorsuite.com,True,c31e903eb3f32957a628953056ee8bec,t13d1516h2_8daaf6152771_d8a2da3f94cd,"h2,http/1.1",h2,2,True,True,0.0,h2_first,"2570,772,771","TLS 1.3,TLS 1.2",2,True,True,True,False,0.0,TLS1.3+TLS1.2,True,15,True,0.0,"2570,4865,4866,4867,49195,49199,49196,49200,52393,52392,49171,49172,156,157,47,53",TLS_AES_128_GCM_SHA256_TLS_AES_256_GCM_SHA384_TLS_CHACHA20_POLY1305_SHA256_ECDHE-ECDSA-AES128-GCM_ECDHE-RSA-AES128-GCM_ECDHE-ECDSA-AES256-GCM_ECDHE-RSA-AES256-GCM_ECDHE-ECDSA-CHACHA20_ECDHE-RSA-CHACHA20_ECDHE-RSA-AES128-CBC_ECDHE-RSA-AES256-CBC_RSA-AES128-GCM_RSA-AES256-GCM_RSA-AES128-CBC_RSA-AES256-CBC,4,True,0.0,"2570,4588,29,23,24",X25519MLKEM768_x25519_secp256r1_secp384r1,8,False,,"1027,2052,1025,1283,2053,1281,2054,1537",ecdsa_secp256r1_sha256_rsa_pss_rsae_sha256_rsa_pkcs1_sha256_ecdsa_secp384r1_sha384_rsa_pss_rsae_sha384_rsa_pkcs1_sha384_rsa_pss_rsae_sha512_rsa_pkcs1_sha512,True,t13d1516h2,8daaf6152771,d8a2da3f94cd,t,13,d,15,16,h2,"1:65536;2:0;4:6291456;6:262144|15663105|1:1:0:256|m,a,s,p",1:65536;2:0;4:6291456;6:262144,15663105.0,1:1:0:256,"m,a,s,p",1.0,65536.0,0.0,,6291456.0,,262144.0,":method,:authority,:scheme,:path"
trial-029,eebb1e8e-3745-4a9e-a4d9-22eee9114307,2026-05-02 14:21:18.789456043+00:00,205.172.168.145,GET,/logger.js,HTTP/2.0,0.37,TLS 1.3,h2,TLS_AES_128_GCM_SHA256,uxbehaviorsuite.com,True,c31e903eb3f32957a628953056ee8bec,t13d1516h2_8daaf6152771_d8a2da3f94cd,"h2,http/1.1",h2,2,True,True,0.0,h2_first,"2570,772,771","TLS 1.3,TLS 1.2",2,True,True,True,False,0.0,TLS1.3+TLS1.2,True,15,True,0.0,"2570,4865,4866,4867,49195,49199,49196,49200,52393,52392,49171,49172,156,157,47,53",TLS_AES_128_GCM_SHA256_TLS_AES_256_GCM_SHA384_TLS_CHACHA20_POLY1305_SHA256_ECDHE-ECDSA-AES128-GCM_ECDHE-RSA-AES128-GCM_ECDHE-ECDSA-AES256-GCM_ECDHE-RSA-AES256-GCM_ECDHE-ECDSA-CHACHA20_ECDHE-RSA-CHACHA20_ECDHE-RSA-AES128-CBC_ECDHE-RSA-AES256-CBC_RSA-AES128-GCM_RSA-AES256-GCM_RSA-AES128-CBC_RSA-AES256-CBC,4,True,0.0,"2570,4588,29,23,24",X25519MLKEM768_x25519_secp256r1_secp384r1,8,False,,"1027,2052,1025,1283,2053,1281,2054,1537",ecdsa_secp256r1_sha256_rsa_pss_rsae_sha256_rsa_pkcs1_sha256_ecdsa_secp384r1_sha384_rsa_pss_rsae_sha384_rsa_pkcs1_sha384_rsa_pss_rsae_sha512_rsa_pkcs1_sha512,True,t13d1516h2,8daaf6152771,d8a2da3f94cd,t,13,d,15,16,h2,"1:65536;2:0;4:6291456;6:262144|15663105|1:1:0:256,3:1:0:220|m,a,s,p",1:65536;2:0;4:6291456;6:262144,15663105.0,"1:1:0:256,3:1:0:220","m,a,s,p",2.0,65536.0,0.0,,6291456.0,,262144.0,":method,:authority,:scheme,:path"
trial-029,2e9283d6-b401-4c88-b56b-c28b0dbbacf3,2026-05-02 14:21:30.693684355+00:00,216.73.216.163,GET,/robots.txt,HTTP/2.0,0.163,TLS 1.3,h2,TLS_AES_128_GCM_SHA256,uxbehaviorsuite.com,True,9a7f2deaf5b7fa4791cabb7650f2d917,t13d1011h2_61a7ad8aa9b6_3fcd1a44f3e3,"h2,http/1.1",h2,2,True,True,0.0,h2_first,"772,771","TLS 1.3,TLS 1.2",2,False,True,True,False,,TLS1.3+TLS1.2,True,10,False,,"4866,4865,4867,49196,49195,52393,49200,49199,52392,255",TLS_AES_256_GCM_SHA384_TLS_AES_128_GCM_SHA256_TLS_CHACHA20_POLY1305_SHA256_ECDHE-ECDSA-AES256-GCM_ECDHE-ECDSA-AES128-GCM_ECDHE-ECDSA-CHACHA20_ECDHE-RSA-AES256-GCM_ECDHE-RSA-AES128-GCM_ECDHE-RSA-CHACHA20_EMPTY_RENEGOTIATION,3,False,,"29,23,24",x25519_secp256r1_secp384r1,9,False,,"1283,1027,2055,2054,2053,2052,1537,1281,1025",ecdsa_secp384r1_sha384_ecdsa_secp256r1_sha256_2055_rsa_pss_rsae_sha512_rsa_pss_rsae_sha384_rsa_pss_rsae_sha256_rsa_pkcs1_sha512_rsa_pkcs1_sha384_rsa_pkcs1_sha256,False,t13d1011h2,61a7ad8aa9b6,3fcd1a44f3e3,t,13,d,10,11,h2,"2:0;4:2097152;5:16384;6:16384|5177345|0|m,s,a,p",2:0;4:2097152;5:16384;6:16384,5177345.0,0,"m,s,a,p",1.0,,0.0,,2097152.0,16384.0,16384.0,":method,:scheme,:authority,:path"
trial-029,51e4bc70-80e1-415a-b939-f4339b8545bf,2026-05-02 14:21:30.791883712+00:00,216.73.216.163,GET,/sitemap.xml,HTTP/2.0,0.124,TLS 1.3,h2,TLS_AES_128_GCM_SHA256,uxbehaviorsuite.com,True,9a7f2deaf5b7fa4791cabb7650f2d917,t13d1011h2_61a7ad8aa9b6_3fcd1a44f3e3,"h2,http/1.1",h2,2,True,True,0.0,h2_first,"772,771","TLS 1.3,TLS 1.2",2,False,True,True,False,,TLS1.3+TLS1.2,True,10,False,,"4866,4865,4867,49196,49195,52393,49200,49199,52392,255",TLS_AES_256_GCM_SHA384_TLS_AES_128_GCM_SHA256_TLS_CHACHA20_POLY1305_SHA256_ECDHE-ECDSA-AES256-GCM_ECDHE-ECDSA-AES128-GCM_ECDHE-ECDSA-CHACHA20_ECDHE-RSA-AES256-GCM_ECDHE-RSA-AES128-GCM_ECDHE-RSA-CHACHA20_EMPTY_RENEGOTIATION,3,False,,"29,23,24",x25519_secp256r1_secp384r1,9,False,,"1283,1027,2055,2054,2053,2052,1537,1281,1025",ecdsa_secp384r1_sha384_ecdsa_secp256r1_sha256_2055_rsa_pss_rsae_sha512_rsa_pss_rsae_sha384_rsa_pss_rsae_sha256_rsa_pkcs1_sha512_rsa_pkcs1_sha384_rsa_pkcs1_sha256,False,t13d1011h2,61a7ad8aa9b6,3fcd1a44f3e3,t,13,d,10,11,h2,"2:0;4:2097152;5:16384;6:16384|5177345|0|m,s,a,p",2:0;4:2097152;5:16384;6:16384,5177345.0,0,"m,s,a,p",1.0,,0.0,,2097152.0,16384.0,16384.0,":method,:scheme,:authority,:path"
trial-029,97972ac7-b98c-42ed-82e7-2fe44bfe1616,2026-05-02 14:22:58.028098912+00:00,205.172.168.145,GET,/subscribe-v2.html,HTTP/2.0,0.413,TLS 1.3,h2,TLS_AES_128_GCM_SHA256,uxbehaviorsuite.com,True,c31e903eb3f32957a628953056ee8bec,t13d1516h2_8daaf6152771_d8a2da3f94cd,"h2,http/1.1",h2,2,True,True,0.0,h2_first,"2570,772,771","TLS 1.3,TLS 1.2",2,True,True,True,False,0.0,TLS1.3+TLS1.2,True,15,True,0.0,"2570,4865,4866,4867,49195,49199,49196,49200,52393,52392,49171,49172,156,157,47,53",TLS_AES_128_GCM_SHA256_TLS_AES_256_GCM_SHA384_TLS_CHACHA20_POLY1305_SHA256_ECDHE-ECDSA-AES128-GCM_ECDHE-RSA-AES128-GCM_ECDHE-ECDSA-AES256-GCM_ECDHE-RSA-AES256-GCM_ECDHE-ECDSA-CHACHA20_ECDHE-RSA-CHACHA20_ECDHE-RSA-AES128-CBC_ECDHE-RSA-AES256-CBC_RSA-AES128-GCM_RSA-AES256-GCM_RSA-AES128-CBC_RSA-AES256-CBC,4,True,0.0,"2570,4588,29,23,24",X25519MLKEM768_x25519_secp256r1_secp384r1,8,False,,"1027,2052,1025,1283,2053,1281,2054,1537",ecdsa_secp256r1_sha256_rsa_pss_rsae_sha256_rsa_pkcs1_sha256_ecdsa_secp384r1_sha384_rsa_pss_rsae_sha384_rsa_pkcs1_sha384_rsa_pss_rsae_sha512_rsa_pkcs1_sha512,True,t13d1516h2,8daaf6152771,d8a2da3f94cd,t,13,d,15,16,h2,"1:65536;2:0;4:6291456;6:262144|15663105|1:1:0:256,3:1:0:220,5:1:0:256,7:1:5:110|m,a,s,p",1:65536;2:0;4:6291456;6:262144,15663105.0,"1:1:0:256,3:1:0:220,5:1:0:256,7:1:5:110","m,a,s,p",4.0,65536.0,0.0,,6291456.0,,262144.0,":method,:authority,:scheme,:path"
trial-029,0dc170b9-395a-4194-86f1-0f3c474814fb,2026-05-02 14:22:58.028190736+00:00,205.172.168.145,POST,/collect,HTTP/2.0,0.453,TLS 1.3,h2,TLS_AES_128_GCM_SHA256,uxbehaviorsuite.com,True,c31e903eb3f32957a628953056ee8bec,t13d1516h2_8daaf6152771_d8a2da3f94cd,"h2,http/1.1",h2,2,True,True,0.0,h2_first,"2570,772,771","TLS 1.3,TLS 1.2",2,True,True,True,False,0.0,TLS1.3+TLS1.2,True,15,True,0.0,"2570,4865,4866,4867,49195,49199,49196,49200,52393,52392,49171,49172,156,157,47,53",TLS_AES_128_GCM_SHA256_TLS_AES_256_GCM_SHA384_TLS_CHACHA20_POLY1305_SHA256_ECDHE-ECDSA-AES128-GCM_ECDHE-RSA-AES128-GCM_ECDHE-ECDSA-AES256-GCM_ECDHE-RSA-AES256-GCM_ECDHE-ECDSA-CHACHA20_ECDHE-RSA-CHACHA20_ECDHE-RSA-AES128-CBC_ECDHE-RSA-AES256-CBC_RSA-AES128-GCM_RSA-AES256-GCM_RSA-AES128-CBC_RSA-AES256-CBC,4,True,0.0,"2570,4588,29,23,24",X25519MLKEM768_x25519_secp256r1_secp384r1,8,False,,"1027,2052,1025,1283,2053,1281,2054,1537",ecdsa_secp256r1_sha256_rsa_pss_rsae_sha256_rsa_pkcs1_sha256_ecdsa_secp384r1_sha384_rsa_pss_rsae_sha384_rsa_pkcs1_sha384_rsa_pss_rsae_sha512_rsa_pkcs1_sha512,True,t13d1516h2,8daaf6152771,d8a2da3f94cd,t,13,d,15,16,h2,"1:65536;2:0;4:6291456;6:262144|15663105|1:1:0:256,3:1:0:220,5:1:0:256,7:1:5:110|m,a,s,p",1:65536;2:0;4:6291456;6:262144,15663105.0,"1:1:0:256,3:1:0:220,5:1:0:256,7:1:5:110","m,a,s,p",4.0,65536.0,0.0,,6291456.0,,262144.0,":method,:authority,:scheme,:path"
trial-029,a27b49a2-4362-4cb5-bfca-b5e29070e22c,2026-05-02 14:22:58.059453438+00:00,205.172.168.145,POST,/collect,HTTP/2.0,0.222,TLS 1.3,h2,TLS_AES_128_GCM_SHA256,uxbehaviorsuite.com,True,c31e903eb3f32957a628953056ee8bec,t13d1516h2_8daaf6152771_d8a2da3f94cd,"h2,http/1.1",h2,2,True,True,0.0,h2_first,"2570,772,771","TLS 1.3,TLS 1.2",2,True,True,True,False,0.0,TLS1.3+TLS1.2,True,15,True,0.0,"2570,4865,4866,4867,49195,49199,49196,49200,52393,52392,49171,49172,156,157,47,53",TLS_AES_128_GCM_SHA256_TLS_AES_256_GCM_SHA384_TLS_CHACHA20_POLY1305_SHA256_ECDHE-ECDSA-AES128-GCM_ECDHE-RSA-AES128-GCM_ECDHE-ECDSA-AES256-GCM_ECDHE-RSA-AES256-GCM_ECDHE-ECDSA-CHACHA20_ECDHE-RSA-CHACHA20_ECDHE-RSA-AES128-CBC_ECDHE-RSA-AES256-CBC_RSA-AES128-GCM_RSA-AES256-GCM_RSA-AES128-CBC_RSA-AES256-CBC,4,True,0.0,"2570,4588,29,23,24",X25519MLKEM768_x25519_secp256r1_secp384r1,8,False,,"1027,2052,1025,1283,2053,1281,2054,1537",ecdsa_secp256r1_sha256_rsa_pss_rsae_sha256_rsa_pkcs1_sha256_ecdsa_secp384r1_sha384_rsa_pss_rsae_sha384_rsa_pkcs1_sha384_rsa_pss_rsae_sha512_rsa_pkcs1_sha512,True,t13d1516h2,8daaf6152771,d8a2da3f94cd,t,13,d,15,16,h2,"1:65536;2:0;4:6291456;6:262144|15663105|1:1:0:256,3:1:0:220,5:1:0:256,7:1:5:110,9:1:7:110,11:1:9:110|m,a,s,p",1:65536;2:0;4:6291456;6:262144,15663105.0,"1:1:0:256,3:1:0:220,5:1:0:256,7:1:5:110,9:1:7:110,11:1:9:110","m,a,s,p",6.0,65536.0,0.0,,6291456.0,,262144.0,":method,:authority,:scheme,:path"
trial-029,76626757-6f53-4506-9ee7-ed842b18d610,2026-05-02 14:22:58.059506498+00:00,205.172.168.145,POST,/collect,HTTP/2.0,0.413,TLS 1.3,h2,TLS_AES_128_GCM_SHA256,uxbehaviorsuite.com,True,c31e903eb3f32957a628953056ee8bec,t13d1516h2_8daaf6152771_d8a2da3f94cd,"h2,http/1.1",h2,2,True,True,0.0,h2_first,"2570,772,771","TLS 1.3,TLS 1.2",2,True,True,True,False,0.0,TLS1.3+TLS1.2,True,15,True,0.0,"2570,4865,4866,4867,49195,49199,49196,49200,52393,52392,49171,49172,156,157,47,53",TLS_AES_128_GCM_SHA256_TLS_AES_256_GCM_SHA384_TLS_CHACHA20_POLY1305_SHA256_ECDHE-ECDSA-AES128-GCM_ECDHE-RSA-AES128-GCM_ECDHE-ECDSA-AES256-GCM_ECDHE-RSA-AES256-GCM_ECDHE-ECDSA-CHACHA20_ECDHE-RSA-CHACHA20_ECDHE-RSA-AES128-CBC_ECDHE-RSA-AES256-CBC_RSA-AES128-GCM_RSA-AES256-GCM_RSA-AES128-CBC_RSA-AES256-CBC,4,True,0.0,"2570,4588,29,23,24",X25519MLKEM768_x25519_secp256r1_secp384r1,8,False,,"1027,2052,1025,1283,2053,1281,2054,1537",ecdsa_secp256r1_sha256_rsa_pss_rsae_sha256_rsa_pkcs1_sha256_ecdsa_secp384r1_sha384_rsa_pss_rsae_sha384_rsa_pkcs1_sha384_rsa_pss_rsae_sha512_rsa_pkcs1_sha512,True,t13d1516h2,8daaf6152771,d8a2da3f94cd,t,13,d,15,16,h2,"1:65536;2:0;4:6291456;6:262144|15663105|1:1:0:256,3:1:0:220,5:1:0:256,7:1:5:110,9:1:7:110,11:1:9:110|m,a,s,p",1:65536;2:0;4:6291456;6:262144,15663105.0,"1:1:0:256,3:1:0:220,5:1:0:256,7:1:5:110,9:1:7:110,11:1:9:110","m,a,s,p",6.0,65536.0,0.0,,6291456.0,,262144.0,":method,:authority,:scheme,:path"
trial-029,5ceb0630-754a-4e01-b2d7-a009b091f689,2026-05-02 14:24:42.916772527+00:00,205.172.168.145,GET,/subscribe-v3.html,HTTP/2.0,0.72,TLS 1.3,h2,TLS_AES_128_GCM_SHA256,uxbehaviorsuite.com,True,c31e903eb3f32957a628953056ee8bec,t13d1516h2_8daaf6152771_d8a2da3f94cd,"h2,http/1.1",h2,2,True,True,0.0,h2_first,"2570,772,771","TLS 1.3,TLS 1.2",2,True,True,True,False,0.0,TLS1.3+TLS1.2,True,15,True,0.0,"2570,4865,4866,4867,49195,49199,49196,49200,52393,52392,49171,49172,156,157,47,53",TLS_AES_128_GCM_SHA256_TLS_AES_256_GCM_SHA384_TLS_CHACHA20_POLY1305_SHA256_ECDHE-ECDSA-AES128-GCM_ECDHE-RSA-AES128-GCM_ECDHE-ECDSA-AES256-GCM_ECDHE-RSA-AES256-GCM_ECDHE-ECDSA-CHACHA20_ECDHE-RSA-CHACHA20_ECDHE-RSA-AES128-CBC_ECDHE-RSA-AES256-CBC_RSA-AES128-GCM_RSA-AES256-GCM_RSA-AES128-CBC_RSA-AES256-CBC,4,True,0.0,"2570,4588,29,23,24",X25519MLKEM768_x25519_secp256r1_secp384r1,8,False,,"1027,2052,1025,1283,2053,1281,2054,1537",ecdsa_secp256r1_sha256_rsa_pss_rsae_sha256_rsa_pkcs1_sha256_ecdsa_secp384r1_sha384_rsa_pss_rsae_sha384_rsa_pkcs1_sha384_rsa_pss_rsae_sha512_rsa_pkcs1_sha512,True,t13d1516h2,8daaf6152771,d8a2da3f94cd,t,13,d,15,16,h2,"1:65536;2:0;4:6291456;6:262144|15663105|1:1:0:256,3:1:0:220,5:1:0:256,7:1:5:110,9:1:7:110,11:1:9:110,13:1:0:256,15:1:13:110|m,a,s,p",1:65536;2:0;4:6291456;6:262144,15663105.0,"1:1:0:256,3:1:0:220,5:1:0:256,7:1:5:110,9:1:7:110,11:1:9:110,13:1:0:256,15:1:13:110","m,a,s,p",8.0,65536.0,0.0,,6291456.0,,262144.0,":method,:authority,:scheme,:path"
trial-029,3203018b-1167-49aa-bbd9-3b895abae7f6,2026-05-02 14:24:42.917027532+00:00,205.172.168.145,POST,/collect,HTTP/2.0,0.902,TLS 1.3,h2,TLS_AES_128_GCM_SHA256,uxbehaviorsuite.com,True,c31e903eb3f32957a628953056ee8bec,t13d1516h2_8daaf6152771_d8a2da3f94cd,"h2,http/1.1",h2,2,True,True,0.0,h2_first,"2570,772,771","TLS 1.3,TLS 1.2",2,True,True,True,False,0.0,TLS1.3+TLS1.2,True,15,True,0.0,"2570,4865,4866,4867,49195,49199,49196,49200,52393,52392,49171,49172,156,157,47,53",TLS_AES_128_GCM_SHA256_TLS_AES_256_GCM_SHA384_TLS_CHACHA20_POLY1305_SHA256_ECDHE-ECDSA-AES128-GCM_ECDHE-RSA-AES128-GCM_ECDHE-ECDSA-AES256-GCM_ECDHE-RSA-AES256-GCM_ECDHE-ECDSA-CHACHA20_ECDHE-RSA-CHACHA20_ECDHE-RSA-AES128-CBC_ECDHE-RSA-AES256-CBC_RSA-AES128-GCM_RSA-AES256-GCM_RSA-AES128-CBC_RSA-AES256-CBC,4,True,0.0,"2570,4588,29,23,24",X25519MLKEM768_x25519_secp256r1_secp384r1,8,False,,"1027,2052,1025,1283,2053,1281,2054,1537",ecdsa_secp256r1_sha256_rsa_pss_rsae_sha256_rsa_pkcs1_sha256_ecdsa_secp384r1_sha384_rsa_pss_rsae_sha384_rsa_pkcs1_sha384_rsa_pss_rsae_sha512_rsa_pkcs1_sha512,True,t13d1516h2,8daaf6152771,d8a2da3f94cd,t,13,d,15,16,h2,"1:65536;2:0;4:6291456;6:262144|15663105|1:1:0:256,3:1:0:220,5:1:0:256,7:1:5:110,9:1:7:110,11:1:9:110,13:1:0:256,15:1:13:110|m,a,s,p",1:65536;2:0;4:6291456;6:262144,15663105.0,"1:1:0:256,3:1:0:220,5:1:0:256,7:1:5:110,9:1:7:110,11:1:9:110,13:1:0:256,15:1:13:110","m,a,s,p",8.0,65536.0,0.0,,6291456.0,,262144.0,":method,:authority,:scheme,:path"
trial-029,c68564ee-11b2-48ee-b29a-87b320594f83,2026-05-02 14:24:42.943418081+00:00,205.172.168.145,POST,/collect,HTTP/2.0,0.292,TLS 1.3,h2,TLS_AES_128_GCM_SHA256,uxbehaviorsuite.com,True,c31e903eb3f32957a628953056ee8bec,t13d1516h2_8daaf6152771_d8a2da3f94cd,"h2,http/1.1",h2,2,True,True,0.0,h2_first,"2570,772,771","TLS 1.3,TLS 1.2",2,True,True,True,False,0.0,TLS1.3+TLS1.2,True,15,True,0.0,"2570,4865,4866,4867,49195,49199,49196,49200,52393,52392,49171,49172,156,157,47,53",TLS_AES_128_GCM_SHA256_TLS_AES_256_GCM_SHA384_TLS_CHACHA20_POLY1305_SHA256_ECDHE-ECDSA-AES128-GCM_ECDHE-RSA-AES128-GCM_ECDHE-ECDSA-AES256-GCM_ECDHE-RSA-AES256-GCM_ECDHE-ECDSA-CHACHA20_ECDHE-RSA-CHACHA20_ECDHE-RSA-AES128-CBC_ECDHE-RSA-AES256-CBC_RSA-AES128-GCM_RSA-AES256-GCM_RSA-AES128-CBC_RSA-AES256-CBC,4,True,0.0,"2570,4588,29,23,24",X25519MLKEM768_x25519_secp256r1_secp384r1,8,False,,"1027,2052,1025,1283,2053,1281,2054,1537",ecdsa_secp256r1_sha256_rsa_pss_rsae_sha256_rsa_pkcs1_sha256_ecdsa_secp384r1_sha384_rsa_pss_rsae_sha384_rsa_pkcs1_sha384_rsa_pss_rsae_sha512_rsa_pkcs1_sha512,True,t13d1516h2,8daaf6152771,d8a2da3f94cd,t,13,d,15,16,h2,"1:65536;2:0;4:6291456;6:262144|15663105|1:1:0:256,3:1:0:220,5:1:0:256,7:1:5:110,9:1:7:110,11:1:9:110,13:1:0:256,15:1:13:110,17:1:15:110|m,a,s,p",1:65536;2:0;4:6291456;6:262144,15663105.0,"1:1:0:256,3:1:0:220,5:1:0:256,7:1:5:110,9:1:7:110,11:1:9:110,13:1:0:256,15:1:13:110,17:1:15:110","m,a,s,p",9.0,65536.0,0.0,,6291456.0,,262144.0,":method,:authority,:scheme,:path"
trial-029,0a9be804-2107-4ade-a1ce-a4db5431a2f9,2026-05-02 14:24:42.947284203+00:00,205.172.168.145,POST,/collect,HTTP/2.0,0.179,TLS 1.3,h2,TLS_AES_128_GCM_SHA256,uxbehaviorsuite.com,True,c31e903eb3f32957a628953056ee8bec,t13d1516h2_8daaf6152771_d8a2da3f94cd,"h2,http/1.1",h2,2,True,True,0.0,h2_first,"2570,772,771","TLS 1.3,TLS 1.2",2,True,True,True,False,0.0,TLS1.3+TLS1.2,True,15,True,0.0,"2570,4865,4866,4867,49195,49199,49196,49200,52393,52392,49171,49172,156,157,47,53",TLS_AES_128_GCM_SHA256_TLS_AES_256_GCM_SHA384_TLS_CHACHA20_POLY1305_SHA256_ECDHE-ECDSA-AES128-GCM_ECDHE-RSA-AES128-GCM_ECDHE-ECDSA-AES256-GCM_ECDHE-RSA-AES256-GCM_ECDHE-ECDSA-CHACHA20_ECDHE-RSA-CHACHA20_ECDHE-RSA-AES128-CBC_ECDHE-RSA-AES256-CBC_RSA-AES128-GCM_RSA-AES256-GCM_RSA-AES128-CBC_RSA-AES256-CBC,4,True,0.0,"2570,4588,29,23,24",X25519MLKEM768_x25519_secp256r1_secp384r1,8,False,,"1027,2052,1025,1283,2053,1281,2054,1537",ecdsa_secp256r1_sha256_rsa_pss_rsae_sha256_rsa_pkcs1_sha256_ecdsa_secp384r1_sha384_rsa_pss_rsae_sha384_rsa_pkcs1_sha384_rsa_pss_rsae_sha512_rsa_pkcs1_sha512,True,t13d1516h2,8daaf6152771,d8a2da3f94cd,t,13,d,15,16,h2,"1:65536;2:0;4:6291456;6:262144|15663105|1:1:0:256,3:1:0:220,5:1:0:256,7:1:5:110,9:1:7:110,11:1:9:110,13:1:0:256,15:1:13:110,17:1:15:110,19:1:17:110|m,a,s,p",1:65536;2:0;4:6291456;6:262144,15663105.0,"1:1:0:256,3:1:0:220,5:1:0:256,7:1:5:110,9:1:7:110,11:1:9:110,13:1:0:256,15:1:13:110,17:1:15:110,19:1:17:110","m,a,s,p",10.0,65536.0,0.0,,6291456.0,,262144.0,":method,:authority,:scheme,:path"
trial-029,4f441eb3-b01e-49d0-9f36-324b5b3c8f28,2026-05-02 14:26:03.162287896+00:00,205.172.168.145,GET,/s2-scroll-gate.html,HTTP/2.0,0.434,TLS 1.3,h2,TLS_AES_128_GCM_SHA256,uxbehaviorsuite.com,True,c31e903eb3f32957a628953056ee8bec,t13d1516h2_8daaf6152771_d8a2da3f94cd,"h2,http/1.1",h2,2,True,True,0.0,h2_first,"2570,772,771","TLS 1.3,TLS 1.2",2,True,True,True,False,0.0,TLS1.3+TLS1.2,True,15,True,0.0,"2570,4865,4866,4867,49195,49199,49196,49200,52393,52392,49171,49172,156,157,47,53",TLS_AES_128_GCM_SHA256_TLS_AES_256_GCM_SHA384_TLS_CHACHA20_POLY1305_SHA256_ECDHE-ECDSA-AES128-GCM_ECDHE-RSA-AES128-GCM_ECDHE-ECDSA-AES256-GCM_ECDHE-RSA-AES256-GCM_ECDHE-ECDSA-CHACHA20_ECDHE-RSA-CHACHA20_ECDHE-RSA-AES128-CBC_ECDHE-RSA-AES256-CBC_RSA-AES128-GCM_RSA-AES256-GCM_RSA-AES128-CBC_RSA-AES256-CBC,4,True,0.0,"2570,4588,29,23,24",X25519MLKEM768_x25519_secp256r1_secp384r1,8,False,,"1027,2052,1025,1283,2053,1281,2054,1537",ecdsa_secp256r1_sha256_rsa_pss_rsae_sha256_rsa_pkcs1_sha256_ecdsa_secp384r1_sha384_rsa_pss_rsae_sha384_rsa_pkcs1_sha384_rsa_pss_rsae_sha512_rsa_pkcs1_sha512,True,t13d1516h2,8daaf6152771,d8a2da3f94cd,t,13,d,15,16,h2,"1:65536;2:0;4:6291456;6:262144|15663105|1:1:0:256,3:1:0:220,5:1:0:256,7:1:5:110,9:1:7:110,11:1:9:110,13:1:0:256,15:1:13:110,17:1:15:110,19:1:17:110,21:1:0:256|m,a,s,p",1:65536;2:0;4:6291456;6:262144,15663105.0,"1:1:0:256,3:1:0:220,5:1:0:256,7:1:5:110,9:1:7:110,11:1:9:110,13:1:0:256,15:1:13:110,17:1:15:110,19:1:17:110,21:1:0:256","m,a,s,p",11.0,65536.0,0.0,,6291456.0,,262144.0,":method,:authority,:scheme,:path"
trial-029,426b5dbe-b9b6-4b19-a87b-8efd05e9e7ef,2026-05-02 14:26:03.163056436+00:00,205.172.168.145,POST,/collect,HTTP/2.0,0.308,TLS 1.3,h2,TLS_AES_128_GCM_SHA256,uxbehaviorsuite.com,True,c31e903eb3f32957a628953056ee8bec,t13d1516h2_8daaf6152771_d8a2da3f94cd,"h2,http/1.1",h2,2,True,True,0.0,h2_first,"2570,772,771","TLS 1.3,TLS 1.2",2,True,True,True,False,0.0,TLS1.3+TLS1.2,True,15,True,0.0,"2570,4865,4866,4867,49195,49199,49196,49200,52393,52392,49171,49172,156,157,47,53",TLS_AES_128_GCM_SHA256_TLS_AES_256_GCM_SHA384_TLS_CHACHA20_POLY1305_SHA256_ECDHE-ECDSA-AES128-GCM_ECDHE-RSA-AES128-GCM_ECDHE-ECDSA-AES256-GCM_ECDHE-RSA-AES256-GCM_ECDHE-ECDSA-CHACHA20_ECDHE-RSA-CHACHA20_ECDHE-RSA-AES128-CBC_ECDHE-RSA-AES256-CBC_RSA-AES128-GCM_RSA-AES256-GCM_RSA-AES128-CBC_RSA-AES256-CBC,4,True,0.0,"2570,4588,29,23,24",X25519MLKEM768_x25519_secp256r1_secp384r1,8,False,,"1027,2052,1025,1283,2053,1281,2054,1537",ecdsa_secp256r1_sha256_rsa_pss_rsae_sha256_rsa_pkcs1_sha256_ecdsa_secp384r1_sha384_rsa_pss_rsae_sha384_rsa_pkcs1_sha384_rsa_pss_rsae_sha512_rsa_pkcs1_sha512,True,t13d1516h2,8daaf6152771,d8a2da3f94cd,t,13,d,15,16,h2,"1:65536;2:0;4:6291456;6:262144|15663105|1:1:0:256,3:1:0:220,5:1:0:256,7:1:5:110,9:1:7:110,11:1:9:110,13:1:0:256,15:1:13:110,17:1:15:110,19:1:17:110,21:1:0:256,23:1:21:110|m,a,s,p",1:65536;2:0;4:6291456;6:262144,15663105.0,"1:1:0:256,3:1:0:220,5:1:0:256,7:1:5:110,9:1:7:110,11:1:9:110,13:1:0:256,15:1:13:110,17:1:15:110,19:1:17:110,21:1:0:256,23:1:21:110","m,a,s,p",12.0,65536.0,0.0,,6291456.0,,262144.0,":method,:authority,:scheme,:path"
trial-029,30dc13d2-0fa8-498e-8f98-38a3ee48edbc,2026-05-02 14:26:03.189526544+00:00,205.172.168.145,POST,/collect,HTTP/2.0,0.289,TLS 1.3,h2,TLS_AES_128_GCM_SHA256,uxbehaviorsuite.com,True,c31e903eb3f32957a628953056ee8bec,t13d1516h2_8daaf6152771_d8a2da3f94cd,"h2,http/1.1",h2,2,True,True,0.0,h2_first,"2570,772,771","TLS 1.3,TLS 1.2",2,True,True,True,False,0.0,TLS1.3+TLS1.2,True,15,True,0.0,"2570,4865,4866,4867,49195,49199,49196,49200,52393,52392,49171,49172,156,157,47,53",TLS_AES_128_GCM_SHA256_TLS_AES_256_GCM_SHA384_TLS_CHACHA20_POLY1305_SHA256_ECDHE-ECDSA-AES128-GCM_ECDHE-RSA-AES128-GCM_ECDHE-ECDSA-AES256-GCM_ECDHE-RSA-AES256-GCM_ECDHE-ECDSA-CHACHA20_ECDHE-RSA-CHACHA20_ECDHE-RSA-AES128-CBC_ECDHE-RSA-AES256-CBC_RSA-AES128-GCM_RSA-AES256-GCM_RSA-AES128-CBC_RSA-AES256-CBC,4,True,0.0,"2570,4588,29,23,24",X25519MLKEM768_x25519_secp256r1_secp384r1,8,False,,"1027,2052,1025,1283,2053,1281,2054,1537",ecdsa_secp256r1_sha256_rsa_pss_rsae_sha256_rsa_pkcs1_sha256_ecdsa_secp384r1_sha384_rsa_pss_rsae_sha384_rsa_pkcs1_sha384_rsa_pss_rsae_sha512_rsa_pkcs1_sha512,True,t13d1516h2,8daaf6152771,d8a2da3f94cd,t,13,d,15,16,h2,"1:65536;2:0;4:6291456;6:262144|15663105|1:1:0:256,3:1:0:220,5:1:0:256,7:1:5:110,9:1:7:110,11:1:9:110,13:1:0:256,15:1:13:110,17:1:15:110,19:1:17:110,21:1:0:256,23:1:21:110,25:1:23:110|m,a,s,p",1:65536;2:0;4:6291456;6:262144,15663105.0,"1:1:0:256,3:1:0:220,5:1:0:256,7:1:5:110,9:1:7:110,11:1:9:110,13:1:0:256,15:1:13:110,17:1:15:110,19:1:17:110,21:1:0:256,23:1:21:110,25:1:23:110","m,a,s,p",13.0,65536.0,0.0,,6291456.0,,262144.0,":method,:authority,:scheme,:path"
trial-029,d8fdcce6-666e-4265-96a8-00057819ac19,2026-05-02 14:26:03.194029155+00:00,205.172.168.145,POST,/collect,HTTP/2.0,0.249,TLS 1.3,h2,TLS_AES_128_GCM_SHA256,uxbehaviorsuite.com,True,c31e903eb3f32957a628953056ee8bec,t13d1516h2_8daaf6152771_d8a2da3f94cd,"h2,http/1.1",h2,2,True,True,0.0,h2_first,"2570,772,771","TLS 1.3,TLS 1.2",2,True,True,True,False,0.0,TLS1.3+TLS1.2,True,15,True,0.0,"2570,4865,4866,4867,49195,49199,49196,49200,52393,52392,49171,49172,156,157,47,53",TLS_AES_128_GCM_SHA256_TLS_AES_256_GCM_SHA384_TLS_CHACHA20_POLY1305_SHA256_ECDHE-ECDSA-AES128-GCM_ECDHE-RSA-AES128-GCM_ECDHE-ECDSA-AES256-GCM_ECDHE-RSA-AES256-GCM_ECDHE-ECDSA-CHACHA20_ECDHE-RSA-CHACHA20_ECDHE-RSA-AES128-CBC_ECDHE-RSA-AES256-CBC_RSA-AES128-GCM_RSA-AES256-GCM_RSA-AES128-CBC_RSA-AES256-CBC,4,True,0.0,"2570,4588,29,23,24",X25519MLKEM768_x25519_secp256r1_secp384r1,8,False,,"1027,2052,1025,1283,2053,1281,2054,1537",ecdsa_secp256r1_sha256_rsa_pss_rsae_sha256_rsa_pkcs1_sha256_ecdsa_secp384r1_sha384_rsa_pss_rsae_sha384_rsa_pkcs1_sha384_rsa_pss_rsae_sha512_rsa_pkcs1_sha512,True,t13d1516h2,8daaf6152771,d8a2da3f94cd,t,13,d,15,16,h2,"1:65536;2:0;4:6291456;6:262144|15663105|1:1:0:256,3:1:0:220,5:1:0:256,7:1:5:110,9:1:7:110,11:1:9:110,13:1:0:256,15:1:13:110,17:1:15:110,19:1:17:110,21:1:0:256,23:1:21:110,25:1:23:110,27:1:25:110|m,a,s,p",1:65536;2:0;4:6291456;6:262144,15663105.0,"1:1:0:256,3:1:0:220,5:1:0:256,7:1:5:110,9:1:7:110,11:1:9:110,13:1:0:256,15:1:13:110,17:1:15:110,19:1:17:110,21:1:0:256,23:1:21:110,25:1:23:110,27:1:25:110","m,a,s,p",14.0,65536.0,0.0,,6291456.0,,262144.0,":method,:authority,:scheme,:path"
trial-029,8827d074-e72c-4739-9d0f-9a7b4ac42c01,2026-05-02 14:27:20.628935322+00:00,205.172.168.145,GET,/s3-hover-reveal.html,HTTP/2.0,0.477,TLS 1.3,h2,TLS_AES_128_GCM_SHA256,uxbehaviorsuite.com,True,c31e903eb3f32957a628953056ee8bec,t13d1516h2_8daaf6152771_d8a2da3f94cd,"h2,http/1.1",h2,2,True,True,0.0,h2_first,"2570,772,771","TLS 1.3,TLS 1.2",2,True,True,True,False,0.0,TLS1.3+TLS1.2,True,15,True,0.0,"2570,4865,4866,4867,49195,49199,49196,49200,52393,52392,49171,49172,156,157,47,53",TLS_AES_128_GCM_SHA256_TLS_AES_256_GCM_SHA384_TLS_CHACHA20_POLY1305_SHA256_ECDHE-ECDSA-AES128-GCM_ECDHE-RSA-AES128-GCM_ECDHE-ECDSA-AES256-GCM_ECDHE-RSA-AES256-GCM_ECDHE-ECDSA-CHACHA20_ECDHE-RSA-CHACHA20_ECDHE-RSA-AES128-CBC_ECDHE-RSA-AES256-CBC_RSA-AES128-GCM_RSA-AES256-GCM_RSA-AES128-CBC_RSA-AES256-CBC,4,True,0.0,"2570,4588,29,23,24",X25519MLKEM768_x25519_secp256r1_secp384r1,8,False,,"1027,2052,1025,1283,2053,1281,2054,1537",ecdsa_secp256r1_sha256_rsa_pss_rsae_sha256_rsa_pkcs1_sha256_ecdsa_secp384r1_sha384_rsa_pss_rsae_sha384_rsa_pkcs1_sha384_rsa_pss_rsae_sha512_rsa_pkcs1_sha512,True,t13d1516h2,8daaf6152771,d8a2da3f94cd,t,13,d,15,16,h2,"1:65536;2:0;4:6291456;6:262144|15663105|1:1:0:256,3:1:0:220,5:1:0:256,7:1:5:110,9:1:7:110,11:1:9:110,13:1:0:256,15:1:13:110,17:1:15:110,19:1:17:110,21:1:0:256,23:1:21:110,25:1:23:110,27:1:25:110,29:1:0:110,31:1:0:256|m,a,s,p",1:65536;2:0;4:6291456;6:262144,15663105.0,"1:1:0:256,3:1:0:220,5:1:0:256,7:1:5:110,9:1:7:110,11:1:9:110,13:1:0:256,15:1:13:110,17:1:15:110,19:1:17:110,21:1:0:256,23:1:21:110,25:1:23:110,27:1:25:110,29:1:0:110,31:1:0:256","m,a,s,p",16.0,65536.0,0.0,,6291456.0,,262144.0,":method,:authority,:scheme,:path"
trial-029,cf109f21-f950-4f7c-a112-ffcbc4db7fd9,2026-05-02 14:27:20.656211883+00:00,205.172.168.145,POST,/collect,HTTP/2.0,0.242,TLS 1.3,h2,TLS_AES_128_GCM_SHA256,uxbehaviorsuite.com,True,c31e903eb3f32957a628953056ee8bec,t13d1516h2_8daaf6152771_d8a2da3f94cd,"h2,http/1.1",h2,2,True,True,0.0,h2_first,"2570,772,771","TLS 1.3,TLS 1.2",2,True,True,True,False,0.0,TLS1.3+TLS1.2,True,15,True,0.0,"2570,4865,4866,4867,49195,49199,49196,49200,52393,52392,49171,49172,156,157,47,53",TLS_AES_128_GCM_SHA256_TLS_AES_256_GCM_SHA384_TLS_CHACHA20_POLY1305_SHA256_ECDHE-ECDSA-AES128-GCM_ECDHE-RSA-AES128-GCM_ECDHE-ECDSA-AES256-GCM_ECDHE-RSA-AES256-GCM_ECDHE-ECDSA-CHACHA20_ECDHE-RSA-CHACHA20_ECDHE-RSA-AES128-CBC_ECDHE-RSA-AES256-CBC_RSA-AES128-GCM_RSA-AES256-GCM_RSA-AES128-CBC_RSA-AES256-CBC,4,True,0.0,"2570,4588,29,23,24",X25519MLKEM768_x25519_secp256r1_secp384r1,8,False,,"1027,2052,1025,1283,2053,1281,2054,1537",ecdsa_secp256r1_sha256_rsa_pss_rsae_sha256_rsa_pkcs1_sha256_ecdsa_secp384r1_sha384_rsa_pss_rsae_sha384_rsa_pkcs1_sha384_rsa_pss_rsae_sha512_rsa_pkcs1_sha512,True,t13d1516h2,8daaf6152771,d8a2da3f94cd,t,13,d,15,16,h2,"1:65536;2:0;4:6291456;6:262144|15663105|1:1:0:256,3:1:0:220,5:1:0:256,7:1:5:110,9:1:7:110,11:1:9:110,13:1:0:256,15:1:13:110,17:1:15:110,19:1:17:110,21:1:0:256,23:1:21:110,25:1:23:110,27:1:25:110,29:1:0:110,31:1:0:256,33:1:31:110|m,a,s,p",1:65536;2:0;4:6291456;6:262144,15663105.0,"1:1:0:256,3:1:0:220,5:1:0:256,7:1:5:110,9:1:7:110,11:1:9:110,13:1:0:256,15:1:13:110,17:1:15:110,19:1:17:110,21:1:0:256,23:1:21:110,25:1:23:110,27:1:25:110,29:1:0:110,31:1:0:256,33:1:31:110","m,a,s,p",17.0,65536.0,0.0,,6291456.0,,262144.0,":method,:authority,:scheme,:path"
trial-029,d9ccb424-d203-4e31-ba7d-4858f2ce5b11,2026-05-02 14:27:20.660352863+00:00,205.172.168.145,POST,/collect,HTTP/2.0,0.198,TLS 1.3,h2,TLS_AES_128_GCM_SHA256,uxbehaviorsuite.com,True,c31e903eb3f32957a628953056ee8bec,t13d1516h2_8daaf6152771_d8a2da3f94cd,"h2,http/1.1",h2,2,True,True,0.0,h2_first,"2570,772,771","TLS 1.3,TLS 1.2",2,True,True,True,False,0.0,TLS1.3+TLS1.2,True,15,True,0.0,"2570,4865,4866,4867,49195,49199,49196,49200,52393,52392,49171,49172,156,157,47,53",TLS_AES_128_GCM_SHA256_TLS_AES_256_GCM_SHA384_TLS_CHACHA20_POLY1305_SHA256_ECDHE-ECDSA-AES128-GCM_ECDHE-RSA-AES128-GCM_ECDHE-ECDSA-AES256-GCM_ECDHE-RSA-AES256-GCM_ECDHE-ECDSA-CHACHA20_ECDHE-RSA-CHACHA20_ECDHE-RSA-AES128-CBC_ECDHE-RSA-AES256-CBC_RSA-AES128-GCM_RSA-AES256-GCM_RSA-AES128-CBC_RSA-AES256-CBC,4,True,0.0,"2570,4588,29,23,24",X25519MLKEM768_x25519_secp256r1_secp384r1,8,False,,"1027,2052,1025,1283,2053,1281,2054,1537",ecdsa_secp256r1_sha256_rsa_pss_rsae_sha256_rsa_pkcs1_sha256_ecdsa_secp384r1_sha384_rsa_pss_rsae_sha384_rsa_pkcs1_sha384_rsa_pss_rsae_sha512_rsa_pkcs1_sha512,True,t13d1516h2,8daaf6152771,d8a2da3f94cd,t,13,d,15,16,h2,"1:65536;2:0;4:6291456;6:262144|15663105|1:1:0:256,3:1:0:220,5:1:0:256,7:1:5:110,9:1:7:110,11:1:9:110,13:1:0:256,15:1:13:110,17:1:15:110,19:1:17:110,21:1:0:256,23:1:21:110,25:1:23:110,27:1:25:110,29:1:0:110,31:1:0:256,33:1:31:110,35:1:33:110|m,a,s,p",1:65536;2:0;4:6291456;6:262144,15663105.0,"1:1:0:256,3:1:0:220,5:1:0:256,7:1:5:110,9:1:7:110,11:1:9:110,13:1:0:256,15:1:13:110,17:1:15:110,19:1:17:110,21:1:0:256,23:1:21:110,25:1:23:110,27:1:25:110,29:1:0:110,31:1:0:256,33:1:31:110,35:1:33:110","m,a,s,p",18.0,65536.0,0.0,,6291456.0,,262144.0,":method,:authority,:scheme,:path"
trial-029,8d43d740-6263-4951-9dd8-b669bff54d01,2026-05-02 14:29:09.276512362+00:00,205.172.168.145,GET,/s4-dom-mismatch.html,HTTP/2.0,1.864,TLS 1.3,h2,TLS_AES_128_GCM_SHA256,uxbehaviorsuite.com,True,c31e903eb3f32957a628953056ee8bec,t13d1516h2_8daaf6152771_d8a2da3f94cd,"h2,http/1.1",h2,2,True,True,0.0,h2_first,"2570,772,771","TLS 1.3,TLS 1.2",2,True,True,True,False,0.0,TLS1.3+TLS1.2,True,15,True,0.0,"2570,4865,4866,4867,49195,49199,49196,49200,52393,52392,49171,49172,156,157,47,53",TLS_AES_128_GCM_SHA256_TLS_AES_256_GCM_SHA384_TLS_CHACHA20_POLY1305_SHA256_ECDHE-ECDSA-AES128-GCM_ECDHE-RSA-AES128-GCM_ECDHE-ECDSA-AES256-GCM_ECDHE-RSA-AES256-GCM_ECDHE-ECDSA-CHACHA20_ECDHE-RSA-CHACHA20_ECDHE-RSA-AES128-CBC_ECDHE-RSA-AES256-CBC_RSA-AES128-GCM_RSA-AES256-GCM_RSA-AES128-CBC_RSA-AES256-CBC,4,True,0.0,"2570,4588,29,23,24",X25519MLKEM768_x25519_secp256r1_secp384r1,8,False,,"1027,2052,1025,1283,2053,1281,2054,1537",ecdsa_secp256r1_sha256_rsa_pss_rsae_sha256_rsa_pkcs1_sha256_ecdsa_secp384r1_sha384_rsa_pss_rsae_sha384_rsa_pkcs1_sha384_rsa_pss_rsae_sha512_rsa_pkcs1_sha512,True,t13d1516h2,8daaf6152771,d8a2da3f94cd,t,13,d,15,16,h2,"1:65536;2:0;4:6291456;6:262144|15663105|1:1:0:256,3:1:0:220,5:1:0:256,7:1:5:110,9:1:7:110,11:1:9:110,13:1:0:256,15:1:13:110,17:1:15:110,19:1:17:110,21:1:0:256,23:1:21:110,25:1:23:110,27:1:25:110,29:1:0:110,31:1:0:256,33:1:31:110,35:1:33:110,37:1:0:256|m,a,s,p",1:65536;2:0;4:6291456;6:262144,15663105.0,"1:1:0:256,3:1:0:220,5:1:0:256,7:1:5:110,9:1:7:110,11:1:9:110,13:1:0:256,15:1:13:110,17:1:15:110,19:1:17:110,21:1:0:256,23:1:21:110,25:1:23:110,27:1:25:110,29:1:0:110,31:1:0:256,33:1:31:110,35:1:33:110,37:1:0:256","m,a,s,p",19.0,65536.0,0.0,,6291456.0,,262144.0,":method,:authority,:scheme,:path"
trial-029,c6e91414-069e-49c4-89f1-f269d6466423,2026-05-02 14:29:09.277278748+00:00,205.172.168.145,POST,/collect,HTTP/2.0,1.451,TLS 1.3,h2,TLS_AES_128_GCM_SHA256,uxbehaviorsuite.com,True,c31e903eb3f32957a628953056ee8bec,t13d1516h2_8daaf6152771_d8a2da3f94cd,"h2,http/1.1",h2,2,True,True,0.0,h2_first,"2570,772,771","TLS 1.3,TLS 1.2",2,True,True,True,False,0.0,TLS1.3+TLS1.2,True,15,True,0.0,"2570,4865,4866,4867,49195,49199,49196,49200,52393,52392,49171,49172,156,157,47,53",TLS_AES_128_GCM_SHA256_TLS_AES_256_GCM_SHA384_TLS_CHACHA20_POLY1305_SHA256_ECDHE-ECDSA-AES128-GCM_ECDHE-RSA-AES128-GCM_ECDHE-ECDSA-AES256-GCM_ECDHE-RSA-AES256-GCM_ECDHE-ECDSA-CHACHA20_ECDHE-RSA-CHACHA20_ECDHE-RSA-AES128-CBC_ECDHE-RSA-AES256-CBC_RSA-AES128-GCM_RSA-AES256-GCM_RSA-AES128-CBC_RSA-AES256-CBC,4,True,0.0,"2570,4588,29,23,24",X25519MLKEM768_x25519_secp256r1_secp384r1,8,False,,"1027,2052,1025,1283,2053,1281,2054,1537",ecdsa_secp256r1_sha256_rsa_pss_rsae_sha256_rsa_pkcs1_sha256_ecdsa_secp384r1_sha384_rsa_pss_rsae_sha384_rsa_pkcs1_sha384_rsa_pss_rsae_sha512_rsa_pkcs1_sha512,True,t13d1516h2,8daaf6152771,d8a2da3f94cd,t,13,d,15,16,h2,"1:65536;2:0;4:6291456;6:262144|15663105|1:1:0:256,3:1:0:220,5:1:0:256,7:1:5:110,9:1:7:110,11:1:9:110,13:1:0:256,15:1:13:110,17:1:15:110,19:1:17:110,21:1:0:256,23:1:21:110,25:1:23:110,27:1:25:110,29:1:0:110,31:1:0:256,33:1:31:110,35:1:33:110,37:1:0:256,39:1:37:110|m,a,s,p",1:65536;2:0;4:6291456;6:262144,15663105.0,"1:1:0:256,3:1:0:220,5:1:0:256,7:1:5:110,9:1:7:110,11:1:9:110,13:1:0:256,15:1:13:110,17:1:15:110,19:1:17:110,21:1:0:256,23:1:21:110,25:1:23:110,27:1:25:110,29:1:0:110,31:1:0:256,33:1:31:110,35:1:33:110,37:1:0:256,39:1:37:110","m,a,s,p",20.0,65536.0,0.0,,6291456.0,,262144.0,":method,:authority,:scheme,:path"
trial-029,a01f0282-ee4f-48c9-aaa1-352327fecae0,2026-05-02 14:29:09.325913312+00:00,205.172.168.145,POST,/collect,HTTP/2.0,0.248,TLS 1.3,h2,TLS_AES_128_GCM_SHA256,uxbehaviorsuite.com,True,c31e903eb3f32957a628953056ee8bec,t13d1516h2_8daaf6152771_d8a2da3f94cd,"h2,http/1.1",h2,2,True,True,0.0,h2_first,"2570,772,771","TLS 1.3,TLS 1.2",2,True,True,True,False,0.0,TLS1.3+TLS1.2,True,15,True,0.0,"2570,4865,4866,4867,49195,49199,49196,49200,52393,52392,49171,49172,156,157,47,53",TLS_AES_128_GCM_SHA256_TLS_AES_256_GCM_SHA384_TLS_CHACHA20_POLY1305_SHA256_ECDHE-ECDSA-AES128-GCM_ECDHE-RSA-AES128-GCM_ECDHE-ECDSA-AES256-GCM_ECDHE-RSA-AES256-GCM_ECDHE-ECDSA-CHACHA20_ECDHE-RSA-CHACHA20_ECDHE-RSA-AES128-CBC_ECDHE-RSA-AES256-CBC_RSA-AES128-GCM_RSA-AES256-GCM_RSA-AES128-CBC_RSA-AES256-CBC,4,True,0.0,"2570,4588,29,23,24",X25519MLKEM768_x25519_secp256r1_secp384r1,8,False,,"1027,2052,1025,1283,2053,1281,2054,1537",ecdsa_secp256r1_sha256_rsa_pss_rsae_sha256_rsa_pkcs1_sha256_ecdsa_secp384r1_sha384_rsa_pss_rsae_sha384_rsa_pkcs1_sha384_rsa_pss_rsae_sha512_rsa_pkcs1_sha512,True,t13d1516h2,8daaf6152771,d8a2da3f94cd,t,13,d,15,16,h2,"1:65536;2:0;4:6291456;6:262144|15663105|1:1:0:256,3:1:0:220,5:1:0:256,7:1:5:110,9:1:7:110,11:1:9:110,13:1:0:256,15:1:13:110,17:1:15:110,19:1:17:110,21:1:0:256,23:1:21:110,25:1:23:110,27:1:25:110,29:1:0:110,31:1:0:256,33:1:31:110,35:1:33:110,37:1:0:256,39:1:37:110,41:1:0:110|m,a,s,p",1:65536;2:0;4:6291456;6:262144,15663105.0,"1:1:0:256,3:1:0:220,5:1:0:256,7:1:5:110,9:1:7:110,11:1:9:110,13:1:0:256,15:1:13:110,17:1:15:110,19:1:17:110,21:1:0:256,23:1:21:110,25:1:23:110,27:1:25:110,29:1:0:110,31:1:0:256,33:1:31:110,35:1:33:110,37:1:0:256,39:1:37:110,41:1:0:110","m,a,s,p",21.0,65536.0,0.0,,6291456.0,,262144.0,":method,:authority,:scheme,:path"
trial-029,1d32606d-8e5e-417a-8983-c75803418c35,2026-05-02 14:29:09.327361389+00:00,205.172.168.145,POST,/collect,HTTP/2.0,0.204,TLS 1.3,h2,TLS_AES_128_GCM_SHA256,uxbehaviorsuite.com,True,c31e903eb3f32957a628953056ee8bec,t13d1516h2_8daaf6152771_d8a2da3f94cd,"h2,http/1.1",h2,2,True,True,0.0,h2_first,"2570,772,771","TLS 1.3,TLS 1.2",2,True,True,True,False,0.0,TLS1.3+TLS1.2,True,15,True,0.0,"2570,4865,4866,4867,49195,49199,49196,49200,52393,52392,49171,49172,156,157,47,53",TLS_AES_128_GCM_SHA256_TLS_AES_256_GCM_SHA384_TLS_CHACHA20_POLY1305_SHA256_ECDHE-ECDSA-AES128-GCM_ECDHE-RSA-AES128-GCM_ECDHE-ECDSA-AES256-GCM_ECDHE-RSA-AES256-GCM_ECDHE-ECDSA-CHACHA20_ECDHE-RSA-CHACHA20_ECDHE-RSA-AES128-CBC_ECDHE-RSA-AES256-CBC_RSA-AES128-GCM_RSA-AES256-GCM_RSA-AES128-CBC_RSA-AES256-CBC,4,True,0.0,"2570,4588,29,23,24",X25519MLKEM768_x25519_secp256r1_secp384r1,8,False,,"1027,2052,1025,1283,2053,1281,2054,1537",ecdsa_secp256r1_sha256_rsa_pss_rsae_sha256_rsa_pkcs1_sha256_ecdsa_secp384r1_sha384_rsa_pss_rsae_sha384_rsa_pkcs1_sha384_rsa_pss_rsae_sha512_rsa_pkcs1_sha512,True,t13d1516h2,8daaf6152771,d8a2da3f94cd,t,13,d,15,16,h2,"1:65536;2:0;4:6291456;6:262144|15663105|1:1:0:256,3:1:0:220,5:1:0:256,7:1:5:110,9:1:7:110,11:1:9:110,13:1:0:256,15:1:13:110,17:1:15:110,19:1:17:110,21:1:0:256,23:1:21:110,25:1:23:110,27:1:25:110,29:1:0:110,31:1:0:256,33:1:31:110,35:1:33:110,37:1:0:256,39:1:37:110,41:1:0:110,43:1:41:110|m,a,s,p",1:65536;2:0;4:6291456;6:262144,15663105.0,"1:1:0:256,3:1:0:220,5:1:0:256,7:1:5:110,9:1:7:110,11:1:9:110,13:1:0:256,15:1:13:110,17:1:15:110,19:1:17:110,21:1:0:256,23:1:21:110,25:1:23:110,27:1:25:110,29:1:0:110,31:1:0:256,33:1:31:110,35:1:33:110,37:1:0:256,39:1:37:110,41:1:0:110,43:1:41:110","m,a,s,p",22.0,65536.0,0.0,,6291456.0,,262144.0,":method,:authority,:scheme,:path"
trial-029,f07a8c2e-0b66-4796-b3c1-86e5c6a01534,2026-05-02 14:29:59.664862947+00:00,124.156.157.91,GET,/,HTTP/1.1,0.299,TLS 1.3,,TLS_AES_128_GCM_SHA256,uxbehaviorsuite.com,True,8bee49baa010986785a9e74d688ed7e9,t13d131000_f57a46bbacb6_e7c285222651,,,0,False,False,,none,"772,771","TLS 1.3,TLS 1.2",2,False,True,True,False,,TLS1.3+TLS1.2,True,13,False,,"49195,49199,49196,49200,52393,52392,49161,49171,49162,49172,4865,4866,4867",ECDHE-ECDSA-AES128-GCM_ECDHE-RSA-AES128-GCM_ECDHE-ECDSA-AES256-GCM_ECDHE-RSA-AES256-GCM_ECDHE-ECDSA-CHACHA20_ECDHE-RSA-CHACHA20_49161_ECDHE-RSA-AES128-CBC_49162_ECDHE-RSA-AES256-CBC_TLS_AES_128_GCM_SHA256_TLS_AES_256_GCM_SHA384_TLS_CHACHA20_POLY1305_SHA256,5,False,,"4588,29,23,24,25",X25519MLKEM768_x25519_secp256r1_secp384r1_secp521r1,12,False,,"2052,1027,2055,2053,2054,1025,1281,1537,1283,1539,513,515",rsa_pss_rsae_sha256_ecdsa_secp256r1_sha256_2055_rsa_pss_rsae_sha384_rsa_pss_rsae_sha512_rsa_pkcs1_sha256_rsa_pkcs1_sha384_rsa_pkcs1_sha512_ecdsa_secp384r1_sha384_1539_513_ecdsa_sha1,True,t13d131000,f57a46bbacb6,e7c285222651,t,13,d,13,10,00,,,,,,,,,,,,,
trial-029,46f6afe5-ae14-49e3-a034-313be8d71503,2026-05-02 14:30:23.925815310+00:00,205.172.168.145,GET,/s5-delayed-feedback.html,HTTP/2.0,0.68,TLS 1.3,h2,TLS_AES_128_GCM_SHA256,uxbehaviorsuite.com,True,c31e903eb3f32957a628953056ee8bec,t13d1516h2_8daaf6152771_d8a2da3f94cd,"h2,http/1.1",h2,2,True,True,0.0,h2_first,"2570,772,771","TLS 1.3,TLS 1.2",2,True,True,True,False,0.0,TLS1.3+TLS1.2,True,15,True,0.0,"2570,4865,4866,4867,49195,49199,49196,49200,52393,52392,49171,49172,156,157,47,53",TLS_AES_128_GCM_SHA256_TLS_AES_256_GCM_SHA384_TLS_CHACHA20_POLY1305_SHA256_ECDHE-ECDSA-AES128-GCM_ECDHE-RSA-AES128-GCM_ECDHE-ECDSA-AES256-GCM_ECDHE-RSA-AES256-GCM_ECDHE-ECDSA-CHACHA20_ECDHE-RSA-CHACHA20_ECDHE-RSA-AES128-CBC_ECDHE-RSA-AES256-CBC_RSA-AES128-GCM_RSA-AES256-GCM_RSA-AES128-CBC_RSA-AES256-CBC,4,True,0.0,"2570,4588,29,23,24",X25519MLKEM768_x25519_secp256r1_secp384r1,8,False,,"1027,2052,1025,1283,2053,1281,2054,1537",ecdsa_secp256r1_sha256_rsa_pss_rsae_sha256_rsa_pkcs1_sha256_ecdsa_secp384r1_sha384_rsa_pss_rsae_sha384_rsa_pkcs1_sha384_rsa_pss_rsae_sha512_rsa_pkcs1_sha512,True,t13d1516h2,8daaf6152771,d8a2da3f94cd,t,13,d,15,16,h2,"1:65536;2:0;4:6291456;6:262144|15663105|1:1:0:256,3:1:0:220,5:1:0:256,7:1:5:110,9:1:7:110,11:1:9:110,13:1:0:256,15:1:13:110,17:1:15:110,19:1:17:110,21:1:0:256,23:1:21:110,25:1:23:110,27:1:25:110,29:1:0:110,31:1:0:256,33:1:31:110,35:1:33:110,37:1:0:256,39:1:37:110,41:1:0:110,43:1:41:110,45:1:0:256|m,a,s,p",1:65536;2:0;4:6291456;6:262144,15663105.0,"1:1:0:256,3:1:0:220,5:1:0:256,7:1:5:110,9:1:7:110,11:1:9:110,13:1:0:256,15:1:13:110,17:1:15:110,19:1:17:110,21:1:0:256,23:1:21:110,25:1:23:110,27:1:25:110,29:1:0:110,31:1:0:256,33:1:31:110,35:1:33:110,37:1:0:256,39:1:37:110,41:1:0:110,43:1:41:110,45:1:0:256","m,a,s,p",23.0,65536.0,0.0,,6291456.0,,262144.0,":method,:authority,:scheme,:path"
trial-029,dcd4efe5-842c-4e71-a618-0d075999f079,2026-05-02 14:30:23.926147861+00:00,205.172.168.145,POST,/collect,HTTP/2.0,0.368,TLS 1.3,h2,TLS_AES_128_GCM_SHA256,uxbehaviorsuite.com,True,c31e903eb3f32957a628953056ee8bec,t13d1516h2_8daaf6152771_d8a2da3f94cd,"h2,http/1.1",h2,2,True,True,0.0,h2_first,"2570,772,771","TLS 1.3,TLS 1.2",2,True,True,True,False,0.0,TLS1.3+TLS1.2,True,15,True,0.0,"2570,4865,4866,4867,49195,49199,49196,49200,52393,52392,49171,49172,156,157,47,53",TLS_AES_128_GCM_SHA256_TLS_AES_256_GCM_SHA384_TLS_CHACHA20_POLY1305_SHA256_ECDHE-ECDSA-AES128-GCM_ECDHE-RSA-AES128-GCM_ECDHE-ECDSA-AES256-GCM_ECDHE-RSA-AES256-GCM_ECDHE-ECDSA-CHACHA20_ECDHE-RSA-CHACHA20_ECDHE-RSA-AES128-CBC_ECDHE-RSA-AES256-CBC_RSA-AES128-GCM_RSA-AES256-GCM_RSA-AES128-CBC_RSA-AES256-CBC,4,True,0.0,"2570,4588,29,23,24",X25519MLKEM768_x25519_secp256r1_secp384r1,8,False,,"1027,2052,1025,1283,2053,1281,2054,1537",ecdsa_secp256r1_sha256_rsa_pss_rsae_sha256_rsa_pkcs1_sha256_ecdsa_secp384r1_sha384_rsa_pss_rsae_sha384_rsa_pkcs1_sha384_rsa_pss_rsae_sha512_rsa_pkcs1_sha512,True,t13d1516h2,8daaf6152771,d8a2da3f94cd,t,13,d,15,16,h2,"1:65536;2:0;4:6291456;6:262144|15663105|1:1:0:256,3:1:0:220,5:1:0:256,7:1:5:110,9:1:7:110,11:1:9:110,13:1:0:256,15:1:13:110,17:1:15:110,19:1:17:110,21:1:0:256,23:1:21:110,25:1:23:110,27:1:25:110,29:1:0:110,31:1:0:256,33:1:31:110,35:1:33:110,37:1:0:256,39:1:37:110,41:1:0:110,43:1:41:110,45:1:0:256,47:1:45:110|m,a,s,p",1:65536;2:0;4:6291456;6:262144,15663105.0,"1:1:0:256,3:1:0:220,5:1:0:256,7:1:5:110,9:1:7:110,11:1:9:110,13:1:0:256,15:1:13:110,17:1:15:110,19:1:17:110,21:1:0:256,23:1:21:110,25:1:23:110,27:1:25:110,29:1:0:110,31:1:0:256,33:1:31:110,35:1:33:110,37:1:0:256,39:1:37:110,41:1:0:110,43:1:41:110,45:1:0:256,47:1:45:110","m,a,s,p",24.0,65536.0,0.0,,6291456.0,,262144.0,":method,:authority,:scheme,:path"
trial-029,6bb6cc17-f844-49b3-b92d-c1153f863418,2026-05-02 14:30:23.959563570+00:00,205.172.168.145,POST,/collect,HTTP/2.0,0.246,TLS 1.3,h2,TLS_AES_128_GCM_SHA256,uxbehaviorsuite.com,True,c31e903eb3f32957a628953056ee8bec,t13d1516h2_8daaf6152771_d8a2da3f94cd,"h2,http/1.1",h2,2,True,True,0.0,h2_first,"2570,772,771","TLS 1.3,TLS 1.2",2,True,True,True,False,0.0,TLS1.3+TLS1.2,True,15,True,0.0,"2570,4865,4866,4867,49195,49199,49196,49200,52393,52392,49171,49172,156,157,47,53",TLS_AES_128_GCM_SHA256_TLS_AES_256_GCM_SHA384_TLS_CHACHA20_POLY1305_SHA256_ECDHE-ECDSA-AES128-GCM_ECDHE-RSA-AES128-GCM_ECDHE-ECDSA-AES256-GCM_ECDHE-RSA-AES256-GCM_ECDHE-ECDSA-CHACHA20_ECDHE-RSA-CHACHA20_ECDHE-RSA-AES128-CBC_ECDHE-RSA-AES256-CBC_RSA-AES128-GCM_RSA-AES256-GCM_RSA-AES128-CBC_RSA-AES256-CBC,4,True,0.0,"2570,4588,29,23,24",X25519MLKEM768_x25519_secp256r1_secp384r1,8,False,,"1027,2052,1025,1283,2053,1281,2054,1537",ecdsa_secp256r1_sha256_rsa_pss_rsae_sha256_rsa_pkcs1_sha256_ecdsa_secp384r1_sha384_rsa_pss_rsae_sha384_rsa_pkcs1_sha384_rsa_pss_rsae_sha512_rsa_pkcs1_sha512,True,t13d1516h2,8daaf6152771,d8a2da3f94cd,t,13,d,15,16,h2,"1:65536;2:0;4:6291456;6:262144|15663105|1:1:0:256,3:1:0:220,5:1:0:256,7:1:5:110,9:1:7:110,11:1:9:110,13:1:0:256,15:1:13:110,17:1:15:110,19:1:17:110,21:1:0:256,23:1:21:110,25:1:23:110,27:1:25:110,29:1:0:110,31:1:0:256,33:1:31:110,35:1:33:110,37:1:0:256,39:1:37:110,41:1:0:110,43:1:41:110,45:1:0:256,47:1:45:110,49:1:47:110|m,a,s,p",1:65536;2:0;4:6291456;6:262144,15663105.0,"1:1:0:256,3:1:0:220,5:1:0:256,7:1:5:110,9:1:7:110,11:1:9:110,13:1:0:256,15:1:13:110,17:1:15:110,19:1:17:110,21:1:0:256,23:1:21:110,25:1:23:110,27:1:25:110,29:1:0:110,31:1:0:256,33:1:31:110,35:1:33:110,37:1:0:256,39:1:37:110,41:1:0:110,43:1:41:110,45:1:0:256,47:1:45:110,49:1:47:110","m,a,s,p",25.0,65536.0,0.0,,6291456.0,,262144.0,":method,:authority,:scheme,:path"
trial-029,663b0ba9-975c-47e0-bf99-826328b2ff13,2026-05-02 14:30:23.960348712+00:00,205.172.168.145,POST,/collect,HTTP/2.0,0.208,TLS 1.3,h2,TLS_AES_128_GCM_SHA256,uxbehaviorsuite.com,True,c31e903eb3f32957a628953056ee8bec,t13d1516h2_8daaf6152771_d8a2da3f94cd,"h2,http/1.1",h2,2,True,True,0.0,h2_first,"2570,772,771","TLS 1.3,TLS 1.2",2,True,True,True,False,0.0,TLS1.3+TLS1.2,True,15,True,0.0,"2570,4865,4866,4867,49195,49199,49196,49200,52393,52392,49171,49172,156,157,47,53",TLS_AES_128_GCM_SHA256_TLS_AES_256_GCM_SHA384_TLS_CHACHA20_POLY1305_SHA256_ECDHE-ECDSA-AES128-GCM_ECDHE-RSA-AES128-GCM_ECDHE-ECDSA-AES256-GCM_ECDHE-RSA-AES256-GCM_ECDHE-ECDSA-CHACHA20_ECDHE-RSA-CHACHA20_ECDHE-RSA-AES128-CBC_ECDHE-RSA-AES256-CBC_RSA-AES128-GCM_RSA-AES256-GCM_RSA-AES128-CBC_RSA-AES256-CBC,4,True,0.0,"2570,4588,29,23,24",X25519MLKEM768_x25519_secp256r1_secp384r1,8,False,,"1027,2052,1025,1283,2053,1281,2054,1537",ecdsa_secp256r1_sha256_rsa_pss_rsae_sha256_rsa_pkcs1_sha256_ecdsa_secp384r1_sha384_rsa_pss_rsae_sha384_rsa_pkcs1_sha384_rsa_pss_rsae_sha512_rsa_pkcs1_sha512,True,t13d1516h2,8daaf6152771,d8a2da3f94cd,t,13,d,15,16,h2,"1:65536;2:0;4:6291456;6:262144|15663105|1:1:0:256,3:1:0:220,5:1:0:256,7:1:5:110,9:1:7:110,11:1:9:110,13:1:0:256,15:1:13:110,17:1:15:110,19:1:17:110,21:1:0:256,23:1:21:110,25:1:23:110,27:1:25:110,29:1:0:110,31:1:0:256,33:1:31:110,35:1:33:110,37:1:0:256,39:1:37:110,41:1:0:110,43:1:41:110,45:1:0:256,47:1:45:110,49:1:47:110,51:1:49:110|m,a,s,p",1:65536;2:0;4:6291456;6:262144,15663105.0,"1:1:0:256,3:1:0:220,5:1:0:256,7:1:5:110,9:1:7:110,11:1:9:110,13:1:0:256,15:1:13:110,17:1:15:110,19:1:17:110,21:1:0:256,23:1:21:110,25:1:23:110,27:1:25:110,29:1:0:110,31:1:0:256,33:1:31:110,35:1:33:110,37:1:0:256,39:1:37:110,41:1:0:110,43:1:41:110,45:1:0:256,47:1:45:110,49:1:47:110,51:1:49:110","m,a,s,p",26.0,65536.0,0.0,,6291456.0,,262144.0,":method,:authority,:scheme,:path"
trial-030,b2a9d322-7b38-495c-add9-224ff7d86597,2026-05-02 20:37:55.859830686+00:00,205.172.168.145,GET,/subscribe-v1.html,HTTP/2.0,0.372,TLS 1.3,h2,TLS_AES_128_GCM_SHA256,uxbehaviorsuite.com,True,dfdc2352a0e288d72e88a531f7a200f8,t13d1516h2_8daaf6152771_d8a2da3f94cd,"h2,http/1.1",h2,2,True,True,0.0,h2_first,"2570,772,771","TLS 1.3,TLS 1.2",2,True,True,True,False,0.0,TLS1.3+TLS1.2,True,15,True,0.0,"2570,4865,4866,4867,49195,49199,49196,49200,52393,52392,49171,49172,156,157,47,53",TLS_AES_128_GCM_SHA256_TLS_AES_256_GCM_SHA384_TLS_CHACHA20_POLY1305_SHA256_ECDHE-ECDSA-AES128-GCM_ECDHE-RSA-AES128-GCM_ECDHE-ECDSA-AES256-GCM_ECDHE-RSA-AES256-GCM_ECDHE-ECDSA-CHACHA20_ECDHE-RSA-CHACHA20_ECDHE-RSA-AES128-CBC_ECDHE-RSA-AES256-CBC_RSA-AES128-GCM_RSA-AES256-GCM_RSA-AES128-CBC_RSA-AES256-CBC,4,True,0.0,"2570,4588,29,23,24",X25519MLKEM768_x25519_secp256r1_secp384r1,8,False,,"1027,2052,1025,1283,2053,1281,2054,1537",ecdsa_secp256r1_sha256_rsa_pss_rsae_sha256_rsa_pkcs1_sha256_ecdsa_secp384r1_sha384_rsa_pss_rsae_sha384_rsa_pkcs1_sha384_rsa_pss_rsae_sha512_rsa_pkcs1_sha512,True,t13d1516h2,8daaf6152771,d8a2da3f94cd,t,13,d,15,16,h2,"1:65536;2:0;4:6291456;6:262144|15663105|1:1:0:256|m,a,s,p",1:65536;2:0;4:6291456;6:262144,15663105.0,1:1:0:256,"m,a,s,p",1.0,65536.0,0.0,,6291456.0,,262144.0,":method,:authority,:scheme,:path"
trial-030,0d196389-cc5f-45ba-89c1-dad108de8ca0,2026-05-02 20:37:55.890717201+00:00,205.172.168.145,GET,/logger.js,HTTP/2.0,0.257,TLS 1.3,h2,TLS_AES_128_GCM_SHA256,uxbehaviorsuite.com,True,dfdc2352a0e288d72e88a531f7a200f8,t13d1516h2_8daaf6152771_d8a2da3f94cd,"h2,http/1.1",h2,2,True,True,0.0,h2_first,"2570,772,771","TLS 1.3,TLS 1.2",2,True,True,True,False,0.0,TLS1.3+TLS1.2,True,15,True,0.0,"2570,4865,4866,4867,49195,49199,49196,49200,52393,52392,49171,49172,156,157,47,53",TLS_AES_128_GCM_SHA256_TLS_AES_256_GCM_SHA384_TLS_CHACHA20_POLY1305_SHA256_ECDHE-ECDSA-AES128-GCM_ECDHE-RSA-AES128-GCM_ECDHE-ECDSA-AES256-GCM_ECDHE-RSA-AES256-GCM_ECDHE-ECDSA-CHACHA20_ECDHE-RSA-CHACHA20_ECDHE-RSA-AES128-CBC_ECDHE-RSA-AES256-CBC_RSA-AES128-GCM_RSA-AES256-GCM_RSA-AES128-CBC_RSA-AES256-CBC,4,True,0.0,"2570,4588,29,23,24",X25519MLKEM768_x25519_secp256r1_secp384r1,8,False,,"1027,2052,1025,1283,2053,1281,2054,1537",ecdsa_secp256r1_sha256_rsa_pss_rsae_sha256_rsa_pkcs1_sha256_ecdsa_secp384r1_sha384_rsa_pss_rsae_sha384_rsa_pkcs1_sha384_rsa_pss_rsae_sha512_rsa_pkcs1_sha512,True,t13d1516h2,8daaf6152771,d8a2da3f94cd,t,13,d,15,16,h2,"1:65536;2:0;4:6291456;6:262144|15663105|1:1:0:256,3:1:0:220|m,a,s,p",1:65536;2:0;4:6291456;6:262144,15663105.0,"1:1:0:256,3:1:0:220","m,a,s,p",2.0,65536.0,0.0,,6291456.0,,262144.0,":method,:authority,:scheme,:path"
trial-030,8d9f32fa-0185-4e80-811f-a252765ebf05,2026-05-02 20:39:28.887832099+00:00,205.172.168.145,GET,/subscribe-v2.html,HTTP/2.0,0.929,TLS 1.3,h2,TLS_AES_128_GCM_SHA256,uxbehaviorsuite.com,True,dfdc2352a0e288d72e88a531f7a200f8,t13d1516h2_8daaf6152771_d8a2da3f94cd,"h2,http/1.1",h2,2,True,True,0.0,h2_first,"2570,772,771","TLS 1.3,TLS 1.2",2,True,True,True,False,0.0,TLS1.3+TLS1.2,True,15,True,0.0,"2570,4865,4866,4867,49195,49199,49196,49200,52393,52392,49171,49172,156,157,47,53",TLS_AES_128_GCM_SHA256_TLS_AES_256_GCM_SHA384_TLS_CHACHA20_POLY1305_SHA256_ECDHE-ECDSA-AES128-GCM_ECDHE-RSA-AES128-GCM_ECDHE-ECDSA-AES256-GCM_ECDHE-RSA-AES256-GCM_ECDHE-ECDSA-CHACHA20_ECDHE-RSA-CHACHA20_ECDHE-RSA-AES128-CBC_ECDHE-RSA-AES256-CBC_RSA-AES128-GCM_RSA-AES256-GCM_RSA-AES128-CBC_RSA-AES256-CBC,4,True,0.0,"2570,4588,29,23,24",X25519MLKEM768_x25519_secp256r1_secp384r1,8,False,,"1027,2052,1025,1283,2053,1281,2054,1537",ecdsa_secp256r1_sha256_rsa_pss_rsae_sha256_rsa_pkcs1_sha256_ecdsa_secp384r1_sha384_rsa_pss_rsae_sha384_rsa_pkcs1_sha384_rsa_pss_rsae_sha512_rsa_pkcs1_sha512,True,t13d1516h2,8daaf6152771,d8a2da3f94cd,t,13,d,15,16,h2,"1:65536;2:0;4:6291456;6:262144|15663105|1:1:0:256,3:1:0:220,5:1:0:256|m,a,s,p",1:65536;2:0;4:6291456;6:262144,15663105.0,"1:1:0:256,3:1:0:220,5:1:0:256","m,a,s,p",3.0,65536.0,0.0,,6291456.0,,262144.0,":method,:authority,:scheme,:path"
trial-030,5d2bfa6b-827a-4924-bc37-b8a9841b0fa3,2026-05-02 20:39:28.888584920+00:00,205.172.168.145,POST,/collect,HTTP/2.0,0.629,TLS 1.3,h2,TLS_AES_128_GCM_SHA256,uxbehaviorsuite.com,True,dfdc2352a0e288d72e88a531f7a200f8,t13d1516h2_8daaf6152771_d8a2da3f94cd,"h2,http/1.1",h2,2,True,True,0.0,h2_first,"2570,772,771","TLS 1.3,TLS 1.2",2,True,True,True,False,0.0,TLS1.3+TLS1.2,True,15,True,0.0,"2570,4865,4866,4867,49195,49199,49196,49200,52393,52392,49171,49172,156,157,47,53",TLS_AES_128_GCM_SHA256_TLS_AES_256_GCM_SHA384_TLS_CHACHA20_POLY1305_SHA256_ECDHE-ECDSA-AES128-GCM_ECDHE-RSA-AES128-GCM_ECDHE-ECDSA-AES256-GCM_ECDHE-RSA-AES256-GCM_ECDHE-ECDSA-CHACHA20_ECDHE-RSA-CHACHA20_ECDHE-RSA-AES128-CBC_ECDHE-RSA-AES256-CBC_RSA-AES128-GCM_RSA-AES256-GCM_RSA-AES128-CBC_RSA-AES256-CBC,4,True,0.0,"2570,4588,29,23,24",X25519MLKEM768_x25519_secp256r1_secp384r1,8,False,,"1027,2052,1025,1283,2053,1281,2054,1537",ecdsa_secp256r1_sha256_rsa_pss_rsae_sha256_rsa_pkcs1_sha256_ecdsa_secp384r1_sha384_rsa_pss_rsae_sha384_rsa_pkcs1_sha384_rsa_pss_rsae_sha512_rsa_pkcs1_sha512,True,t13d1516h2,8daaf6152771,d8a2da3f94cd,t,13,d,15,16,h2,"1:65536;2:0;4:6291456;6:262144|15663105|1:1:0:256,3:1:0:220,5:1:0:256,7:1:5:110|m,a,s,p",1:65536;2:0;4:6291456;6:262144,15663105.0,"1:1:0:256,3:1:0:220,5:1:0:256,7:1:5:110","m,a,s,p",4.0,65536.0,0.0,,6291456.0,,262144.0,":method,:authority,:scheme,:path"
trial-030,b7eda7ca-da5a-4a32-ae1d-28694e7130ab,2026-05-02 20:39:28.909223013+00:00,205.172.168.145,POST,/collect,HTTP/2.0,0.216,TLS 1.3,h2,TLS_AES_128_GCM_SHA256,uxbehaviorsuite.com,True,dfdc2352a0e288d72e88a531f7a200f8,t13d1516h2_8daaf6152771_d8a2da3f94cd,"h2,http/1.1",h2,2,True,True,0.0,h2_first,"2570,772,771","TLS 1.3,TLS 1.2",2,True,True,True,False,0.0,TLS1.3+TLS1.2,True,15,True,0.0,"2570,4865,4866,4867,49195,49199,49196,49200,52393,52392,49171,49172,156,157,47,53",TLS_AES_128_GCM_SHA256_TLS_AES_256_GCM_SHA384_TLS_CHACHA20_POLY1305_SHA256_ECDHE-ECDSA-AES128-GCM_ECDHE-RSA-AES128-GCM_ECDHE-ECDSA-AES256-GCM_ECDHE-RSA-AES256-GCM_ECDHE-ECDSA-CHACHA20_ECDHE-RSA-CHACHA20_ECDHE-RSA-AES128-CBC_ECDHE-RSA-AES256-CBC_RSA-AES128-GCM_RSA-AES256-GCM_RSA-AES128-CBC_RSA-AES256-CBC,4,True,0.0,"2570,4588,29,23,24",X25519MLKEM768_x25519_secp256r1_secp384r1,8,False,,"1027,2052,1025,1283,2053,1281,2054,1537",ecdsa_secp256r1_sha256_rsa_pss_rsae_sha256_rsa_pkcs1_sha256_ecdsa_secp384r1_sha384_rsa_pss_rsae_sha384_rsa_pkcs1_sha384_rsa_pss_rsae_sha512_rsa_pkcs1_sha512,True,t13d1516h2,8daaf6152771,d8a2da3f94cd,t,13,d,15,16,h2,"1:65536;2:0;4:6291456;6:262144|15663105|1:1:0:256,3:1:0:220,5:1:0:256,7:1:5:110,9:1:7:110|m,a,s,p",1:65536;2:0;4:6291456;6:262144,15663105.0,"1:1:0:256,3:1:0:220,5:1:0:256,7:1:5:110,9:1:7:110","m,a,s,p",5.0,65536.0,0.0,,6291456.0,,262144.0,":method,:authority,:scheme,:path"
trial-030,3e96975c-d9bd-408a-8efd-f6cb35469207,2026-05-02 20:39:28.912673383+00:00,205.172.168.145,POST,/collect,HTTP/2.0,0.2,TLS 1.3,h2,TLS_AES_128_GCM_SHA256,uxbehaviorsuite.com,True,dfdc2352a0e288d72e88a531f7a200f8,t13d1516h2_8daaf6152771_d8a2da3f94cd,"h2,http/1.1",h2,2,True,True,0.0,h2_first,"2570,772,771","TLS 1.3,TLS 1.2",2,True,True,True,False,0.0,TLS1.3+TLS1.2,True,15,True,0.0,"2570,4865,4866,4867,49195,49199,49196,49200,52393,52392,49171,49172,156,157,47,53",TLS_AES_128_GCM_SHA256_TLS_AES_256_GCM_SHA384_TLS_CHACHA20_POLY1305_SHA256_ECDHE-ECDSA-AES128-GCM_ECDHE-RSA-AES128-GCM_ECDHE-ECDSA-AES256-GCM_ECDHE-RSA-AES256-GCM_ECDHE-ECDSA-CHACHA20_ECDHE-RSA-CHACHA20_ECDHE-RSA-AES128-CBC_ECDHE-RSA-AES256-CBC_RSA-AES128-GCM_RSA-AES256-GCM_RSA-AES128-CBC_RSA-AES256-CBC,4,True,0.0,"2570,4588,29,23,24",X25519MLKEM768_x25519_secp256r1_secp384r1,8,False,,"1027,2052,1025,1283,2053,1281,2054,1537",ecdsa_secp256r1_sha256_rsa_pss_rsae_sha256_rsa_pkcs1_sha256_ecdsa_secp384r1_sha384_rsa_pss_rsae_sha384_rsa_pkcs1_sha384_rsa_pss_rsae_sha512_rsa_pkcs1_sha512,True,t13d1516h2,8daaf6152771,d8a2da3f94cd,t,13,d,15,16,h2,"1:65536;2:0;4:6291456;6:262144|15663105|1:1:0:256,3:1:0:220,5:1:0:256,7:1:5:110,9:1:7:110,11:1:9:110|m,a,s,p",1:65536;2:0;4:6291456;6:262144,15663105.0,"1:1:0:256,3:1:0:220,5:1:0:256,7:1:5:110,9:1:7:110,11:1:9:110","m,a,s,p",6.0,65536.0,0.0,,6291456.0,,262144.0,":method,:authority,:scheme,:path"
trial-030,3870c2a8-0b47-47b6-b564-944d54761852,2026-05-02 20:40:35.699294675+00:00,205.172.168.145,GET,/subscribe-v3.html,HTTP/2.0,0.472,TLS 1.3,h2,TLS_AES_128_GCM_SHA256,uxbehaviorsuite.com,True,dfdc2352a0e288d72e88a531f7a200f8,t13d1516h2_8daaf6152771_d8a2da3f94cd,"h2,http/1.1",h2,2,True,True,0.0,h2_first,"2570,772,771","TLS 1.3,TLS 1.2",2,True,True,True,False,0.0,TLS1.3+TLS1.2,True,15,True,0.0,"2570,4865,4866,4867,49195,49199,49196,49200,52393,52392,49171,49172,156,157,47,53",TLS_AES_128_GCM_SHA256_TLS_AES_256_GCM_SHA384_TLS_CHACHA20_POLY1305_SHA256_ECDHE-ECDSA-AES128-GCM_ECDHE-RSA-AES128-GCM_ECDHE-ECDSA-AES256-GCM_ECDHE-RSA-AES256-GCM_ECDHE-ECDSA-CHACHA20_ECDHE-RSA-CHACHA20_ECDHE-RSA-AES128-CBC_ECDHE-RSA-AES256-CBC_RSA-AES128-GCM_RSA-AES256-GCM_RSA-AES128-CBC_RSA-AES256-CBC,4,True,0.0,"2570,4588,29,23,24",X25519MLKEM768_x25519_secp256r1_secp384r1,8,False,,"1027,2052,1025,1283,2053,1281,2054,1537",ecdsa_secp256r1_sha256_rsa_pss_rsae_sha256_rsa_pkcs1_sha256_ecdsa_secp384r1_sha384_rsa_pss_rsae_sha384_rsa_pkcs1_sha384_rsa_pss_rsae_sha512_rsa_pkcs1_sha512,True,t13d1516h2,8daaf6152771,d8a2da3f94cd,t,13,d,15,16,h2,"1:65536;2:0;4:6291456;6:262144|15663105|1:1:0:256,3:1:0:220,5:1:0:256,7:1:5:110,9:1:7:110,11:1:9:110,13:1:0:256|m,a,s,p",1:65536;2:0;4:6291456;6:262144,15663105.0,"1:1:0:256,3:1:0:220,5:1:0:256,7:1:5:110,9:1:7:110,11:1:9:110,13:1:0:256","m,a,s,p",7.0,65536.0,0.0,,6291456.0,,262144.0,":method,:authority,:scheme,:path"
trial-030,6ee63879-3b4c-41e0-9ea0-6e4623557d9e,2026-05-02 20:40:35.699623704+00:00,205.172.168.145,POST,/collect,HTTP/2.0,0.427,TLS 1.3,h2,TLS_AES_128_GCM_SHA256,uxbehaviorsuite.com,True,dfdc2352a0e288d72e88a531f7a200f8,t13d1516h2_8daaf6152771_d8a2da3f94cd,"h2,http/1.1",h2,2,True,True,0.0,h2_first,"2570,772,771","TLS 1.3,TLS 1.2",2,True,True,True,False,0.0,TLS1.3+TLS1.2,True,15,True,0.0,"2570,4865,4866,4867,49195,49199,49196,49200,52393,52392,49171,49172,156,157,47,53",TLS_AES_128_GCM_SHA256_TLS_AES_256_GCM_SHA384_TLS_CHACHA20_POLY1305_SHA256_ECDHE-ECDSA-AES128-GCM_ECDHE-RSA-AES128-GCM_ECDHE-ECDSA-AES256-GCM_ECDHE-RSA-AES256-GCM_ECDHE-ECDSA-CHACHA20_ECDHE-RSA-CHACHA20_ECDHE-RSA-AES128-CBC_ECDHE-RSA-AES256-CBC_RSA-AES128-GCM_RSA-AES256-GCM_RSA-AES128-CBC_RSA-AES256-CBC,4,True,0.0,"2570,4588,29,23,24",X25519MLKEM768_x25519_secp256r1_secp384r1,8,False,,"1027,2052,1025,1283,2053,1281,2054,1537",ecdsa_secp256r1_sha256_rsa_pss_rsae_sha256_rsa_pkcs1_sha256_ecdsa_secp384r1_sha384_rsa_pss_rsae_sha384_rsa_pkcs1_sha384_rsa_pss_rsae_sha512_rsa_pkcs1_sha512,True,t13d1516h2,8daaf6152771,d8a2da3f94cd,t,13,d,15,16,h2,"1:65536;2:0;4:6291456;6:262144|15663105|1:1:0:256,3:1:0:220,5:1:0:256,7:1:5:110,9:1:7:110,11:1:9:110,13:1:0:256,15:1:13:110|m,a,s,p",1:65536;2:0;4:6291456;6:262144,15663105.0,"1:1:0:256,3:1:0:220,5:1:0:256,7:1:5:110,9:1:7:110,11:1:9:110,13:1:0:256,15:1:13:110","m,a,s,p",8.0,65536.0,0.0,,6291456.0,,262144.0,":method,:authority,:scheme,:path"
trial-030,b732d988-4125-47e4-848f-8b59a77f389e,2026-05-02 20:40:35.723582102+00:00,205.172.168.145,POST,/collect,HTTP/2.0,0.287,TLS 1.3,h2,TLS_AES_128_GCM_SHA256,uxbehaviorsuite.com,True,dfdc2352a0e288d72e88a531f7a200f8,t13d1516h2_8daaf6152771_d8a2da3f94cd,"h2,http/1.1",h2,2,True,True,0.0,h2_first,"2570,772,771","TLS 1.3,TLS 1.2",2,True,True,True,False,0.0,TLS1.3+TLS1.2,True,15,True,0.0,"2570,4865,4866,4867,49195,49199,49196,49200,52393,52392,49171,49172,156,157,47,53",TLS_AES_128_GCM_SHA256_TLS_AES_256_GCM_SHA384_TLS_CHACHA20_POLY1305_SHA256_ECDHE-ECDSA-AES128-GCM_ECDHE-RSA-AES128-GCM_ECDHE-ECDSA-AES256-GCM_ECDHE-RSA-AES256-GCM_ECDHE-ECDSA-CHACHA20_ECDHE-RSA-CHACHA20_ECDHE-RSA-AES128-CBC_ECDHE-RSA-AES256-CBC_RSA-AES128-GCM_RSA-AES256-GCM_RSA-AES128-CBC_RSA-AES256-CBC,4,True,0.0,"2570,4588,29,23,24",X25519MLKEM768_x25519_secp256r1_secp384r1,8,False,,"1027,2052,1025,1283,2053,1281,2054,1537",ecdsa_secp256r1_sha256_rsa_pss_rsae_sha256_rsa_pkcs1_sha256_ecdsa_secp384r1_sha384_rsa_pss_rsae_sha384_rsa_pkcs1_sha384_rsa_pss_rsae_sha512_rsa_pkcs1_sha512,True,t13d1516h2,8daaf6152771,d8a2da3f94cd,t,13,d,15,16,h2,"1:65536;2:0;4:6291456;6:262144|15663105|1:1:0:256,3:1:0:220,5:1:0:256,7:1:5:110,9:1:7:110,11:1:9:110,13:1:0:256,15:1:13:110,17:1:15:110|m,a,s,p",1:65536;2:0;4:6291456;6:262144,15663105.0,"1:1:0:256,3:1:0:220,5:1:0:256,7:1:5:110,9:1:7:110,11:1:9:110,13:1:0:256,15:1:13:110,17:1:15:110","m,a,s,p",9.0,65536.0,0.0,,6291456.0,,262144.0,":method,:authority,:scheme,:path"
trial-030,35b05a78-d35b-4821-9620-c9a803b2644d,2026-05-02 20:40:35.724164849+00:00,205.172.168.145,POST,/collect,HTTP/2.0,0.327,TLS 1.3,h2,TLS_AES_128_GCM_SHA256,uxbehaviorsuite.com,True,dfdc2352a0e288d72e88a531f7a200f8,t13d1516h2_8daaf6152771_d8a2da3f94cd,"h2,http/1.1",h2,2,True,True,0.0,h2_first,"2570,772,771","TLS 1.3,TLS 1.2",2,True,True,True,False,0.0,TLS1.3+TLS1.2,True,15,True,0.0,"2570,4865,4866,4867,49195,49199,49196,49200,52393,52392,49171,49172,156,157,47,53",TLS_AES_128_GCM_SHA256_TLS_AES_256_GCM_SHA384_TLS_CHACHA20_POLY1305_SHA256_ECDHE-ECDSA-AES128-GCM_ECDHE-RSA-AES128-GCM_ECDHE-ECDSA-AES256-GCM_ECDHE-RSA-AES256-GCM_ECDHE-ECDSA-CHACHA20_ECDHE-RSA-CHACHA20_ECDHE-RSA-AES128-CBC_ECDHE-RSA-AES256-CBC_RSA-AES128-GCM_RSA-AES256-GCM_RSA-AES128-CBC_RSA-AES256-CBC,4,True,0.0,"2570,4588,29,23,24",X25519MLKEM768_x25519_secp256r1_secp384r1,8,False,,"1027,2052,1025,1283,2053,1281,2054,1537",ecdsa_secp256r1_sha256_rsa_pss_rsae_sha256_rsa_pkcs1_sha256_ecdsa_secp384r1_sha384_rsa_pss_rsae_sha384_rsa_pkcs1_sha384_rsa_pss_rsae_sha512_rsa_pkcs1_sha512,True,t13d1516h2,8daaf6152771,d8a2da3f94cd,t,13,d,15,16,h2,"1:65536;2:0;4:6291456;6:262144|15663105|1:1:0:256,3:1:0:220,5:1:0:256,7:1:5:110,9:1:7:110,11:1:9:110,13:1:0:256,15:1:13:110,17:1:15:110,19:1:17:110|m,a,s,p",1:65536;2:0;4:6291456;6:262144,15663105.0,"1:1:0:256,3:1:0:220,5:1:0:256,7:1:5:110,9:1:7:110,11:1:9:110,13:1:0:256,15:1:13:110,17:1:15:110,19:1:17:110","m,a,s,p",10.0,65536.0,0.0,,6291456.0,,262144.0,":method,:authority,:scheme,:path"
trial-030,9653d92b-6693-40c9-a1f0-bd6406b7a523,2026-05-02 20:41:33.543293240+00:00,205.172.168.145,GET,/s2-scroll-gate.html,HTTP/2.0,0.465,TLS 1.3,h2,TLS_AES_128_GCM_SHA256,uxbehaviorsuite.com,True,dfdc2352a0e288d72e88a531f7a200f8,t13d1516h2_8daaf6152771_d8a2da3f94cd,"h2,http/1.1",h2,2,True,True,0.0,h2_first,"2570,772,771","TLS 1.3,TLS 1.2",2,True,True,True,False,0.0,TLS1.3+TLS1.2,True,15,True,0.0,"2570,4865,4866,4867,49195,49199,49196,49200,52393,52392,49171,49172,156,157,47,53",TLS_AES_128_GCM_SHA256_TLS_AES_256_GCM_SHA384_TLS_CHACHA20_POLY1305_SHA256_ECDHE-ECDSA-AES128-GCM_ECDHE-RSA-AES128-GCM_ECDHE-ECDSA-AES256-GCM_ECDHE-RSA-AES256-GCM_ECDHE-ECDSA-CHACHA20_ECDHE-RSA-CHACHA20_ECDHE-RSA-AES128-CBC_ECDHE-RSA-AES256-CBC_RSA-AES128-GCM_RSA-AES256-GCM_RSA-AES128-CBC_RSA-AES256-CBC,4,True,0.0,"2570,4588,29,23,24",X25519MLKEM768_x25519_secp256r1_secp384r1,8,False,,"1027,2052,1025,1283,2053,1281,2054,1537",ecdsa_secp256r1_sha256_rsa_pss_rsae_sha256_rsa_pkcs1_sha256_ecdsa_secp384r1_sha384_rsa_pss_rsae_sha384_rsa_pkcs1_sha384_rsa_pss_rsae_sha512_rsa_pkcs1_sha512,True,t13d1516h2,8daaf6152771,d8a2da3f94cd,t,13,d,15,16,h2,"1:65536;2:0;4:6291456;6:262144|15663105|1:1:0:256,3:1:0:220,5:1:0:256,7:1:5:110,9:1:7:110,11:1:9:110,13:1:0:256,15:1:13:110,17:1:15:110,19:1:17:110,21:1:0:256,23:1:21:110|m,a,s,p",1:65536;2:0;4:6291456;6:262144,15663105.0,"1:1:0:256,3:1:0:220,5:1:0:256,7:1:5:110,9:1:7:110,11:1:9:110,13:1:0:256,15:1:13:110,17:1:15:110,19:1:17:110,21:1:0:256,23:1:21:110","m,a,s,p",12.0,65536.0,0.0,,6291456.0,,262144.0,":method,:authority,:scheme,:path"
trial-030,a51ca77a-f807-4003-91d0-b4dec45e9f95,2026-05-02 20:41:33.543360670+00:00,205.172.168.145,POST,/collect,HTTP/2.0,0.342,TLS 1.3,h2,TLS_AES_128_GCM_SHA256,uxbehaviorsuite.com,True,dfdc2352a0e288d72e88a531f7a200f8,t13d1516h2_8daaf6152771_d8a2da3f94cd,"h2,http/1.1",h2,2,True,True,0.0,h2_first,"2570,772,771","TLS 1.3,TLS 1.2",2,True,True,True,False,0.0,TLS1.3+TLS1.2,True,15,True,0.0,"2570,4865,4866,4867,49195,49199,49196,49200,52393,52392,49171,49172,156,157,47,53",TLS_AES_128_GCM_SHA256_TLS_AES_256_GCM_SHA384_TLS_CHACHA20_POLY1305_SHA256_ECDHE-ECDSA-AES128-GCM_ECDHE-RSA-AES128-GCM_ECDHE-ECDSA-AES256-GCM_ECDHE-RSA-AES256-GCM_ECDHE-ECDSA-CHACHA20_ECDHE-RSA-CHACHA20_ECDHE-RSA-AES128-CBC_ECDHE-RSA-AES256-CBC_RSA-AES128-GCM_RSA-AES256-GCM_RSA-AES128-CBC_RSA-AES256-CBC,4,True,0.0,"2570,4588,29,23,24",X25519MLKEM768_x25519_secp256r1_secp384r1,8,False,,"1027,2052,1025,1283,2053,1281,2054,1537",ecdsa_secp256r1_sha256_rsa_pss_rsae_sha256_rsa_pkcs1_sha256_ecdsa_secp384r1_sha384_rsa_pss_rsae_sha384_rsa_pkcs1_sha384_rsa_pss_rsae_sha512_rsa_pkcs1_sha512,True,t13d1516h2,8daaf6152771,d8a2da3f94cd,t,13,d,15,16,h2,"1:65536;2:0;4:6291456;6:262144|15663105|1:1:0:256,3:1:0:220,5:1:0:256,7:1:5:110,9:1:7:110,11:1:9:110,13:1:0:256,15:1:13:110,17:1:15:110,19:1:17:110,21:1:0:256,23:1:21:110|m,a,s,p",1:65536;2:0;4:6291456;6:262144,15663105.0,"1:1:0:256,3:1:0:220,5:1:0:256,7:1:5:110,9:1:7:110,11:1:9:110,13:1:0:256,15:1:13:110,17:1:15:110,19:1:17:110,21:1:0:256,23:1:21:110","m,a,s,p",12.0,65536.0,0.0,,6291456.0,,262144.0,":method,:authority,:scheme,:path"
trial-030,7382e594-dfe5-47b4-9afe-9f066fd170f0,2026-05-02 20:41:33.563735332+00:00,205.172.168.145,POST,/collect,HTTP/2.0,0.222,TLS 1.3,h2,TLS_AES_128_GCM_SHA256,uxbehaviorsuite.com,True,dfdc2352a0e288d72e88a531f7a200f8,t13d1516h2_8daaf6152771_d8a2da3f94cd,"h2,http/1.1",h2,2,True,True,0.0,h2_first,"2570,772,771","TLS 1.3,TLS 1.2",2,True,True,True,False,0.0,TLS1.3+TLS1.2,True,15,True,0.0,"2570,4865,4866,4867,49195,49199,49196,49200,52393,52392,49171,49172,156,157,47,53",TLS_AES_128_GCM_SHA256_TLS_AES_256_GCM_SHA384_TLS_CHACHA20_POLY1305_SHA256_ECDHE-ECDSA-AES128-GCM_ECDHE-RSA-AES128-GCM_ECDHE-ECDSA-AES256-GCM_ECDHE-RSA-AES256-GCM_ECDHE-ECDSA-CHACHA20_ECDHE-RSA-CHACHA20_ECDHE-RSA-AES128-CBC_ECDHE-RSA-AES256-CBC_RSA-AES128-GCM_RSA-AES256-GCM_RSA-AES128-CBC_RSA-AES256-CBC,4,True,0.0,"2570,4588,29,23,24",X25519MLKEM768_x25519_secp256r1_secp384r1,8,False,,"1027,2052,1025,1283,2053,1281,2054,1537",ecdsa_secp256r1_sha256_rsa_pss_rsae_sha256_rsa_pkcs1_sha256_ecdsa_secp384r1_sha384_rsa_pss_rsae_sha384_rsa_pkcs1_sha384_rsa_pss_rsae_sha512_rsa_pkcs1_sha512,True,t13d1516h2,8daaf6152771,d8a2da3f94cd,t,13,d,15,16,h2,"1:65536;2:0;4:6291456;6:262144|15663105|1:1:0:256,3:1:0:220,5:1:0:256,7:1:5:110,9:1:7:110,11:1:9:110,13:1:0:256,15:1:13:110,17:1:15:110,19:1:17:110,21:1:0:256,23:1:21:110,25:1:23:110|m,a,s,p",1:65536;2:0;4:6291456;6:262144,15663105.0,"1:1:0:256,3:1:0:220,5:1:0:256,7:1:5:110,9:1:7:110,11:1:9:110,13:1:0:256,15:1:13:110,17:1:15:110,19:1:17:110,21:1:0:256,23:1:21:110,25:1:23:110","m,a,s,p",13.0,65536.0,0.0,,6291456.0,,262144.0,":method,:authority,:scheme,:path"
trial-030,cd02595b-0e5b-4ee4-b2b3-6f7d4fdecfb8,2026-05-02 20:41:33.567387272+00:00,205.172.168.145,POST,/collect,HTTP/2.0,0.186,TLS 1.3,h2,TLS_AES_128_GCM_SHA256,uxbehaviorsuite.com,True,dfdc2352a0e288d72e88a531f7a200f8,t13d1516h2_8daaf6152771_d8a2da3f94cd,"h2,http/1.1",h2,2,True,True,0.0,h2_first,"2570,772,771","TLS 1.3,TLS 1.2",2,True,True,True,False,0.0,TLS1.3+TLS1.2,True,15,True,0.0,"2570,4865,4866,4867,49195,49199,49196,49200,52393,52392,49171,49172,156,157,47,53",TLS_AES_128_GCM_SHA256_TLS_AES_256_GCM_SHA384_TLS_CHACHA20_POLY1305_SHA256_ECDHE-ECDSA-AES128-GCM_ECDHE-RSA-AES128-GCM_ECDHE-ECDSA-AES256-GCM_ECDHE-RSA-AES256-GCM_ECDHE-ECDSA-CHACHA20_ECDHE-RSA-CHACHA20_ECDHE-RSA-AES128-CBC_ECDHE-RSA-AES256-CBC_RSA-AES128-GCM_RSA-AES256-GCM_RSA-AES128-CBC_RSA-AES256-CBC,4,True,0.0,"2570,4588,29,23,24",X25519MLKEM768_x25519_secp256r1_secp384r1,8,False,,"1027,2052,1025,1283,2053,1281,2054,1537",ecdsa_secp256r1_sha256_rsa_pss_rsae_sha256_rsa_pkcs1_sha256_ecdsa_secp384r1_sha384_rsa_pss_rsae_sha384_rsa_pkcs1_sha384_rsa_pss_rsae_sha512_rsa_pkcs1_sha512,True,t13d1516h2,8daaf6152771,d8a2da3f94cd,t,13,d,15,16,h2,"1:65536;2:0;4:6291456;6:262144|15663105|1:1:0:256,3:1:0:220,5:1:0:256,7:1:5:110,9:1:7:110,11:1:9:110,13:1:0:256,15:1:13:110,17:1:15:110,19:1:17:110,21:1:0:256,23:1:21:110,25:1:23:110,27:1:25:110|m,a,s,p",1:65536;2:0;4:6291456;6:262144,15663105.0,"1:1:0:256,3:1:0:220,5:1:0:256,7:1:5:110,9:1:7:110,11:1:9:110,13:1:0:256,15:1:13:110,17:1:15:110,19:1:17:110,21:1:0:256,23:1:21:110,25:1:23:110,27:1:25:110","m,a,s,p",14.0,65536.0,0.0,,6291456.0,,262144.0,":method,:authority,:scheme,:path"
trial-030,4b14b074-4f35-4f29-a1af-1efb7b91392a,2026-05-02 20:42:34.751596273+00:00,205.172.168.145,GET,/s3-hover-reveal.html,HTTP/2.0,0.523,TLS 1.3,h2,TLS_AES_128_GCM_SHA256,uxbehaviorsuite.com,True,dfdc2352a0e288d72e88a531f7a200f8,t13d1516h2_8daaf6152771_d8a2da3f94cd,"h2,http/1.1",h2,2,True,True,0.0,h2_first,"2570,772,771","TLS 1.3,TLS 1.2",2,True,True,True,False,0.0,TLS1.3+TLS1.2,True,15,True,0.0,"2570,4865,4866,4867,49195,49199,49196,49200,52393,52392,49171,49172,156,157,47,53",TLS_AES_128_GCM_SHA256_TLS_AES_256_GCM_SHA384_TLS_CHACHA20_POLY1305_SHA256_ECDHE-ECDSA-AES128-GCM_ECDHE-RSA-AES128-GCM_ECDHE-ECDSA-AES256-GCM_ECDHE-RSA-AES256-GCM_ECDHE-ECDSA-CHACHA20_ECDHE-RSA-CHACHA20_ECDHE-RSA-AES128-CBC_ECDHE-RSA-AES256-CBC_RSA-AES128-GCM_RSA-AES256-GCM_RSA-AES128-CBC_RSA-AES256-CBC,4,True,0.0,"2570,4588,29,23,24",X25519MLKEM768_x25519_secp256r1_secp384r1,8,False,,"1027,2052,1025,1283,2053,1281,2054,1537",ecdsa_secp256r1_sha256_rsa_pss_rsae_sha256_rsa_pkcs1_sha256_ecdsa_secp384r1_sha384_rsa_pss_rsae_sha384_rsa_pkcs1_sha384_rsa_pss_rsae_sha512_rsa_pkcs1_sha512,True,t13d1516h2,8daaf6152771,d8a2da3f94cd,t,13,d,15,16,h2,"1:65536;2:0;4:6291456;6:262144|15663105|1:1:0:256,3:1:0:220,5:1:0:256,7:1:5:110,9:1:7:110,11:1:9:110,13:1:0:256,15:1:13:110,17:1:15:110,19:1:17:110,21:1:0:256,23:1:21:110,25:1:23:110,27:1:25:110,29:1:0:256,31:1:29:110|m,a,s,p",1:65536;2:0;4:6291456;6:262144,15663105.0,"1:1:0:256,3:1:0:220,5:1:0:256,7:1:5:110,9:1:7:110,11:1:9:110,13:1:0:256,15:1:13:110,17:1:15:110,19:1:17:110,21:1:0:256,23:1:21:110,25:1:23:110,27:1:25:110,29:1:0:256,31:1:29:110","m,a,s,p",16.0,65536.0,0.0,,6291456.0,,262144.0,":method,:authority,:scheme,:path"
trial-030,2e23929f-b992-43d0-a5e5-a20006cec47e,2026-05-02 20:42:34.751689053+00:00,205.172.168.145,POST,/collect,HTTP/2.0,0.333,TLS 1.3,h2,TLS_AES_128_GCM_SHA256,uxbehaviorsuite.com,True,dfdc2352a0e288d72e88a531f7a200f8,t13d1516h2_8daaf6152771_d8a2da3f94cd,"h2,http/1.1",h2,2,True,True,0.0,h2_first,"2570,772,771","TLS 1.3,TLS 1.2",2,True,True,True,False,0.0,TLS1.3+TLS1.2,True,15,True,0.0,"2570,4865,4866,4867,49195,49199,49196,49200,52393,52392,49171,49172,156,157,47,53",TLS_AES_128_GCM_SHA256_TLS_AES_256_GCM_SHA384_TLS_CHACHA20_POLY1305_SHA256_ECDHE-ECDSA-AES128-GCM_ECDHE-RSA-AES128-GCM_ECDHE-ECDSA-AES256-GCM_ECDHE-RSA-AES256-GCM_ECDHE-ECDSA-CHACHA20_ECDHE-RSA-CHACHA20_ECDHE-RSA-AES128-CBC_ECDHE-RSA-AES256-CBC_RSA-AES128-GCM_RSA-AES256-GCM_RSA-AES128-CBC_RSA-AES256-CBC,4,True,0.0,"2570,4588,29,23,24",X25519MLKEM768_x25519_secp256r1_secp384r1,8,False,,"1027,2052,1025,1283,2053,1281,2054,1537",ecdsa_secp256r1_sha256_rsa_pss_rsae_sha256_rsa_pkcs1_sha256_ecdsa_secp384r1_sha384_rsa_pss_rsae_sha384_rsa_pkcs1_sha384_rsa_pss_rsae_sha512_rsa_pkcs1_sha512,True,t13d1516h2,8daaf6152771,d8a2da3f94cd,t,13,d,15,16,h2,"1:65536;2:0;4:6291456;6:262144|15663105|1:1:0:256,3:1:0:220,5:1:0:256,7:1:5:110,9:1:7:110,11:1:9:110,13:1:0:256,15:1:13:110,17:1:15:110,19:1:17:110,21:1:0:256,23:1:21:110,25:1:23:110,27:1:25:110,29:1:0:256,31:1:29:110|m,a,s,p",1:65536;2:0;4:6291456;6:262144,15663105.0,"1:1:0:256,3:1:0:220,5:1:0:256,7:1:5:110,9:1:7:110,11:1:9:110,13:1:0:256,15:1:13:110,17:1:15:110,19:1:17:110,21:1:0:256,23:1:21:110,25:1:23:110,27:1:25:110,29:1:0:256,31:1:29:110","m,a,s,p",16.0,65536.0,0.0,,6291456.0,,262144.0,":method,:authority,:scheme,:path"
trial-030,b4412633-5203-486c-805e-0bd242a8932a,2026-05-02 20:42:34.772787960+00:00,205.172.168.145,POST,/collect,HTTP/2.0,0.259,TLS 1.3,h2,TLS_AES_128_GCM_SHA256,uxbehaviorsuite.com,True,dfdc2352a0e288d72e88a531f7a200f8,t13d1516h2_8daaf6152771_d8a2da3f94cd,"h2,http/1.1",h2,2,True,True,0.0,h2_first,"2570,772,771","TLS 1.3,TLS 1.2",2,True,True,True,False,0.0,TLS1.3+TLS1.2,True,15,True,0.0,"2570,4865,4866,4867,49195,49199,49196,49200,52393,52392,49171,49172,156,157,47,53",TLS_AES_128_GCM_SHA256_TLS_AES_256_GCM_SHA384_TLS_CHACHA20_POLY1305_SHA256_ECDHE-ECDSA-AES128-GCM_ECDHE-RSA-AES128-GCM_ECDHE-ECDSA-AES256-GCM_ECDHE-RSA-AES256-GCM_ECDHE-ECDSA-CHACHA20_ECDHE-RSA-CHACHA20_ECDHE-RSA-AES128-CBC_ECDHE-RSA-AES256-CBC_RSA-AES128-GCM_RSA-AES256-GCM_RSA-AES128-CBC_RSA-AES256-CBC,4,True,0.0,"2570,4588,29,23,24",X25519MLKEM768_x25519_secp256r1_secp384r1,8,False,,"1027,2052,1025,1283,2053,1281,2054,1537",ecdsa_secp256r1_sha256_rsa_pss_rsae_sha256_rsa_pkcs1_sha256_ecdsa_secp384r1_sha384_rsa_pss_rsae_sha384_rsa_pkcs1_sha384_rsa_pss_rsae_sha512_rsa_pkcs1_sha512,True,t13d1516h2,8daaf6152771,d8a2da3f94cd,t,13,d,15,16,h2,"1:65536;2:0;4:6291456;6:262144|15663105|1:1:0:256,3:1:0:220,5:1:0:256,7:1:5:110,9:1:7:110,11:1:9:110,13:1:0:256,15:1:13:110,17:1:15:110,19:1:17:110,21:1:0:256,23:1:21:110,25:1:23:110,27:1:25:110,29:1:0:256,31:1:29:110,33:1:31:110|m,a,s,p",1:65536;2:0;4:6291456;6:262144,15663105.0,"1:1:0:256,3:1:0:220,5:1:0:256,7:1:5:110,9:1:7:110,11:1:9:110,13:1:0:256,15:1:13:110,17:1:15:110,19:1:17:110,21:1:0:256,23:1:21:110,25:1:23:110,27:1:25:110,29:1:0:256,31:1:29:110,33:1:31:110","m,a,s,p",17.0,65536.0,0.0,,6291456.0,,262144.0,":method,:authority,:scheme,:path"
trial-030,6d1020c7-15ef-4d0a-a7f3-119ad7f5b937,2026-05-02 20:42:34.775194522+00:00,205.172.168.145,POST,/collect,HTTP/2.0,0.212,TLS 1.3,h2,TLS_AES_128_GCM_SHA256,uxbehaviorsuite.com,True,dfdc2352a0e288d72e88a531f7a200f8,t13d1516h2_8daaf6152771_d8a2da3f94cd,"h2,http/1.1",h2,2,True,True,0.0,h2_first,"2570,772,771","TLS 1.3,TLS 1.2",2,True,True,True,False,0.0,TLS1.3+TLS1.2,True,15,True,0.0,"2570,4865,4866,4867,49195,49199,49196,49200,52393,52392,49171,49172,156,157,47,53",TLS_AES_128_GCM_SHA256_TLS_AES_256_GCM_SHA384_TLS_CHACHA20_POLY1305_SHA256_ECDHE-ECDSA-AES128-GCM_ECDHE-RSA-AES128-GCM_ECDHE-ECDSA-AES256-GCM_ECDHE-RSA-AES256-GCM_ECDHE-ECDSA-CHACHA20_ECDHE-RSA-CHACHA20_ECDHE-RSA-AES128-CBC_ECDHE-RSA-AES256-CBC_RSA-AES128-GCM_RSA-AES256-GCM_RSA-AES128-CBC_RSA-AES256-CBC,4,True,0.0,"2570,4588,29,23,24",X25519MLKEM768_x25519_secp256r1_secp384r1,8,False,,"1027,2052,1025,1283,2053,1281,2054,1537",ecdsa_secp256r1_sha256_rsa_pss_rsae_sha256_rsa_pkcs1_sha256_ecdsa_secp384r1_sha384_rsa_pss_rsae_sha384_rsa_pkcs1_sha384_rsa_pss_rsae_sha512_rsa_pkcs1_sha512,True,t13d1516h2,8daaf6152771,d8a2da3f94cd,t,13,d,15,16,h2,"1:65536;2:0;4:6291456;6:262144|15663105|1:1:0:256,3:1:0:220,5:1:0:256,7:1:5:110,9:1:7:110,11:1:9:110,13:1:0:256,15:1:13:110,17:1:15:110,19:1:17:110,21:1:0:256,23:1:21:110,25:1:23:110,27:1:25:110,29:1:0:256,31:1:29:110,33:1:31:110,35:1:33:110|m,a,s,p",1:65536;2:0;4:6291456;6:262144,15663105.0,"1:1:0:256,3:1:0:220,5:1:0:256,7:1:5:110,9:1:7:110,11:1:9:110,13:1:0:256,15:1:13:110,17:1:15:110,19:1:17:110,21:1:0:256,23:1:21:110,25:1:23:110,27:1:25:110,29:1:0:256,31:1:29:110,33:1:31:110,35:1:33:110","m,a,s,p",18.0,65536.0,0.0,,6291456.0,,262144.0,":method,:authority,:scheme,:path"
trial-030,35e1a390-13bd-4e76-933f-d9a2f94beb7f,2026-05-02 20:44:03.113374654+00:00,205.172.168.145,GET,/s4-dom-mismatch.html,HTTP/2.0,0.328,TLS 1.3,h2,TLS_AES_128_GCM_SHA256,uxbehaviorsuite.com,True,dfdc2352a0e288d72e88a531f7a200f8,t13d1516h2_8daaf6152771_d8a2da3f94cd,"h2,http/1.1",h2,2,True,True,0.0,h2_first,"2570,772,771","TLS 1.3,TLS 1.2",2,True,True,True,False,0.0,TLS1.3+TLS1.2,True,15,True,0.0,"2570,4865,4866,4867,49195,49199,49196,49200,52393,52392,49171,49172,156,157,47,53",TLS_AES_128_GCM_SHA256_TLS_AES_256_GCM_SHA384_TLS_CHACHA20_POLY1305_SHA256_ECDHE-ECDSA-AES128-GCM_ECDHE-RSA-AES128-GCM_ECDHE-ECDSA-AES256-GCM_ECDHE-RSA-AES256-GCM_ECDHE-ECDSA-CHACHA20_ECDHE-RSA-CHACHA20_ECDHE-RSA-AES128-CBC_ECDHE-RSA-AES256-CBC_RSA-AES128-GCM_RSA-AES256-GCM_RSA-AES128-CBC_RSA-AES256-CBC,4,True,0.0,"2570,4588,29,23,24",X25519MLKEM768_x25519_secp256r1_secp384r1,8,False,,"1027,2052,1025,1283,2053,1281,2054,1537",ecdsa_secp256r1_sha256_rsa_pss_rsae_sha256_rsa_pkcs1_sha256_ecdsa_secp384r1_sha384_rsa_pss_rsae_sha384_rsa_pkcs1_sha384_rsa_pss_rsae_sha512_rsa_pkcs1_sha512,True,t13d1516h2,8daaf6152771,d8a2da3f94cd,t,13,d,15,16,h2,"1:65536;2:0;4:6291456;6:262144|15663105|1:1:0:256,3:1:0:220,5:1:0:256,7:1:5:110,9:1:7:110,11:1:9:110,13:1:0:256,15:1:13:110,17:1:15:110,19:1:17:110,21:1:0:256,23:1:21:110,25:1:23:110,27:1:25:110,29:1:0:256,31:1:29:110,33:1:31:110,35:1:33:110,37:1:0:110,39:1:0:256|m,a,s,p",1:65536;2:0;4:6291456;6:262144,15663105.0,"1:1:0:256,3:1:0:220,5:1:0:256,7:1:5:110,9:1:7:110,11:1:9:110,13:1:0:256,15:1:13:110,17:1:15:110,19:1:17:110,21:1:0:256,23:1:21:110,25:1:23:110,27:1:25:110,29:1:0:256,31:1:29:110,33:1:31:110,35:1:33:110,37:1:0:110,39:1:0:256","m,a,s,p",20.0,65536.0,0.0,,6291456.0,,262144.0,":method,:authority,:scheme,:path"
trial-030,515525cc-ca07-42cb-830c-ed15c8f372c2,2026-05-02 20:44:03.143351466+00:00,205.172.168.145,POST,/collect,HTTP/2.0,0.395,TLS 1.3,h2,TLS_AES_128_GCM_SHA256,uxbehaviorsuite.com,True,dfdc2352a0e288d72e88a531f7a200f8,t13d1516h2_8daaf6152771_d8a2da3f94cd,"h2,http/1.1",h2,2,True,True,0.0,h2_first,"2570,772,771","TLS 1.3,TLS 1.2",2,True,True,True,False,0.0,TLS1.3+TLS1.2,True,15,True,0.0,"2570,4865,4866,4867,49195,49199,49196,49200,52393,52392,49171,49172,156,157,47,53",TLS_AES_128_GCM_SHA256_TLS_AES_256_GCM_SHA384_TLS_CHACHA20_POLY1305_SHA256_ECDHE-ECDSA-AES128-GCM_ECDHE-RSA-AES128-GCM_ECDHE-ECDSA-AES256-GCM_ECDHE-RSA-AES256-GCM_ECDHE-ECDSA-CHACHA20_ECDHE-RSA-CHACHA20_ECDHE-RSA-AES128-CBC_ECDHE-RSA-AES256-CBC_RSA-AES128-GCM_RSA-AES256-GCM_RSA-AES128-CBC_RSA-AES256-CBC,4,True,0.0,"2570,4588,29,23,24",X25519MLKEM768_x25519_secp256r1_secp384r1,8,False,,"1027,2052,1025,1283,2053,1281,2054,1537",ecdsa_secp256r1_sha256_rsa_pss_rsae_sha256_rsa_pkcs1_sha256_ecdsa_secp384r1_sha384_rsa_pss_rsae_sha384_rsa_pkcs1_sha384_rsa_pss_rsae_sha512_rsa_pkcs1_sha512,True,t13d1516h2,8daaf6152771,d8a2da3f94cd,t,13,d,15,16,h2,"1:65536;2:0;4:6291456;6:262144|15663105|1:1:0:256,3:1:0:220,5:1:0:256,7:1:5:110,9:1:7:110,11:1:9:110,13:1:0:256,15:1:13:110,17:1:15:110,19:1:17:110,21:1:0:256,23:1:21:110,25:1:23:110,27:1:25:110,29:1:0:256,31:1:29:110,33:1:31:110,35:1:33:110,37:1:0:110,39:1:0:256,41:1:0:110,43:1:41:110|m,a,s,p",1:65536;2:0;4:6291456;6:262144,15663105.0,"1:1:0:256,3:1:0:220,5:1:0:256,7:1:5:110,9:1:7:110,11:1:9:110,13:1:0:256,15:1:13:110,17:1:15:110,19:1:17:110,21:1:0:256,23:1:21:110,25:1:23:110,27:1:25:110,29:1:0:256,31:1:29:110,33:1:31:110,35:1:33:110,37:1:0:110,39:1:0:256,41:1:0:110,43:1:41:110","m,a,s,p",22.0,65536.0,0.0,,6291456.0,,262144.0,":method,:authority,:scheme,:path"
trial-030,f7608c5c-860c-4225-903f-0558c269e2f6,2026-05-02 20:44:03.143388598+00:00,205.172.168.145,POST,/collect,HTTP/2.0,0.262,TLS 1.3,h2,TLS_AES_128_GCM_SHA256,uxbehaviorsuite.com,True,dfdc2352a0e288d72e88a531f7a200f8,t13d1516h2_8daaf6152771_d8a2da3f94cd,"h2,http/1.1",h2,2,True,True,0.0,h2_first,"2570,772,771","TLS 1.3,TLS 1.2",2,True,True,True,False,0.0,TLS1.3+TLS1.2,True,15,True,0.0,"2570,4865,4866,4867,49195,49199,49196,49200,52393,52392,49171,49172,156,157,47,53",TLS_AES_128_GCM_SHA256_TLS_AES_256_GCM_SHA384_TLS_CHACHA20_POLY1305_SHA256_ECDHE-ECDSA-AES128-GCM_ECDHE-RSA-AES128-GCM_ECDHE-ECDSA-AES256-GCM_ECDHE-RSA-AES256-GCM_ECDHE-ECDSA-CHACHA20_ECDHE-RSA-CHACHA20_ECDHE-RSA-AES128-CBC_ECDHE-RSA-AES256-CBC_RSA-AES128-GCM_RSA-AES256-GCM_RSA-AES128-CBC_RSA-AES256-CBC,4,True,0.0,"2570,4588,29,23,24",X25519MLKEM768_x25519_secp256r1_secp384r1,8,False,,"1027,2052,1025,1283,2053,1281,2054,1537",ecdsa_secp256r1_sha256_rsa_pss_rsae_sha256_rsa_pkcs1_sha256_ecdsa_secp384r1_sha384_rsa_pss_rsae_sha384_rsa_pkcs1_sha384_rsa_pss_rsae_sha512_rsa_pkcs1_sha512,True,t13d1516h2,8daaf6152771,d8a2da3f94cd,t,13,d,15,16,h2,"1:65536;2:0;4:6291456;6:262144|15663105|1:1:0:256,3:1:0:220,5:1:0:256,7:1:5:110,9:1:7:110,11:1:9:110,13:1:0:256,15:1:13:110,17:1:15:110,19:1:17:110,21:1:0:256,23:1:21:110,25:1:23:110,27:1:25:110,29:1:0:256,31:1:29:110,33:1:31:110,35:1:33:110,37:1:0:110,39:1:0:256,41:1:0:110,43:1:41:110|m,a,s,p",1:65536;2:0;4:6291456;6:262144,15663105.0,"1:1:0:256,3:1:0:220,5:1:0:256,7:1:5:110,9:1:7:110,11:1:9:110,13:1:0:256,15:1:13:110,17:1:15:110,19:1:17:110,21:1:0:256,23:1:21:110,25:1:23:110,27:1:25:110,29:1:0:256,31:1:29:110,33:1:31:110,35:1:33:110,37:1:0:110,39:1:0:256,41:1:0:110,43:1:41:110","m,a,s,p",22.0,65536.0,0.0,,6291456.0,,262144.0,":method,:authority,:scheme,:path"
trial-030,f7f1f028-dd88-486b-a9b5-4cc961983895,2026-05-02 20:45:42.308230553+00:00,205.172.168.145,GET,/s5-delayed-feedback.html,HTTP/2.0,1.61,TLS 1.3,h2,TLS_AES_128_GCM_SHA256,uxbehaviorsuite.com,True,dfdc2352a0e288d72e88a531f7a200f8,t13d1516h2_8daaf6152771_d8a2da3f94cd,"h2,http/1.1",h2,2,True,True,0.0,h2_first,"2570,772,771","TLS 1.3,TLS 1.2",2,True,True,True,False,0.0,TLS1.3+TLS1.2,True,15,True,0.0,"2570,4865,4866,4867,49195,49199,49196,49200,52393,52392,49171,49172,156,157,47,53",TLS_AES_128_GCM_SHA256_TLS_AES_256_GCM_SHA384_TLS_CHACHA20_POLY1305_SHA256_ECDHE-ECDSA-AES128-GCM_ECDHE-RSA-AES128-GCM_ECDHE-ECDSA-AES256-GCM_ECDHE-RSA-AES256-GCM_ECDHE-ECDSA-CHACHA20_ECDHE-RSA-CHACHA20_ECDHE-RSA-AES128-CBC_ECDHE-RSA-AES256-CBC_RSA-AES128-GCM_RSA-AES256-GCM_RSA-AES128-CBC_RSA-AES256-CBC,4,True,0.0,"2570,4588,29,23,24",X25519MLKEM768_x25519_secp256r1_secp384r1,8,False,,"1027,2052,1025,1283,2053,1281,2054,1537",ecdsa_secp256r1_sha256_rsa_pss_rsae_sha256_rsa_pkcs1_sha256_ecdsa_secp384r1_sha384_rsa_pss_rsae_sha384_rsa_pkcs1_sha384_rsa_pss_rsae_sha512_rsa_pkcs1_sha512,True,t13d1516h2,8daaf6152771,d8a2da3f94cd,t,13,d,15,16,h2,"1:65536;2:0;4:6291456;6:262144|15663105|1:1:0:256,3:1:0:220,5:1:0:256,7:1:5:110,9:1:7:110,11:1:9:110,13:1:0:256,15:1:13:110,17:1:15:110,19:1:17:110,21:1:0:256,23:1:21:110,25:1:23:110,27:1:25:110,29:1:0:256,31:1:29:110,33:1:31:110,35:1:33:110,37:1:0:110,39:1:0:256,41:1:0:110,43:1:41:110,45:1:0:256|m,a,s,p",1:65536;2:0;4:6291456;6:262144,15663105.0,"1:1:0:256,3:1:0:220,5:1:0:256,7:1:5:110,9:1:7:110,11:1:9:110,13:1:0:256,15:1:13:110,17:1:15:110,19:1:17:110,21:1:0:256,23:1:21:110,25:1:23:110,27:1:25:110,29:1:0:256,31:1:29:110,33:1:31:110,35:1:33:110,37:1:0:110,39:1:0:256,41:1:0:110,43:1:41:110,45:1:0:256","m,a,s,p",23.0,65536.0,0.0,,6291456.0,,262144.0,":method,:authority,:scheme,:path"
trial-030,bcf35c37-0cd8-461a-b963-4ffa31b19ccf,2026-05-02 20:45:42.308766018+00:00,205.172.168.145,POST,/collect,HTTP/2.0,0.606,TLS 1.3,h2,TLS_AES_128_GCM_SHA256,uxbehaviorsuite.com,True,dfdc2352a0e288d72e88a531f7a200f8,t13d1516h2_8daaf6152771_d8a2da3f94cd,"h2,http/1.1",h2,2,True,True,0.0,h2_first,"2570,772,771","TLS 1.3,TLS 1.2",2,True,True,True,False,0.0,TLS1.3+TLS1.2,True,15,True,0.0,"2570,4865,4866,4867,49195,49199,49196,49200,52393,52392,49171,49172,156,157,47,53",TLS_AES_128_GCM_SHA256_TLS_AES_256_GCM_SHA384_TLS_CHACHA20_POLY1305_SHA256_ECDHE-ECDSA-AES128-GCM_ECDHE-RSA-AES128-GCM_ECDHE-ECDSA-AES256-GCM_ECDHE-RSA-AES256-GCM_ECDHE-ECDSA-CHACHA20_ECDHE-RSA-CHACHA20_ECDHE-RSA-AES128-CBC_ECDHE-RSA-AES256-CBC_RSA-AES128-GCM_RSA-AES256-GCM_RSA-AES128-CBC_RSA-AES256-CBC,4,True,0.0,"2570,4588,29,23,24",X25519MLKEM768_x25519_secp256r1_secp384r1,8,False,,"1027,2052,1025,1283,2053,1281,2054,1537",ecdsa_secp256r1_sha256_rsa_pss_rsae_sha256_rsa_pkcs1_sha256_ecdsa_secp384r1_sha384_rsa_pss_rsae_sha384_rsa_pkcs1_sha384_rsa_pss_rsae_sha512_rsa_pkcs1_sha512,True,t13d1516h2,8daaf6152771,d8a2da3f94cd,t,13,d,15,16,h2,"1:65536;2:0;4:6291456;6:262144|15663105|1:1:0:256,3:1:0:220,5:1:0:256,7:1:5:110,9:1:7:110,11:1:9:110,13:1:0:256,15:1:13:110,17:1:15:110,19:1:17:110,21:1:0:256,23:1:21:110,25:1:23:110,27:1:25:110,29:1:0:256,31:1:29:110,33:1:31:110,35:1:33:110,37:1:0:110,39:1:0:256,41:1:0:110,43:1:41:110,45:1:0:256,47:1:45:110|m,a,s,p",1:65536;2:0;4:6291456;6:262144,15663105.0,"1:1:0:256,3:1:0:220,5:1:0:256,7:1:5:110,9:1:7:110,11:1:9:110,13:1:0:256,15:1:13:110,17:1:15:110,19:1:17:110,21:1:0:256,23:1:21:110,25:1:23:110,27:1:25:110,29:1:0:256,31:1:29:110,33:1:31:110,35:1:33:110,37:1:0:110,39:1:0:256,41:1:0:110,43:1:41:110,45:1:0:256,47:1:45:110","m,a,s,p",24.0,65536.0,0.0,,6291456.0,,262144.0,":method,:authority,:scheme,:path"
trial-030,3a862717-39bf-4cf8-9ede-3918e35c3e67,2026-05-02 20:45:42.330177899+00:00,205.172.168.145,POST,/collect,HTTP/2.0,0.2,TLS 1.3,h2,TLS_AES_128_GCM_SHA256,uxbehaviorsuite.com,True,dfdc2352a0e288d72e88a531f7a200f8,t13d1516h2_8daaf6152771_d8a2da3f94cd,"h2,http/1.1",h2,2,True,True,0.0,h2_first,"2570,772,771","TLS 1.3,TLS 1.2",2,True,True,True,False,0.0,TLS1.3+TLS1.2,True,15,True,0.0,"2570,4865,4866,4867,49195,49199,49196,49200,52393,52392,49171,49172,156,157,47,53",TLS_AES_128_GCM_SHA256_TLS_AES_256_GCM_SHA384_TLS_CHACHA20_POLY1305_SHA256_ECDHE-ECDSA-AES128-GCM_ECDHE-RSA-AES128-GCM_ECDHE-ECDSA-AES256-GCM_ECDHE-RSA-AES256-GCM_ECDHE-ECDSA-CHACHA20_ECDHE-RSA-CHACHA20_ECDHE-RSA-AES128-CBC_ECDHE-RSA-AES256-CBC_RSA-AES128-GCM_RSA-AES256-GCM_RSA-AES128-CBC_RSA-AES256-CBC,4,True,0.0,"2570,4588,29,23,24",X25519MLKEM768_x25519_secp256r1_secp384r1,8,False,,"1027,2052,1025,1283,2053,1281,2054,1537",ecdsa_secp256r1_sha256_rsa_pss_rsae_sha256_rsa_pkcs1_sha256_ecdsa_secp384r1_sha384_rsa_pss_rsae_sha384_rsa_pkcs1_sha384_rsa_pss_rsae_sha512_rsa_pkcs1_sha512,True,t13d1516h2,8daaf6152771,d8a2da3f94cd,t,13,d,15,16,h2,"1:65536;2:0;4:6291456;6:262144|15663105|1:1:0:256,3:1:0:220,5:1:0:256,7:1:5:110,9:1:7:110,11:1:9:110,13:1:0:256,15:1:13:110,17:1:15:110,19:1:17:110,21:1:0:256,23:1:21:110,25:1:23:110,27:1:25:110,29:1:0:256,31:1:29:110,33:1:31:110,35:1:33:110,37:1:0:110,39:1:0:256,41:1:0:110,43:1:41:110,45:1:0:256,47:1:45:110,49:1:47:110|m,a,s,p",1:65536;2:0;4:6291456;6:262144,15663105.0,"1:1:0:256,3:1:0:220,5:1:0:256,7:1:5:110,9:1:7:110,11:1:9:110,13:1:0:256,15:1:13:110,17:1:15:110,19:1:17:110,21:1:0:256,23:1:21:110,25:1:23:110,27:1:25:110,29:1:0:256,31:1:29:110,33:1:31:110,35:1:33:110,37:1:0:110,39:1:0:256,41:1:0:110,43:1:41:110,45:1:0:256,47:1:45:110,49:1:47:110","m,a,s,p",25.0,65536.0,0.0,,6291456.0,,262144.0,":method,:authority,:scheme,:path"
trial-030,708cb5b8-6322-480b-b1d8-09b10d3264da,2026-05-02 20:45:42.333194566+00:00,205.172.168.145,POST,/collect,HTTP/2.0,0.219,TLS 1.3,h2,TLS_AES_128_GCM_SHA256,uxbehaviorsuite.com,True,dfdc2352a0e288d72e88a531f7a200f8,t13d1516h2_8daaf6152771_d8a2da3f94cd,"h2,http/1.1",h2,2,True,True,0.0,h2_first,"2570,772,771","TLS 1.3,TLS 1.2",2,True,True,True,False,0.0,TLS1.3+TLS1.2,True,15,True,0.0,"2570,4865,4866,4867,49195,49199,49196,49200,52393,52392,49171,49172,156,157,47,53",TLS_AES_128_GCM_SHA256_TLS_AES_256_GCM_SHA384_TLS_CHACHA20_POLY1305_SHA256_ECDHE-ECDSA-AES128-GCM_ECDHE-RSA-AES128-GCM_ECDHE-ECDSA-AES256-GCM_ECDHE-RSA-AES256-GCM_ECDHE-ECDSA-CHACHA20_ECDHE-RSA-CHACHA20_ECDHE-RSA-AES128-CBC_ECDHE-RSA-AES256-CBC_RSA-AES128-GCM_RSA-AES256-GCM_RSA-AES128-CBC_RSA-AES256-CBC,4,True,0.0,"2570,4588,29,23,24",X25519MLKEM768_x25519_secp256r1_secp384r1,8,False,,"1027,2052,1025,1283,2053,1281,2054,1537",ecdsa_secp256r1_sha256_rsa_pss_rsae_sha256_rsa_pkcs1_sha256_ecdsa_secp384r1_sha384_rsa_pss_rsae_sha384_rsa_pkcs1_sha384_rsa_pss_rsae_sha512_rsa_pkcs1_sha512,True,t13d1516h2,8daaf6152771,d8a2da3f94cd,t,13,d,15,16,h2,"1:65536;2:0;4:6291456;6:262144|15663105|1:1:0:256,3:1:0:220,5:1:0:256,7:1:5:110,9:1:7:110,11:1:9:110,13:1:0:256,15:1:13:110,17:1:15:110,19:1:17:110,21:1:0:256,23:1:21:110,25:1:23:110,27:1:25:110,29:1:0:256,31:1:29:110,33:1:31:110,35:1:33:110,37:1:0:110,39:1:0:256,41:1:0:110,43:1:41:110,45:1:0:256,47:1:45:110,49:1:47:110,51:1:49:110|m,a,s,p",1:65536;2:0;4:6291456;6:262144,15663105.0,"1:1:0:256,3:1:0:220,5:1:0:256,7:1:5:110,9:1:7:110,11:1:9:110,13:1:0:256,15:1:13:110,17:1:15:110,19:1:17:110,21:1:0:256,23:1:21:110,25:1:23:110,27:1:25:110,29:1:0:256,31:1:29:110,33:1:31:110,35:1:33:110,37:1:0:110,39:1:0:256,41:1:0:110,43:1:41:110,45:1:0:256,47:1:45:110,49:1:47:110,51:1:49:110","m,a,s,p",26.0,65536.0,0.0,,6291456.0,,262144.0,":method,:authority,:scheme,:path"
