agent_label,req_rate_hz,iri_median_ms,iri_std_ms,page_dwell_mean_s,page_dwell_std_s,iri_page_to_subres_ms,subresource_burst_ms,req_rate_hz_median,req_rate_hz_cv
0,0.0195840757013829,4.121,31435.6247644336,68.0825255,15.990470955664684,37.399,620.7629999999999,0.0216750119791353,5.414096322171311
0,0.0326562693763933,874.743,25939.89707165254,76.5549785,19.141941018619207,21149.229333333333,47830.432,0.0216750119791353,5.414096322171311
0,0.0743469880994263,1215.6045,27518.25689379548,69.49396066666667,22.79490836377092,66844.63650000001,18245.791666666668,0.0216750119791353,5.414096322171311
0,0.0298596146633449,46206.428,30841.87292970957,66.9801008,16.449986093099977,107210.318,381.818,0.0216750119791353,5.414096322171311
0,0.0230049654914398,49183.7585,30649.40504818976,68.56972379999999,5.219655992221254,85833.26266666666,620.7629999999999,0.0216750119791353,5.414096322171311
0,0.020612925865947,57325.098,32422.902765761955,64.68433166666667,14.06216690980574,41.292,620.7629999999999,0.0216750119791353,5.414096322171311
0,0.0505481123483524,1212.966,26432.163217750407,76.36616266666665,10.95812329752586,49344.64771428572,9893.596,0.0216750119791353,5.414096322171311
0,0.0286098095164365,29418.78,28115.986689141548,66.61894516666666,15.944253686836747,66533.35542857142,20.198,0.0216750119791353,5.414096322171311
0,0.0213647580437813,64333.819,32918.2931359754,62.40807083333334,11.573060999593764,47.569,620.7629999999999,0.0216750119791353,5.414096322171311
0,0.0341247711123633,22130.636,30081.2605975296,82.0518324,27.721131842372515,25298.5444,87266.906,0.0216750119791353,5.414096322171311
0,0.0176350131314842,69458.9945,37220.20038727765,79.38752240000001,20.51632021418804,35.299,620.7629999999999,0.0216750119791353,5.414096322171311
0,0.0219852659144894,68272.937,41718.17279522003,83.38918166666666,13.276671504270556,95284.7904,215.597,0.0216750119791353,5.414096322171311
0,0.0198730725141746,66016.531,41728.58326688305,83.86557566666666,15.84552281069998,55585.571,84786.156,0.0216750119791353,5.414096322171311
0,0.0224327010276498,56829.907,24684.685213423614,59.43703933333334,11.26248722500872,35.024,620.7629999999999,0.0216750119791353,5.414096322171311
0,62.96436217101121,31.764,7651.203147998478,0.0,0.0,31.764,620.7629999999999,0.0216750119791353,5.414096322171311
0,0.0136011462913105,71539.4115,57686.43378130559,110.28482216666669,23.548699212762703,92734.47633333334,620.7629999999999,0.0216750119791353,5.414096322171311
0,0.0205108063633227,62008.068,31154.97276520011,73.13218083333334,11.11350050182619,177944.191,620.7629999999999,0.0216750119791353,5.414096322171311
0,0.0197842316364944,71995.59000000001,36709.51693864175,80.8724862,13.980845801066172,32.443,71995.59,0.0216750119791353,5.414096322171311
0,0.0228977736611447,50158.299,37213.41154578128,72.78728016666666,13.139572279209691,51207.838,1851.419,0.0216750119791353,5.414096322171311
0,0.0256676542417844,54175.351,40577.38505935545,77.91907983333333,14.067444688406397,175044.83333333334,3145.356,0.0216750119791353,5.414096322171311
0,0.0267698889193051,51847.595,35414.07253855486,74.71080683333334,20.04154637478401,80929.743,11249.818,0.0216750119791353,5.414096322171311
0,0.0078308016187052,46724.522,261306.25379834496,276.68516866666664,491.1196797280819,508816.9035,10199.1295,0.0216750119791353,5.414096322171311
0,0.0140350289396121,103727.024,57740.60343544939,118.75049733333334,25.606716608061483,225155.3736,3040.756,0.0216750119791353,5.414096322171311
0,0.017903666092975,69327.401,29491.97358613353,74.47264299999999,9.71653259341965,32.381,620.7629999999999,0.0216750119791353,5.414096322171311
0,0.0140149499900802,101493.2675,51926.449892721335,107.028566,28.05248635476851,30.761,10728.515,0.0216750119791353,5.414096322171311
0,0.0273319619703627,41710.04,32723.153543523673,58.5395224,22.468333220784444,20245.015333333333,620.7629999999999,0.0216750119791353,5.414096322171311
0,0.0254973345134307,43048.443,25649.096066363218,52.29304783333333,17.93470701952365,31.686,620.7629999999999,0.0216750119791353,5.414096322171311
0,0.0196500358311853,64283.9805,29735.090919335067,76.33573866666666,20.122348694595985,43193.94766666667,620.7629999999999,0.0216750119791353,5.414096322171311
0,0.0201767098257495,37299.227,45016.78706845278,90.86384,15.0932000301253,197393.0645,12002.427,0.0216750119791353,5.414096322171311
0,0.0171508788539096,61184.209,40039.29984350172,77.74140000000001,17.86301660729944,30.887,620.7629999999999,0.0216750119791353,5.414096322171311
1,0.0964666096221602,151.0645,6441.181840901382,19.004848833333337,2.8710532985999,57.469,13446.642,0.0560801989128346,0.9253304433967846
1,0.0751817593038214,436.683,20782.493131605508,33.694162166666665,28.449177231433495,21927.195333333333,6054.249000000001,0.0560801989128346,0.9253304433967846
1,0.0595630403736884,10787.008999999998,23106.173289815295,25.18340216666667,22.302510869320074,55.032,183.929,0.0560801989128346,0.9253304433967846
1,0.1053144712930947,33.8285,3119.0213363717035,14.243056833333334,10.030281584903616,136.275,125.171,0.0560801989128346,0.9253304433967846
1,0.0332076118975036,122.109,37534.38200688781,45.1703665,35.63025983007235,50.686,193.532,0.0560801989128346,0.9253304433967846
1,0.0658892230321735,121.985,18035.036820677986,22.894986000000003,15.95947715259729,51010.84,121.985,0.0560801989128346,0.9253304433967846
1,0.0203679340526168,18887.4755,52030.16057545891,102.85087533333332,93.47487808395294,134555.98085714286,60229.005,0.0560801989128346,0.9253304433967846
1,0.0600655539438261,31.2335,8510.287574059332,24.97271566666667,14.697492554921382,48.943,189.923,0.0560801989128346,0.9253304433967846
1,0.038016140145132,197.063,37790.74641165809,52.60923366666666,50.52237213683662,1836.6015,30537.421,0.0560801989128346,0.9253304433967846
1,0.048327428768632,124.53,14150.15028144916,31.0382745,39.70315145006106,47.661,201.399,0.0560801989128346,0.9253304433967846
1,0.3545195095944136,72.237,11549.598816162865,34.28835166666667,30.234373727713713,64037.18814285715,16115.23,0.0560801989128346,0.9253304433967846
1,0.0341664891179751,14753.7175,56000.20979782574,43.902667166666674,60.495624378324834,54.17,167.525,0.0560801989128346,0.9253304433967846
1,0.0336884519142323,18696.836,32587.736838074816,59.36752466666667,64.10632377073924,97726.17875,620.7629999999999,0.0560801989128346,0.9253304433967846
1,0.064102543556877,17716.808,14849.786342247126,26.00000833333333,14.581154447435893,52.273,6946.8589999999995,0.0560801989128346,0.9253304433967846
1,0.0741498863826007,18335.0205,9578.67419075697,20.229296,2.844314539925428,114.226,115.382,0.0560801989128346,0.9253304433967846
1,0.0259968294324594,16504.2035,58438.01028575428,57.69934383333334,59.25504918593493,108.937,128.341,0.0560801989128346,0.9253304433967846
1,0.0372147817261875,19498.735,26296.02165274044,40.3065645,31.660468478106356,56.869,173.747,0.0560801989128346,0.9253304433967846
1,0.053323209665237,16824.6665,24228.14630699611,28.130339666666668,24.231843678850357,108.517,115.114,0.0560801989128346,0.9253304433967846
1,0.0357345403921089,20957.8865,35744.21216863374,41.976194,33.5424790189632,112.45,261.495,0.0560801989128346,0.9253304433967846
1,0.0150148896654856,27361.856,101612.87933722616,110.547904,108.24519769886544,53.562,190.079,0.0560801989128346,0.9253304433967846
1,0.0814598141765872,17967.796499999997,8639.366566426695,18.4139875,2.1067299177628582,96.876,130.95100000000002,0.0560801989128346,0.9253304433967846
1,0.0828998614715681,13570.0485,9351.172295509525,18.0941195,3.6988973931770937,117.343,109.107,0.0560801989128346,0.9253304433967846
1,0.0658289166579803,13520.0735,19163.444895930923,22.786338833333332,19.07357814835285,52.818,176.18200000000002,0.0560801989128346,0.9253304433967846
1,0.031148204531141,22867.76,41390.09608223775,48.156868833333334,38.872915009328985,106.345,175.38500000000002,0.0560801989128346,0.9253304433967846
1,0.0453339363485642,18087.027,31681.376452993823,33.08779516666667,31.169574632524053,109.25,121.497,0.0560801989128346,0.9253304433967846
1,0.0239545105951794,16757.313,67688.5196868349,69.57631883333333,78.61629669995179,84182.71300000002,134.776,0.0560801989128346,0.9253304433967846
1,0.0741611459736249,12713.987,18066.33294167172,20.226224666666667,18.323018728672498,56.254,188.61,0.0560801989128346,0.9253304433967846
1,0.0555017814212526,11120.908,24648.531524417,29.227263833333335,24.414102867593652,80705.556,171.483,0.0560801989128346,0.9253304433967846
1,0.0566586164044165,16998.165,26353.533774609597,32.22341733333334,28.306312668161816,54557.108571428565,115.132,0.0560801989128346,0.9253304433967846
1,0.0825942630428684,16954.27,9141.763518200753,18.161067666666668,1.596340315916711,117.599,112.972,0.0560801989128346,0.9253304433967846
2,0.0908523474236466,13936.495,6293.34729779545,14.675826999999998,3.3005964695280756,30.433000000000003,620.7629999999999,0.0982373247983834,0.0855151565918412
2,0.0912523782080743,14231.527,6756.602545265839,14.611491333333332,4.308524176553715,44.267,620.7629999999999,0.0982373247983834,0.0855151565918412
2,0.1007505919097274,13667.2555,6137.065588724967,14.174816333333332,2.8119188687114476,31461.871285714293,620.7629999999999,0.0982373247983834,0.0855151565918412
2,0.097220955986785,13628.383,5640.2989428256205,13.714464333333332,2.498161327841952,31.533,620.7629999999999,0.0982373247983834,0.0855151565918412
2,0.094113768464342,14878.13,5746.678745160518,14.1672505,2.3894045318029975,63.025,620.7629999999999,0.0982373247983834,0.0855151565918412
2,0.1002620687551397,13743.68,5573.2770695341915,13.298482166666668,2.6898219020855945,33.02,620.7629999999999,0.0982373247983834,0.0855151565918412
2,0.1080823845005969,12918.115,5301.6678566328765,12.336268666666667,2.8044943053131464,29.766,620.7629999999999,0.0982373247983834,0.0855151565918412
2,0.0907934685221598,14204.147,6248.363968018448,14.685344166666669,3.1929628742705054,32.141000000000005,620.7629999999999,0.0982373247983834,0.0855151565918412
2,0.1069535404634418,12804.63,5372.810842594429,14.024781166666669,2.298456077899546,19445.15475,620.7629999999999,0.0982373247983834,0.0855151565918412
2,0.0904461055173209,14217.123,6232.620768097448,14.741744,3.1059243031471975,32.715,620.7629999999999,0.0982373247983834,0.0855151565918412
2,0.0933582480045753,13457.025,7300.643793030536,14.281901833333334,3.045511011067102,366.622,620.7629999999999,0.0982373247983834,0.0855151565918412
2,0.1020794281306277,14134.267,5611.521792248775,13.06172416666667,2.970720792812102,32.536,620.7629999999999,0.0982373247983834,0.0855151565918412
2,0.0948292221131646,14338.766,5978.48870534613,14.0603635,3.0486331717781163,33.717,620.7629999999999,0.0982373247983834,0.0855151565918412
2,0.1052100016181298,12510.0745,6772.967937359008,14.257199666666668,3.8935586934564466,6296.894,620.7629999999999,0.0982373247983834,0.0855151565918412
2,0.0981993757392034,13215.711,5681.349559960146,13.577818833333334,2.716662255953097,31.418000000000003,620.7629999999999,0.0982373247983834,0.0855151565918412
2,0.0748142747319509,17996.056,7792.896686851061,17.821910833333334,4.528256833805408,198.342,620.7629999999999,0.0982373247983834,0.0855151565918412
2,0.1051812493807454,12593.346,5690.774214247666,12.676530666666666,3.402258038847534,31.525,620.7629999999999,0.0982373247983834,0.0855151565918412
2,0.0982752738575634,12448.548,6645.884690234,13.567332666666667,2.597447616820148,42.07,620.7629999999999,0.0982373247983834,0.0855151565918412
2,0.1051633219253038,13667.424,5306.712539958313,12.678691666666666,2.578968448613489,53.365,620.7629999999999,0.0982373247983834,0.0855151565918412
2,0.0993637688200567,13114.868,5304.754197488096,13.418707333333332,2.2378434878284645,341.13100000000003,620.7629999999999,0.0982373247983834,0.0855151565918412
2,0.1030969439923675,12356.322,6192.658325186245,14.549412833333337,2.866164398726452,10244.910333333331,620.7629999999999,0.0982373247983834,0.0855151565918412
2,0.0979614647761491,12974.147,5472.421577307092,13.610794166666668,2.121299975384568,40.739,620.7629999999999,0.0982373247983834,0.0855151565918412
2,0.1141837436352982,9441.222,5158.511604787739,14.596356833333331,2.847231149474058,16940.555750000003,7572.931,0.0982373247983834,0.0855151565918412
2,0.0946155407492221,13774.688,5761.864989351492,14.092117666666669,2.5100914064115405,45.028,620.7629999999999,0.0982373247983834,0.0855151565918412
2,0.1218951893478426,13387.382,6643.667383704068,11.719670285714283,4.980397124450008,27714.13871428572,620.7629999999999,0.0982373247983834,0.0855151565918412
2,0.1061036101753362,13356.777,5247.403813795428,12.566333333333334,2.4915203094484033,29.947000000000003,620.7629999999999,0.0982373247983834,0.0855151565918412
2,0.0980059321030583,14514.213,5700.845835408891,13.604618666666669,2.773600203720476,54.297,620.7629999999999,0.0982373247983834,0.0855151565918412
2,0.1010889235666017,13188.496,5469.920838483998,13.1897075,2.5143196001409804,28.015,620.7629999999999,0.0982373247983834,0.0855151565918412
2,0.0978115234054294,14244.733,7172.440090477315,13.631659,2.709480590716826,28.595,620.7629999999999,0.0982373247983834,0.0855151565918412
2,0.0932096404121208,14339.061,5646.55836558134,14.304671999999998,1.8668171735403547,31.306,620.7629999999999,0.0982373247983834,0.0855151565918412
3,0.1006137618340788,12435.576,8566.780942091515,14.908497333333337,6.349102967672352,18035.5045,620.7629999999999,0.0909340442223229,0.2594338413197614
3,0.0688195592619935,13877.999000000002,13406.0897059459,19.374337,12.32031907506438,33.829,620.7629999999999,0.0909340442223229,0.2594338413197614
3,0.069446457105655,11446.4515,15060.542693909154,21.599374,20.680557884731197,28.737,620.7629999999999,0.0909340442223229,0.2594338413197614
3,0.1214561745130897,9327.683,4585.315399800749,10.977896666666666,2.188418161775273,30.643,620.7629999999999,0.0909340442223229,0.2594338413197614
3,0.1224320321251857,8895.774,4679.804167536837,10.890396166666669,2.4803583651393133,29.432,620.7629999999999,0.0909340442223229,0.2594338413197614
3,0.0737495705009388,13414.758000000002,11638.015942065747,18.07920133333333,10.411134974477076,181.802,620.7629999999999,0.0909340442223229,0.2594338413197614
3,0.0634235303406396,13518.929,12356.747436900236,21.022691833333333,10.383058530093576,31.561,620.7629999999999,0.0909340442223229,0.2594338413197614
3,0.101861209289401,13025.554,6659.870699677409,13.0897065,4.916377572377237,35.659000000000006,620.7629999999999,0.0909340442223229,0.2594338413197614
3,0.0829421926405205,9347.919,13179.567637700244,16.075453166666666,12.824750340364766,33.702000000000005,620.7629999999999,0.0909340442223229,0.2594338413197614
3,0.0914880616713704,13089.636,7475.217827161691,14.5738505,5.563855891342397,30.749,620.7629999999999,0.0909340442223229,0.2594338413197614
3,0.0862490414766681,12470.556,8833.646085548697,15.459108999999998,7.278050090127603,28.453,620.7629999999999,0.0909340442223229,0.2594338413197614
3,0.0903800267732753,8403.28,11994.916823945694,14.752522,11.642733405524751,30.926,620.7629999999999,0.0909340442223229,0.2594338413197614
3,0.0950229745360046,10266.579,7947.535271470557,14.031694333333334,6.5056789460794215,30.743,620.7629999999999,0.0909340442223229,0.2594338413197614
3,0.166159335138012,7767.826999999999,5051.459434870863,10.030532833333334,2.613622978822264,3168.276,234.57,0.0909340442223229,0.2594338413197614
3,0.081777552499803,11209.089,13217.438511116785,18.342441833333336,12.490175173329725,37637.2086,620.7629999999999,0.0909340442223229,0.2594338413197614
3,0.0817260826524886,9625.068,14579.75235036049,16.314661,13.344108268598587,29.674,620.7629999999999,0.0909340442223229,0.2594338413197614
3,0.0861550230579703,12296.598,12151.507145243404,19.344973833333334,12.261559445316369,203.793,12296.598,0.0909340442223229,0.2594338413197614
3,0.1154368155796296,8248.487000000001,6048.765255536661,11.550330166666669,4.610088530011693,33.765,620.7629999999999,0.0909340442223229,0.2594338413197614
3,0.0608676531791555,12946.868,16832.582619644734,21.90545,16.070227179675886,30.978,620.7629999999999,0.0909340442223229,0.2594338413197614
3,0.1393062974752597,8345.168,4101.083384346036,9.571235166666666,2.1626608924945603,31.751,620.7629999999999,0.0909340442223229,0.2594338413197614
3,0.0677515467783991,12492.536,14495.29927763728,19.6797475,13.645632262625265,34.833000000000006,620.7629999999999,0.0909340442223229,0.2594338413197614
3,0.0970985508660286,12537.645,7798.783632438264,13.731753166666666,6.399514381791338,33.07,620.7629999999999,0.0909340442223229,0.2594338413197614
3,0.1009348968653532,9229.143,8400.255975166381,13.209835,7.422066708688679,30.905,620.7629999999999,0.0909340442223229,0.2594338413197614
3,0.1373832684420637,8634.383,4099.483370545651,9.705209000000002,2.053772517765295,32.298,620.7629999999999,0.0909340442223229,0.2594338413197614
3,0.1178114473731257,9096.014,5010.899670902744,11.317519333333337,2.8955734354081692,32.527,620.7629999999999,0.0909340442223229,0.2594338413197614
3,0.0928381552439632,10237.5895,8418.419115664998,16.157149999999998,11.610353764894317,10914.552500000002,620.7629999999999,0.0909340442223229,0.2594338413197614
3,0.0738486844701506,11822.31,13987.154654140848,18.054936833333333,13.388859453941867,34.8,620.7629999999999,0.0909340442223229,0.2594338413197614
3,0.0977564623070266,12477.265,7765.769408445705,13.639337,6.37943579601698,33.278,620.7629999999999,0.0909340442223229,0.2594338413197614
3,0.087774699287446,12708.041,7651.203147998478,15.190406166666667,5.5678011143249515,36.284,620.7629999999999,0.0909340442223229,0.2594338413197614
3,0.0757372809713599,12362.3145,14853.357560213395,19.805305666666666,14.0678997348319,599.382,620.7629999999999,0.0909340442223229,0.2594338413197614
4,0.3794257883946172,3160.176,45.974145801743795,3.226212,6.615422218676651,109.25,620.7629999999999,0.378746023101457,0.0293058903295606
4,0.3664454679673526,3231.343,150.33036555766105,3.528127,6.615422218676651,109.25,620.7629999999999,0.378746023101457,0.0293058903295606
4,0.3197802981439631,3501.049,671.0065564465818,4.931204,6.615422218676651,109.25,620.7629999999999,0.378746023101457,0.0293058903295606
4,0.3790310425160383,3147.492,49.142235992066865,3.247715,6.615422218676651,109.25,620.7629999999999,0.378746023101457,0.0293058903295606
4,0.3787505058686444,3150.935,54.0329112883991,3.253639,6.615422218676651,109.25,620.7629999999999,0.378746023101457,0.0293058903295606
4,0.3790730930001499,3146.656,52.472613288266814,3.249341,6.615422218676651,109.25,620.7629999999999,0.378746023101457,0.0293058903295606
4,0.3813431426653636,3148.716,26.746477454050112,3.125028,6.615422218676651,109.25,620.7629999999999,0.378746023101457,0.0293058903295606
4,0.3798444650868808,3147.344,50.943905662993785,3.238008,6.615422218676651,109.25,620.7629999999999,0.378746023101457,0.0293058903295606
4,0.3824170260218215,3130.9049999999997,26.35397427903405,3.136002,6.615422218676651,109.25,620.7629999999999,0.378746023101457,0.0293058903295606
4,0.378823130384734,3142.772,61.11175246382636,3.267274,6.615422218676651,109.25,620.7629999999999,0.378746023101457,0.0293058903295606
4,0.377562896944459,3154.052,47.21644618456588,3.246776,6.615422218676651,109.25,620.7629999999999,0.378746023101457,0.0293058903295606
4,0.3774838674405002,3159.786,56.30879611304076,3.263719,6.615422218676651,109.25,620.7629999999999,0.378746023101457,0.0293058903295606
4,0.3792116909447471,3168.38,37.86604810777055,3.205679,6.615422218676651,109.25,620.7629999999999,0.378746023101457,0.0293058903295606
4,0.3784479923523229,3135.205,55.85274883745653,3.256172,6.615422218676651,109.25,620.7629999999999,0.378746023101457,0.0293058903295606
4,0.3791848019697892,3137.546,58.30280412810343,3.263214,6.615422218676651,109.25,620.7629999999999,0.378746023101457,0.0293058903295606
4,0.3788057668379794,3153.1259999999997,44.37650114982048,3.235069,6.615422218676651,109.25,620.7629999999999,0.378746023101457,0.0293058903295606
4,0.3809299846878844,3141.6110000000003,30.684694388245155,3.137473,6.615422218676651,109.25,620.7629999999999,0.378746023101457,0.0293058903295606
4,0.3779256642893883,3154.747,44.10992063357186,3.248498,6.615422218676651,109.25,620.7629999999999,0.378746023101457,0.0293058903295606
4,0.3777704266451052,3163.781,53.537551436351606,3.264769,6.615422218676651,109.25,620.7629999999999,0.378746023101457,0.0293058903295606
4,0.3779554938508215,3148.769,40.091708263679784,3.235946,6.615422218676651,109.25,620.7629999999999,0.378746023101457,0.0293058903295606
4,0.3780787424596921,3171.566,35.98380705956514,3.211761,6.615422218676651,109.25,620.7629999999999,0.378746023101457,0.0293058903295606
4,0.3768976324672686,3155.178,74.80646728258179,3.312249,6.615422218676651,109.25,620.7629999999999,0.378746023101457,0.0293058903295606
4,0.3787415403342697,3150.671,44.10419884546133,3.228439,6.615422218676651,109.25,620.7629999999999,0.378746023101457,0.0293058903295606
4,0.3785449313275331,3143.736,41.03134422243557,3.227457,6.615422218676651,109.25,620.7629999999999,0.378746023101457,0.0293058903295606
4,0.3779782084223498,3152.573,51.978382763414174,3.260338,6.615422218676651,109.25,620.7629999999999,0.378746023101457,0.0293058903295606
4,0.3788390842474352,3159.766,44.59358919956999,3.231208,6.615422218676651,109.25,620.7629999999999,0.378746023101457,0.0293058903295606
4,0.3784442685940076,3170.318,30.330265351625215,3.202462,6.615422218676651,109.25,620.7629999999999,0.378746023101457,0.0293058903295606
4,0.3794433288107904,3145.172,35.654333780060924,3.193907,6.615422218676651,109.25,620.7629999999999,0.378746023101457,0.0293058903295606
4,0.3780749544939533,3167.635,57.71030271277382,3.265039,6.615422218676651,109.25,620.7629999999999,0.378746023101457,0.0293058903295606
4,0.381627486032752,3136.07,24.648727600020333,3.128551,6.615422218676651,109.25,620.7629999999999,0.378746023101457,0.0293058903295606
5,0.0805618058089895,9596.714,15712.245224790297,16.715095,13.55023132315327,109.25,620.7629999999999,0.0822970325473133,4.897888534591901
5,0.115144746733948,10571.048,3049.4348356531086,10.4216652,3.0508130138914935,109.25,620.7629999999999,0.0822970325473133,4.897888534591901
5,0.2363276814701775,13.352,2692.96956643108,3.983219666666667,2.4089825027084495,109.25,620.7629999999999,0.0822970325473133,4.897888534591901
5,0.1095494676262864,8499.498000000001,5042.428808518892,13.682268,10.517976651631454,109.25,620.7629999999999,0.0822970325473133,4.897888534591901
5,0.0759571060600845,11.252,14507.940884868734,15.7983902,9.591216183074735,109.25,620.7629999999999,0.0822970325473133,4.897888534591901
5,43.62240446693422,41.887,7651.203147998478,0.045848,6.615422218676651,109.25,620.7629999999999,0.0822970325473133,4.897888534591901
5,0.0828684262694171,13676.922,9714.664666286311,25.226475499999996,19.349605902334172,35010.275428571425,20039.345,0.0822970325473133,4.897888534591901
5,0.309080774613292,2838.654,2107.4983084674113,4.923726833333334,1.241296000276069,11107.29975,620.7629999999999,0.0822970325473133,4.897888534591901
5,0.0,0.0,0.0,0.0,0.0,109.25,620.7629999999999,0.0822970325473133,4.897888534591901
5,0.0,0.0,0.0,0.0,0.0,109.25,620.7629999999999,0.0822970325473133,4.897888534591901
5,2.3297749903314338,858.452,7651.203147998478,0.0,0.0,109.25,620.7629999999999,0.0822970325473133,4.897888534591901
5,0.0,0.0,0.0,0.0,0.0,109.25,620.7629999999999,0.0822970325473133,4.897888534591901
5,0.0817256388252096,12351.354,12596.34901095686,18.039172833333335,10.238036078260292,109.25,620.7629999999999,0.0822970325473133,4.897888534591901
5,0.1655736049181983,9059.415,12487.010781007595,0.0,0.0,109.25,620.7629999999999,0.0822970325473133,4.897888534591901
5,0.0,0.0,0.0,0.0,0.0,109.25,620.7629999999999,0.0822970325473133,4.897888534591901
5,0.0,0.0,0.0,0.0,0.0,109.25,620.7629999999999,0.0822970325473133,4.897888534591901
5,0.2258402329406498,4417.902,3998.4959036478663,5.635520545454546,4.205241346407513,2738.545,460.715,0.0822970325473133,4.897888534591901
5,0.194437023881452,6620.786,3797.818062773066,7.20477925,3.221252835378441,109.25,620.7629999999999,0.0822970325473133,4.897888534591901
5,0.1798312168937473,4418.763,5262.212838062258,8.38981,4.696916181850173,109.25,620.7629999999999,0.0822970325473133,4.897888534591901
5,0.0836531089608234,13686.125,8639.932395314905,15.815863166666668,7.947630351596088,109.25,620.7629999999999,0.0822970325473133,4.897888534591901
5,0.1326992976974114,3715.147,12907.471031681562,6.1000515,1.9669367672592577,109.25,620.7629999999999,0.0822970325473133,4.897888534591901
5,0.0866009711699371,8562.342999999999,10756.197150068328,10.73991875,7.711898831870782,109.25,620.7629999999999,0.0822970325473133,4.897888534591901
5,0.0720100946054941,12121.029,14479.52927536864,21.572047666666663,13.804725132666045,109.25,620.7629999999999,0.0822970325473133,4.897888534591901
5,0.0487721263591176,8388.253,7651.203147998478,41.007029,6.615422218676651,109.25,620.7629999999999,0.0822970325473133,4.897888534591901
5,0.1253374541224444,1067.555,14732.856335625693,18.794507,18.25286705202554,1617.2953333333337,620.7629999999999,0.0822970325473133,4.897888534591901
5,0.0661095144677523,3880.814,28746.6943804192,43.34365083333333,39.526180221759766,29870.657333333333,6597.184,0.0822970325473133,4.897888534591901
5,0.0631122745274547,60.90599999999999,17967.98099293179,21.926169166666668,14.678544717014494,109.25,620.7629999999999,0.0822970325473133,4.897888534591901
5,0.0661261515042707,8855.822,13291.587703233668,18.706174166666667,12.43651892866512,109.25,620.7629999999999,0.0822970325473133,4.897888534591901
5,0.0268811955723552,13182.764,18640.89321542313,13.71516,6.615422218676651,109.25,620.7629999999999,0.0822970325473133,4.897888534591901
5,0.0740258883994918,48.617,15377.54550118118,18.457594333333336,12.734061100528733,109.25,620.7629999999999,0.0822970325473133,4.897888534591901
6,0.4750657297974587,1049.8529999999998,4468.096747901111,1.06891075,0.0231735886930934,109.25,620.7629999999999,0.468685504157334,0.0188997373244415
6,0.4757689958354155,1043.066,4465.956043407109,1.0601064999999998,0.0208686945526866,109.25,620.7629999999999,0.468685504157334,0.0188997373244415
6,0.4753951514210809,1045.031,4462.64107040455,1.06458125,0.0254031427370053,109.25,620.7629999999999,0.468685504157334,0.0188997373244415
6,0.4680083530130846,1039.033,4570.819386070271,1.0634705,0.0342870921339211,109.25,620.7629999999999,0.468685504157334,0.0188997373244415
6,0.4534271126401933,1037.9689999999998,4783.4956429734875,1.0597824999999998,0.0292225441340528,109.25,620.7629999999999,0.468685504157334,0.0188997373244415
6,0.452018440318282,1042.862,4800.26458499159,1.0634860000000002,0.0280967378533523,109.25,620.7629999999999,0.468685504157334,0.0188997373244415
6,0.4694960493961488,1061.393,4547.327766361507,1.06681425,0.0194304440054775,109.25,620.7629999999999,0.468685504157334,0.0188997373244415
6,0.4502310642100408,1040.471,4823.102746066666,1.0619117500000002,0.0293429414041946,109.25,620.7629999999999,0.468685504157334,0.0188997373244415
6,0.4458962081822512,1041.524,4894.56021409547,1.06176075,0.0291809958406152,109.25,620.7629999999999,0.468685504157334,0.0188997373244415
6,0.4649142305887412,1052.525,4608.894069625804,1.0664305,0.0256207378569262,109.25,620.7629999999999,0.468685504157334,0.0188997373244415
6,0.4751888459872558,1036.743,4485.650300362235,1.05876425,0.0271117839862423,109.25,620.7629999999999,0.468685504157334,0.0188997373244415
6,0.4690559949079281,1048.072,4551.059316237767,1.0679395,0.039044606836284,109.25,620.7629999999999,0.468685504157334,0.0188997373244415
6,0.4724972632072582,1042.823,4514.442908064247,1.0608265,0.0297690970135138,109.25,620.7629999999999,0.468685504157334,0.0188997373244415
6,0.4799880386980756,1043.7,4422.494644413479,1.0552405,0.0182716511660367,109.25,620.7629999999999,0.468685504157334,0.0188997373244415
6,0.469631981703138,1039.677,4564.586768267195,1.0564145,0.0218433494608007,109.25,620.7629999999999,0.468685504157334,0.0188997373244415
6,0.4719999037120196,1046.803,4521.753104488568,1.06161725,0.0223740760163037,109.25,620.7629999999999,0.468685504157334,0.0188997373244415
6,0.4567188654463976,1037.7099999999998,4737.3552266804045,1.0589452499999998,0.0306257156365366,109.25,620.7629999999999,0.468685504157334,0.0188997373244415
6,0.4633619691030239,1043.393,4636.749318837451,1.0627365,0.0266920905950308,109.25,620.7629999999999,0.468685504157334,0.0188997373244415
6,0.467870731995457,1039.197,4574.568265079938,1.063475,0.033284080068405,109.25,620.7629999999999,0.468685504157334,0.0188997373244415
6,0.4685847872543063,1038.243,4568.523415504271,1.0602695,0.0263730748744497,109.25,620.7629999999999,0.468685504157334,0.0188997373244415
6,0.455019942102125,1042.982,4750.43953154535,1.063278,0.0248766208450156,109.25,620.7629999999999,0.468685504157334,0.0188997373244415
6,0.4736788504761656,1043.721,4500.580765421863,1.06046325,0.027013428899654,109.25,620.7629999999999,0.468685504157334,0.0188997373244415
6,0.4773011388942138,1042.972,4448.436850527374,1.06198525,0.0289996636000603,109.25,620.7629999999999,0.468685504157334,0.0188997373244415
6,0.4743208895840852,1042.964,4492.552465800313,1.0606485,0.0236540802188544,109.25,620.7629999999999,0.468685504157334,0.0188997373244415
6,0.4700845811434737,1060.73,4535.251101993541,1.07018175,0.0272979558254825,109.25,620.7629999999999,0.468685504157334,0.0188997373244415
6,0.4630372418538436,1073.44,4621.984367219483,1.07183,0.0243329277728759,109.25,620.7629999999999,0.468685504157334,0.0188997373244415
6,0.4610686591748772,1043.569,4660.097648860871,1.06420525,0.0307811639196765,109.25,620.7629999999999,0.468685504157334,0.0188997373244415
6,0.4610467374603932,1038.424,4664.107547653422,1.0634487499999998,0.0374495146063336,109.25,620.7629999999999,0.468685504157334,0.0188997373244415
6,0.4687862210603616,1045.003,4566.065612598569,1.0612274999999998,0.0293936452826116,109.25,620.7629999999999,0.468685504157334,0.0188997373244415
6,0.4610816537569567,1042.889,4682.984053919706,1.0545025,0.0153922320127177,109.25,620.7629999999999,0.468685504157334,0.0188997373244415
7,0.0160676814446542,61184.209,35849.32666862573,74.6840796,18.13160618033875,109.25,620.7629999999999,0.0453001298809707,1.880191890779076
7,0.0255163792406873,28122.657,46057.48241718105,40.690835,21.757766795861347,233684.415,847.749,0.0453001298809707,1.880191890779076
7,0.0230658253631372,16781.32,78161.1849994066,54.192728,75.03247613433162,109.25,620.7629999999999,0.0453001298809707,1.880191890779076
7,0.0741498863826007,18335.0205,9578.67419075697,20.229296,2.844314539925428,114.226,115.382,0.0453001298809707,1.880191890779076
7,0.053323209665237,16824.6665,24228.14630699611,28.130339666666668,24.231843678850357,108.517,115.114,0.0453001298809707,1.880191890779076
7,0.0082730222428227,241716.893,7651.203147998478,241.749622,6.615422218676651,109.25,620.7629999999999,0.0453001298809707,1.880191890779076
7,0.0425011155383707,13570.0485,45328.52618452612,18.0941195,3.6988973931770937,164762.05214285714,65.7255,0.0453001298809707,1.880191890779076
7,0.091179561262491,121.497,12661.148602189409,21.934740333333338,2.755166755599619,109.25,121.497,0.0453001298809707,1.880191890779076
7,0.0741611459736249,12713.987,18066.33294167172,20.226224666666667,18.323018728672498,56.254,188.61,0.0453001298809707,1.880191890779076
7,0.0555152450389167,12435.576,32313.20317654587,28.306253,35.91784499016674,14434.7954,620.7629999999999,0.0453001298809707,1.880191890779076
7,0.0818663720859903,18322.5415,25337.690115113342,36.645083,6.615422218676651,406.089,620.7629999999999,0.0453001298809707,1.880191890779076
7,0.0353011695748162,41992.139,3695.576212145816,42.49151,3.735976050982125,109.25,620.7629999999999,0.0453001298809707,1.880191890779076
7,0.0367689113265859,32051.307,38183.14470175685,32.410856,6.615422218676651,359.54900000000004,620.7629999999999,0.0453001298809707,1.880191890779076
7,0.0719388423729536,1420.161,11437.16693814071,23.16782716666667,8.494763437241874,47668.2342,601.3969999999999,0.0453001298809707,1.880191890779076
7,0.1548132995939796,71.39699999999999,29567.249650888116,42.43536613333334,85.74104202242545,5828.4073,97823.58733333331,0.0453001298809707,1.880191890779076
7,0.0583673621539953,18727.975,6617.701180947452,20.559435200000003,6.615422218676651,109.25,620.7629999999999,0.0453001298809707,1.880191890779076
7,0.021652130448745,69247.841,70140.967841907,19.677982,6.615422218676651,128715.504,620.7629999999999,0.0453001298809707,1.880191890779076
7,0.0357345403921089,20957.8865,35744.21216863374,41.976194,33.5424790189632,112.45,261.495,0.0453001298809707,1.880191890779076
7,0.0654108795299486,22901.873,6307.368446553443,22.931965,6.309059845974041,109.25,620.7629999999999,0.0453001298809707,1.880191890779076
7,0.0447419249527764,14520.077,29350.12329221248,22.786338833333332,19.07357814835285,52.818,176.18200000000002,0.0453001298809707,1.880191890779076
7,0.0563817606507808,1419.4785,6859.341294300766,26.60434833333333,11.039768650983405,388.894,1287.579,0.0453001298809707,1.880191890779076
7,0.0312434877742769,9565.4505,36630.13011791855,58.67889483333334,30.63945534806983,22576.071,8477.646,0.0453001298809707,1.880191890779076
7,0.0271368001174401,37668.421,35440.53603824021,57.92588599999999,29.69369779114968,202166.18328571427,429.54349999999994,0.0453001298809707,1.880191890779076
7,0.0458583348091649,19076.5795,21109.036884483,32.70943016666667,17.647030693077944,115.082,872.482,0.0453001298809707,1.880191890779076
7,0.0680003155516865,988.39,19599.860743811463,52.9409308,33.84289288217943,23992.179666666663,41876.549499999994,0.0453001298809707,1.880191890779076
7,0.0213663559575931,47296.604,33771.332865073186,75.52359914285715,21.49405800202779,168726.275625,2145.824,0.0453001298809707,1.880191890779076
7,0.0656902813593579,15030.038,16234.56896864958,27.908745333333332,13.248949682684309,39122.5144,686.11,0.0453001298809707,1.880191890779076
7,0.8135481243023597,40.664,5807.892040515704,26.729069777777777,22.26452330052441,28562.0688,11964.0115,0.0453001298809707,1.880191890779076
7,0.0318450268702498,24873.112500000003,23653.61375781816,47.103116166666666,23.79460762055955,249.222,651.995,0.0453001298809707,1.880191890779076
7,0.039350702814642,1964.007,24275.71406604245,39.75722585714285,32.54545900049687,147.488,506.127,0.0453001298809707,1.880191890779076
8,34.95647918341665,8.657,47.26577107296803,0.0186154285714285,0.0333146963609012,52.332625,620.7629999999999,35.91056060694967,0.0442277957425584
8,33.60256112611347,0.8114999999999999,51.48552597942239,0.0136359999999999,0.0352061155956366,64.745125,620.7629999999999,35.91056060694967,0.0442277957425584
8,36.422393812166405,6.5745000000000005,46.05567087485897,0.0130594285714285,0.028213152771105,49.087,620.7629999999999,35.91056060694967,0.0442277957425584
8,35.963108389539315,7.797499999999999,47.41210806780619,0.0141397142857142,0.0300174012961053,49.742875,620.7629999999999,35.91056060694967,0.0442277957425584
8,38.215144314281346,10.964,46.26576531110474,0.0134579999999999,0.0256809480030105,33.314875,620.7629999999999,35.91056060694967,0.0442277957425584
8,37.05824882929623,5.128,48.18457148184354,0.0122794285714285,0.0279899904778901,43.024874999999994,620.7629999999999,35.91056060694967,0.0442277957425584
8,32.18293953118234,0.8035000000000001,52.530776776201506,0.0160821428571428,0.0416356143921225,65.249875,620.7629999999999,35.91056060694967,0.0442277957425584
8,37.941762843286725,8.899999999999999,44.37227478154449,0.0143035714285714,0.0257674568972644,44.0755,620.7629999999999,35.91056060694967,0.0442277957425584
8,33.408248800340154,8.968499999999999,46.70055438881023,0.0143704285714285,0.0294854805955809,68.91312500000001,620.7629999999999,35.91056060694967,0.0442277957425584
8,33.952503534146956,5.329,49.69568363505583,0.0136584285714285,0.0314684112979833,53.378,620.7629999999999,35.91056060694967,0.0442277957425584
8,34.87645807374152,13.4935,44.89520284309029,0.0143378571428571,0.0261364928687111,60.2455,620.7629999999999,35.91056060694967,0.0442277957425584
8,36.59895859326912,5.3345,46.89530248507483,0.0137531428571428,0.0317568644203032,51.336,620.7629999999999,35.91056060694967,0.0442277957425584
8,35.106308284450456,9.7245,45.78688267081644,0.0140025714285714,0.0285107045794916,56.93675,620.7629999999999,35.91056060694967,0.0442277957425584
8,36.498530104651245,9.6425,44.59287127333247,0.0138172857142857,0.0280856047214837,54.75475,620.7629999999999,35.91056060694967,0.0442277957425584
8,37.064741995700494,12.616,43.799026170807856,0.015839,0.0219253771157229,47.329625,620.7629999999999,35.91056060694967,0.0442277957425584
8,37.611080908273415,8.933499999999999,45.12826076627471,0.0129561428571428,0.0259057689934666,52.221625,620.7629999999999,35.91056060694967,0.0442277957425584
8,35.46842504070808,8.164000000000001,48.03839491316642,0.0132949999999999,0.0273632353959346,51.35575,620.7629999999999,35.91056060694967,0.0442277957425584
8,35.53028957186001,8.903500000000001,45.49893145570686,0.0173112857142857,0.0257765942456477,51.2095,620.7629999999999,35.91056060694967,0.0442277957425584
8,36.684275118723654,8.875,45.07133263123641,0.013345,0.0270773546713854,52.146125,620.7629999999999,35.91056060694967,0.0442277957425584
8,36.485939645622025,12.462000000000002,46.933425928412454,0.0138888571428571,0.0256345277859671,41.200875,620.7629999999999,35.91056060694967,0.0442277957425584
8,34.119741682537516,13.5255,44.4814699052688,0.0140492857142857,0.0216004021313978,65.59137500000001,620.7629999999999,35.91056060694967,0.0442277957425584
8,37.23966091596024,8.7315,46.31275684637129,0.0137148571428571,0.0279020354062122,46.63612500000001,620.7629999999999,35.91056060694967,0.0442277957425584
8,38.68825705884835,8.055,49.66562683743713,0.0115447142857142,0.0229656536499928,36.677375000000005,620.7629999999999,35.91056060694967,0.0442277957425584
8,34.94037900782029,8.094999999999999,47.66634365811304,0.0132711428571428,0.0273176700289304,55.439125,620.7629999999999,35.91056060694967,0.0442277957425584
8,34.997629705988096,4.991499999999999,48.378593730537936,0.0191647142857142,0.0340052130450331,51.32842857142858,620.7629999999999,35.91056060694967,0.0442277957425584
8,35.86835660972294,5.5975,48.34939984471828,0.0149367142857142,0.0345299730751622,43.494625,620.7629999999999,35.91056060694967,0.0442277957425584
8,34.61503362378494,13.872500000000002,43.671389325914,0.0211441428571428,0.0271160701026074,29.37385714285714,620.7629999999999,35.91056060694967,0.0442277957425584
8,35.95276460417641,5.1354999999999995,49.189286204868274,0.0143992857142857,0.0335100185403026,40.063625,620.7629999999999,35.91056060694967,0.0442277957425584
8,33.0519907814993,17.6535,46.329515675934566,0.019048,0.0311393943850336,81.962375,620.7629999999999,35.91056060694967,0.0442277957425584
8,35.99476439790576,17.387,45.546909457295904,0.0157278571428571,0.0262230868919518,46.9935,620.7629999999999,35.91056060694967,0.0442277957425584
9,0.019513193388369,59701.255000000005,30004.32754911833,68.32983750000001,17.27727867561856,402.712,620.7629999999999,0.0267408265606834,0.2860558998772827
9,0.0300448896536253,34283.4005,34021.67511270319,68.678095,17.270773363584652,105024.74,76282.809,0.0267408265606834,0.2860558998772827
9,0.0253056698897033,59402.4415,36916.4871128738,70.54517066666666,16.769820694349605,109739.63685714288,431.923,0.0267408265606834,0.2860558998772827
9,0.0186444190199154,62486.2665,56984.26961493331,122.1133518,66.64187489430141,126704.21083333332,147335.35133333332,0.0267408265606834,0.2860558998772827
9,0.0168193454900834,55306.193,63880.53989086941,60.538300666666665,9.76539829310635,172764.763,620.7629999999999,0.0267408265606834,0.2860558998772827
9,0.0263608340558162,41728.6505,29466.10178202784,82.19264466666665,17.815306597761076,50645.67216666666,53437.311,0.0267408265606834,0.2860558998772827
9,0.0373041636658575,13309.69,29247.876855180733,46.9116535,25.86491595442906,63503.878625,220.829,0.0267408265606834,0.2860558998772827
9,0.0237117719824788,66838.50099999999,41266.93092039889,72.267707,35.4201475776067,149995.91749999998,26175.524,0.0267408265606834,0.2860558998772827
9,0.0208513751214082,13856.221,79726.45983977,153.4599362,212.90089526773968,14497.167499999998,157000.38833333334,0.0267408265606834,0.2860558998772827
9,0.0252050752755726,10254.8465,33638.85832186601,76.669332625,15.576113425710735,85347.95788888888,33402.5,0.0267408265606834,0.2860558998772827
9,0.0327755467335655,33695.722,28186.919871706217,50.85091883333334,22.42311178549492,4553.711,26011.564,0.0267408265606834,0.2860558998772827
9,0.033400340539852,28630.474,26370.008689354858,49.89969083333333,19.180368471867443,119099.343,620.7629999999999,0.0267408265606834,0.2860558998772827
9,0.0258355056113512,42228.812000000005,26935.081565530923,58.05963400000001,23.025720311233187,18704.489,620.7629999999999,0.0267408265606834,0.2860558998772827
9,0.027327192790141,40662.698,25044.716137224736,48.791449,18.883035204325303,332.463,620.7629999999999,0.0267408265606834,0.2860558998772827
9,0.028666725046983,37234.68550000001,30297.865331769193,52.32547483333334,25.07258132015534,108180.3072,620.7629999999999,0.0267408265606834,0.2860558998772827
9,0.0236913234253415,46832.394,29001.37486549303,56.27939433333333,21.92572220700344,398.1509999999999,620.7629999999999,0.0267408265606834,0.2860558998772827
9,0.0263349509225804,44777.558999999994,25127.11244186748,50.629801333333326,18.213440785380172,457.76,620.7629999999999,0.0267408265606834,0.2860558998772827
9,0.0480212667366039,32874.7815,19485.54834589921,28.396509636363643,17.61761102956589,69332.68833333332,1007.217,0.0267408265606834,0.2860558998772827
9,0.0349049849658994,26219.739,29083.32466019293,54.356652,23.829061294542736,79994.8421,16405.0,0.0267408265606834,0.2860558998772827
9,0.0303615344651508,41710.239,24958.49543259358,54.89401955555555,37.2381002511379,110528.11611111111,307.756,0.0267408265606834,0.2860558998772827
9,0.0209173488454718,50286.515,32359.983202118285,63.742941,24.22310616672492,777.749,620.7629999999999,0.0267408265606834,0.2860558998772827
9,0.0290918834045314,39799.498,24095.03273138837,45.83179833333333,18.67829448310314,386.325,620.7629999999999,0.0267408265606834,0.2860558998772827
9,0.0272354785466952,42309.74,25141.7307771176,48.955752,18.971641768803064,365.609,620.7629999999999,0.0267408265606834,0.2860558998772827
9,0.0292015603868393,38407.155000000006,23234.432081920837,45.6596605,17.36020869404123,363.103,620.7629999999999,0.0267408265606834,0.2860558998772827
9,0.0257881293965295,44727.96000000001,25694.62411233295,51.70337533333333,18.747765855074995,861.8829999999999,620.7629999999999,0.0267408265606834,0.2860558998772827
9,0.0218561144426561,37867.30900000001,47202.07380576628,68.63068016666666,43.27043769725758,143827.48916666667,620.7629999999999,0.0267408265606834,0.2860558998772827
9,0.0271208190655506,39865.997,25514.01340899144,49.16272366666666,19.447901605308196,406.089,620.7629999999999,0.0267408265606834,0.2860558998772827
9,0.0255986020147319,43302.174499999994,20816.768964451425,47.745662888888894,15.437104134063606,350.98400000000004,620.7629999999999,0.0267408265606834,0.2860558998772827
9,0.0561881945972221,10779.3635,21530.08736866455,50.42577633333334,20.61064224929894,51327.2256,302.44550000000004,0.0267408265606834,0.2860558998772827
9,0.0320157376560021,39219.134,15087.9574997023,41.646185,4.479150977074588,160624.08233333332,620.7629999999999,0.0267408265606834,0.2860558998772827
